5.052009999999999934e+01
4.713709999999999667e+01
5.084429999999999694e+01
4.678549999999999898e+01
4.967410000000000281e+01
4.699210000000000065e+01
4.560020000000000095e+01
4.861469999999999914e+01
4.375249999999999773e+01
4.787919999999999732e+01
4.370210000000000150e+01
4.646159999999999712e+01
4.385070000000000334e+01
4.455060000000000286e+01
4.569299999999999784e+01
4.247030000000000172e+01
4.475900000000000034e+01
4.046439999999999770e+01
3.998490000000000322e+01
3.977439999999999998e+01
4.250950000000000273e+01
4.200130000000000052e+01
3.899119999999999919e+01
4.193059999999999832e+01
4.236160000000000281e+01
4.210479999999999734e+01
3.787510000000000332e+01
3.905169999999999675e+01
3.960629999999999740e+01
3.948629999999999995e+01
3.712149999999999750e+01
3.755369999999999919e+01
4.069590000000000174e+01
3.828459999999999752e+01
3.906839999999999691e+01
3.954679999999999751e+01
3.720739999999999981e+01
3.637380000000000280e+01
3.675280000000000058e+01
3.899779999999999802e+01
3.991859999999999786e+01
3.796289999999999765e+01
3.888960000000000150e+01
3.752400000000000091e+01
3.718169999999999931e+01
3.897359999999999758e+01
3.712709999999999866e+01
3.830519999999999925e+01
3.636659999999999826e+01
3.972919999999999874e+01
3.985620000000000118e+01
3.606029999999999802e+01
3.627129999999999654e+01
3.854509999999999792e+01
3.606029999999999802e+01
3.606029999999999802e+01
3.857399999999999807e+01
3.663589999999999947e+01
3.606029999999999802e+01
3.985620000000000118e+01
3.606029999999999802e+01
3.688170000000000215e+01
3.960260000000000247e+01
3.624799999999999756e+01
3.907359999999999900e+01
3.824900000000000233e+01
3.630669999999999931e+01
3.606029999999999802e+01
3.610090000000000288e+01
3.679509999999999792e+01
3.709170000000000300e+01
3.739189999999999969e+01
3.722610000000000241e+01
3.941550000000000153e+01
3.887839999999999918e+01
3.840599999999999881e+01
3.606029999999999802e+01
3.948680000000000234e+01
3.975540000000000163e+01
3.897560000000000002e+01
3.773590000000000089e+01
3.885240000000000293e+01
3.606029999999999802e+01
3.606029999999999802e+01
3.985620000000000118e+01
3.606029999999999802e+01
3.985620000000000118e+01
3.985620000000000118e+01
3.858500000000000085e+01
3.757009999999999650e+01
3.985620000000000118e+01
3.985620000000000118e+01
3.655400000000000205e+01
3.749839999999999662e+01
3.787039999999999651e+01
3.887669999999999959e+01
3.643209999999999837e+01
3.606029999999999802e+01
3.985620000000000118e+01
3.783769999999999811e+01
