5.268880000000000052e+01
5.011090000000000089e+01
4.646159999999999712e+01
4.529319999999999879e+01
4.535940000000000083e+01
4.694789999999999708e+01
4.360730000000000217e+01
4.264829999999999899e+01
4.380910000000000082e+01
4.115820000000000078e+01
4.406980000000000075e+01
4.120369999999999777e+01
4.104449999999999932e+01
4.145400000000000063e+01
4.238029999999999831e+01
4.110669999999999646e+01
4.131389999999999674e+01
3.805890000000000128e+01
3.650630000000000308e+01
3.761899999999999977e+01
3.572520000000000095e+01
3.595859999999999701e+01
3.657639999999999958e+01
3.746039999999999992e+01
3.443880000000000052e+01
3.456000000000000227e+01
3.500090000000000146e+01
3.726409999999999911e+01
3.696269999999999811e+01
3.685790000000000077e+01
3.370280000000000342e+01
3.307189999999999941e+01
3.643889999999999674e+01
3.605180000000000007e+01
3.444550000000000267e+01
3.576109999999999900e+01
3.316770000000000351e+01
3.513419999999999987e+01
3.623579999999999757e+01
3.416340000000000288e+01
3.511659999999999826e+01
3.623579999999999757e+01
3.278479999999999706e+01
3.335790000000000077e+01
3.313239999999999696e+01
3.576080000000000325e+01
3.430259999999999820e+01
3.623579999999999757e+01
3.349249999999999972e+01
3.278479999999999706e+01
3.355140000000000100e+01
3.320559999999999690e+01
3.365740000000000265e+01
3.515540000000000020e+01
3.298449999999999704e+01
3.278479999999999706e+01
3.623579999999999757e+01
3.541290000000000049e+01
3.407439999999999714e+01
3.406380000000000052e+01
3.278479999999999706e+01
3.440849999999999653e+01
3.388230000000000075e+01
3.554780000000000229e+01
3.623579999999999757e+01
3.602770000000000294e+01
3.555360000000000298e+01
3.433850000000000335e+01
3.458709999999999951e+01
3.458140000000000214e+01
3.501380000000000337e+01
3.617560000000000286e+01
3.575580000000000069e+01
3.473340000000000316e+01
3.557289999999999708e+01
3.558740000000000236e+01
3.623579999999999757e+01
3.623579999999999757e+01
3.463409999999999656e+01
3.280890000000000128e+01
3.333350000000000080e+01
3.440449999999999875e+01
3.526319999999999766e+01
3.499539999999999651e+01
3.343780000000000285e+01
3.444539999999999935e+01
3.313909999999999911e+01
3.412420000000000186e+01
3.278479999999999706e+01
3.278479999999999706e+01
3.604019999999999868e+01
3.303119999999999834e+01
3.583800000000000097e+01
3.452669999999999817e+01
3.623579999999999757e+01
3.383299999999999841e+01
3.278479999999999706e+01
3.623579999999999757e+01
3.278479999999999706e+01
3.345069999999999766e+01
