4.767079999999999984e+01
4.729140000000000299e+01
4.588210000000000122e+01
4.887279999999999802e+01
4.419270000000000209e+01
4.711160000000000281e+01
4.681810000000000116e+01
4.624980000000000047e+01
4.111209999999999809e+01
4.465720000000000312e+01
4.374900000000000233e+01
4.203929999999999723e+01
4.241499999999999915e+01
3.935210000000000008e+01
3.914150000000000063e+01
3.936610000000000298e+01
3.820940000000000225e+01
3.563419999999999987e+01
3.514970000000000283e+01
3.762369999999999948e+01
3.786119999999999663e+01
3.384539999999999793e+01
3.540910000000000224e+01
3.310009999999999764e+01
3.399230000000000018e+01
3.485990000000000322e+01
3.301800000000000068e+01
3.418730000000000047e+01
3.500549999999999784e+01
3.146049999999999969e+01
3.372469999999999857e+01
3.388080000000000069e+01
3.248499999999999943e+01
3.238759999999999906e+01
3.077730000000000032e+01
3.200269999999999726e+01
3.067790000000000106e+01
3.122729999999999961e+01
3.149409999999999954e+01
3.100309999999999988e+01
3.066550000000000153e+01
3.354789999999999850e+01
3.066550000000000153e+01
3.127850000000000108e+01
3.130610000000000070e+01
3.292629999999999768e+01
3.082999999999999829e+01
3.389339999999999975e+01
3.272460000000000235e+01
3.198310000000000031e+01
3.365109999999999957e+01
3.066550000000000153e+01
3.066550000000000153e+01
3.164130000000000109e+01
3.066550000000000153e+01
3.210580000000000211e+01
3.066550000000000153e+01
3.354039999999999822e+01
3.066550000000000153e+01
3.317410000000000281e+01
3.087190000000000012e+01
3.066550000000000153e+01
3.164920000000000044e+01
3.215520000000000067e+01
3.075069999999999837e+01
3.169689999999999941e+01
3.160589999999999833e+01
3.265899999999999892e+01
3.155000000000000071e+01
3.147250000000000014e+01
3.389339999999999975e+01
3.236679999999999779e+01
3.196940000000000026e+01
3.340030000000000143e+01
3.175130000000000052e+01
3.139039999999999964e+01
3.173649999999999949e+01
3.365919999999999845e+01
3.389339999999999975e+01
3.187430000000000163e+01
3.137770000000000081e+01
3.066550000000000153e+01
3.066550000000000153e+01
3.227929999999999922e+01
3.342170000000000130e+01
3.389339999999999975e+01
3.313660000000000139e+01
3.389339999999999975e+01
3.389339999999999975e+01
3.352900000000000347e+01
3.223210000000000264e+01
3.066550000000000153e+01
3.066550000000000153e+01
3.066550000000000153e+01
3.215559999999999974e+01
3.066550000000000153e+01
3.267390000000000327e+01
3.229780000000000229e+01
3.389339999999999975e+01
3.389339999999999975e+01
