4.767079999999999984e+01
5.026219999999999999e+01
4.794760000000000133e+01
4.535260000000000247e+01
4.657119999999999749e+01
4.495089999999999719e+01
4.776400000000000290e+01
4.254260000000000019e+01
4.629979999999999762e+01
4.464209999999999923e+01
4.185790000000000077e+01
4.382009999999999650e+01
3.948179999999999978e+01
4.030599999999999739e+01
3.839789999999999992e+01
4.162610000000000099e+01
3.972820000000000107e+01
3.834290000000000020e+01
4.031020000000000181e+01
3.964379999999999882e+01
3.668769999999999953e+01
3.894590000000000174e+01
3.653920000000000101e+01
3.596650000000000347e+01
3.550410000000000110e+01
3.638289999999999935e+01
3.600160000000000338e+01
3.506040000000000134e+01
3.597939999999999827e+01
3.282820000000000249e+01
3.444189999999999685e+01
3.242680000000000007e+01
3.485799999999999699e+01
3.217510000000000048e+01
3.469409999999999883e+01
3.204690000000000083e+01
3.511919999999999931e+01
3.345020000000000238e+01
3.395750000000000313e+01
3.345940000000000225e+01
3.330720000000000169e+01
3.301120000000000232e+01
3.303269999999999840e+01
3.494169999999999732e+01
3.337729999999999819e+01
3.494169999999999732e+01
3.406009999999999849e+01
3.161390000000000100e+01
3.291830000000000211e+01
3.392320000000000135e+01
3.213130000000000308e+01
3.494169999999999732e+01
3.362429999999999808e+01
3.494169999999999732e+01
3.365500000000000114e+01
3.161390000000000100e+01
3.494169999999999732e+01
3.280460000000000065e+01
3.416170000000000329e+01
3.382860000000000156e+01
3.494169999999999732e+01
3.161390000000000100e+01
3.494169999999999732e+01
3.314399999999999835e+01
3.296090000000000231e+01
3.283780000000000143e+01
3.348680000000000234e+01
3.445459999999999923e+01
3.494169999999999732e+01
3.337689999999999912e+01
3.161390000000000100e+01
3.445799999999999841e+01
3.494169999999999732e+01
3.301740000000000208e+01
3.494169999999999732e+01
3.384429999999999694e+01
3.207070000000000221e+01
3.327850000000000108e+01
3.481239999999999668e+01
3.161390000000000100e+01
3.494169999999999732e+01
3.161390000000000100e+01
3.427300000000000324e+01
3.349320000000000164e+01
3.330899999999999750e+01
3.494169999999999732e+01
3.161390000000000100e+01
3.353770000000000095e+01
3.432070000000000221e+01
3.235909999999999798e+01
3.414209999999999923e+01
3.296520000000000294e+01
3.330480000000000018e+01
3.345029999999999859e+01
3.249260000000000304e+01
3.305910000000000082e+01
3.480660000000000309e+01
3.292099999999999937e+01
3.329999999999999716e+01
3.425950000000000273e+01
