4.826630000000000109e+01
5.094709999999999894e+01
4.925650000000000261e+01
4.744729999999999848e+01
4.607139999999999702e+01
4.750350000000000250e+01
4.348360000000000269e+01
4.335660000000000025e+01
4.512789999999999679e+01
4.127340000000000231e+01
4.193149999999999977e+01
4.001820000000000022e+01
4.165809999999999746e+01
3.980980000000000274e+01
3.815999999999999659e+01
3.809080000000000155e+01
4.044830000000000325e+01
3.897469999999999857e+01
3.929099999999999682e+01
3.830250000000000199e+01
3.612330000000000041e+01
3.497740000000000293e+01
3.578359999999999985e+01
3.525269999999999726e+01
3.436659999999999826e+01
3.461330000000000240e+01
3.556309999999999860e+01
3.661849999999999739e+01
3.519729999999999848e+01
3.514939999999999998e+01
3.431099999999999994e+01
3.233979999999999677e+01
3.344290000000000163e+01
3.545239999999999725e+01
3.197710000000000008e+01
3.287060000000000315e+01
3.519729999999999848e+01
3.425500000000000256e+01
3.292289999999999850e+01
3.188050000000000139e+01
3.180120000000000147e+01
3.442490000000000094e+01
3.397800000000000153e+01
3.198479999999999990e+01
3.180120000000000147e+01
3.335419999999999874e+01
3.295380000000000109e+01
3.514869999999999806e+01
3.237559999999999860e+01
3.514869999999999806e+01
3.506040000000000134e+01
3.412049999999999983e+01
3.312689999999999912e+01
3.410640000000000072e+01
3.514869999999999806e+01
3.205960000000000321e+01
3.180120000000000147e+01
3.265059999999999718e+01
3.285320000000000107e+01
3.335640000000000072e+01
3.491069999999999851e+01
3.241290000000000049e+01
3.514869999999999806e+01
3.503580000000000183e+01
3.180120000000000147e+01
3.293070000000000164e+01
3.256810000000000116e+01
3.243019999999999925e+01
3.365990000000000038e+01
3.514869999999999806e+01
3.514820000000000277e+01
3.180120000000000147e+01
3.514869999999999806e+01
3.314990000000000236e+01
3.180120000000000147e+01
3.226769999999999783e+01
3.467909999999999826e+01
3.233529999999999660e+01
3.180120000000000147e+01
3.408910000000000196e+01
3.360490000000000066e+01
3.315339999999999776e+01
3.514869999999999806e+01
3.284579999999999700e+01
3.514869999999999806e+01
3.256300000000000239e+01
3.373969999999999914e+01
3.243449999999999989e+01
3.413409999999999656e+01
3.223810000000000286e+01
3.352450000000000330e+01
3.443990000000000151e+01
3.421880000000000166e+01
3.284230000000000160e+01
3.234539999999999793e+01
3.276910000000000167e+01
3.204160000000000252e+01
3.180120000000000147e+01
3.400260000000000105e+01
3.234329999999999927e+01
