5.134989999999999810e+01
5.018269999999999698e+01
4.639920000000000044e+01
4.623930000000000007e+01
4.874219999999999686e+01
4.836889999999999645e+01
4.868869999999999720e+01
4.759000000000000341e+01
4.749949999999999761e+01
4.693189999999999884e+01
4.348259999999999792e+01
4.443350000000000222e+01
4.532209999999999894e+01
4.273550000000000182e+01
4.369740000000000180e+01
4.049009999999999820e+01
3.932399999999999807e+01
4.261240000000000094e+01
4.021560000000000201e+01
4.224710000000000321e+01
3.788940000000000197e+01
3.987850000000000250e+01
3.726989999999999981e+01
4.087769999999999726e+01
3.775059999999999860e+01
3.798250000000000171e+01
4.003990000000000293e+01
3.741409999999999769e+01
3.957139999999999702e+01
3.920629999999999882e+01
3.825300000000000011e+01
3.605530000000000257e+01
3.736350000000000193e+01
3.871549999999999869e+01
3.535949999999999704e+01
3.560360000000000014e+01
3.608070000000000022e+01
3.835520000000000351e+01
3.555810000000000315e+01
3.806309999999999860e+01
3.462890000000000157e+01
3.827409999999999712e+01
3.552020000000000266e+01
3.718130000000000024e+01
3.741570000000000107e+01
3.827409999999999712e+01
3.527530000000000143e+01
3.462890000000000157e+01
3.462890000000000157e+01
3.827409999999999712e+01
3.799680000000000035e+01
3.462890000000000157e+01
3.544669999999999987e+01
3.462890000000000157e+01
3.468189999999999884e+01
3.462890000000000157e+01
3.749199999999999733e+01
3.580279999999999774e+01
3.827409999999999712e+01
3.827409999999999712e+01
3.756490000000000151e+01
3.462890000000000157e+01
3.524960000000000093e+01
3.476059999999999661e+01
3.556029999999999802e+01
3.552439999999999998e+01
3.467190000000000083e+01
3.710020000000000095e+01
3.535150000000000148e+01
3.462890000000000157e+01
3.570940000000000225e+01
3.670729999999999649e+01
3.827409999999999712e+01
3.462890000000000157e+01
3.613689999999999714e+01
3.486650000000000205e+01
3.621779999999999688e+01
3.623169999999999646e+01
3.827409999999999712e+01
3.738419999999999987e+01
3.710390000000000299e+01
3.588779999999999859e+01
3.628229999999999933e+01
3.462890000000000157e+01
3.462890000000000157e+01
3.700489999999999924e+01
3.462890000000000157e+01
3.793889999999999674e+01
3.782719999999999771e+01
3.651259999999999906e+01
3.462890000000000157e+01
3.608800000000000097e+01
3.480160000000000053e+01
3.827409999999999712e+01
3.670879999999999654e+01
3.605210000000000292e+01
3.682920000000000016e+01
3.682110000000000127e+01
3.748140000000000072e+01
3.462890000000000157e+01
