4.980060000000000286e+01
4.953419999999999845e+01
4.976209999999999667e+01
4.752539999999999765e+01
4.508950000000000102e+01
4.750880000000000081e+01
4.707410000000000139e+01
4.406369999999999720e+01
4.268200000000000216e+01
4.427159999999999940e+01
4.358919999999999817e+01
4.198859999999999815e+01
4.149320000000000164e+01
4.172099999999999653e+01
4.306680000000000064e+01
3.920159999999999911e+01
4.058809999999999718e+01
4.239670000000000272e+01
4.012030000000000030e+01
3.960860000000000269e+01
3.730619999999999692e+01
3.761019999999999897e+01
3.838389999999999702e+01
3.684109999999999729e+01
3.855169999999999675e+01
3.825110000000000099e+01
3.870900000000000318e+01
3.753549999999999898e+01
3.572240000000000038e+01
3.812819999999999965e+01
3.596929999999999694e+01
3.478220000000000312e+01
3.418750000000000000e+01
3.404419999999999646e+01
3.492779999999999774e+01
3.497030000000000172e+01
3.633330000000000126e+01
3.684400000000000119e+01
3.544500000000000028e+01
3.542600000000000193e+01
3.507909999999999684e+01
3.390590000000000259e+01
3.597169999999999845e+01
3.381790000000000163e+01
3.473899999999999721e+01
3.690740000000000265e+01
3.351050000000000040e+01
3.703170000000000073e+01
3.539070000000000249e+01
3.350489999999999924e+01
3.521849999999999881e+01
3.350489999999999924e+01
3.350489999999999924e+01
3.699329999999999785e+01
3.548910000000000053e+01
3.703170000000000073e+01
3.396410000000000196e+01
3.449439999999999884e+01
3.574549999999999983e+01
3.606719999999999970e+01
3.689719999999999800e+01
3.576630000000000109e+01
3.472090000000000032e+01
3.350489999999999924e+01
3.376720000000000255e+01
3.670539999999999736e+01
3.448029999999999973e+01
3.350489999999999924e+01
3.385739999999999839e+01
3.619760000000000133e+01
3.470219999999999771e+01
3.514249999999999829e+01
3.693460000000000321e+01
3.451939999999999742e+01
3.643280000000000030e+01
3.350489999999999924e+01
3.350489999999999924e+01
3.654419999999999646e+01
3.350489999999999924e+01
3.554270000000000351e+01
3.614750000000000085e+01
3.688960000000000150e+01
3.374399999999999977e+01
3.503810000000000002e+01
3.703170000000000073e+01
3.479140000000000299e+01
3.350489999999999924e+01
3.635179999999999723e+01
3.366790000000000305e+01
3.438150000000000261e+01
3.350489999999999924e+01
3.481880000000000308e+01
3.535130000000000194e+01
3.703170000000000073e+01
3.703170000000000073e+01
3.619319999999999737e+01
3.703170000000000073e+01
3.485710000000000264e+01
3.703170000000000073e+01
3.481969999999999743e+01
