5.268880000000000052e+01
4.972290000000000276e+01
5.021309999999999718e+01
4.553370000000000317e+01
4.739320000000000022e+01
4.884689999999999799e+01
4.355109999999999815e+01
4.696340000000000003e+01
4.231519999999999726e+01
4.611480000000000246e+01
4.547930000000000206e+01
4.386520000000000152e+01
4.358579999999999899e+01
3.997809999999999775e+01
4.312669999999999959e+01
4.038479999999999848e+01
4.086869999999999692e+01
3.760320000000000107e+01
3.949880000000000280e+01
3.674490000000000123e+01
3.740800000000000125e+01
3.919369999999999976e+01
3.892360000000000042e+01
3.638219999999999743e+01
3.545790000000000219e+01
3.822229999999999706e+01
3.587310000000000088e+01
3.537360000000000326e+01
3.728320000000000078e+01
3.358899999999999864e+01
3.325169999999999959e+01
3.651480000000000103e+01
3.629659999999999798e+01
3.401339999999999719e+01
3.591709999999999781e+01
3.260529999999999973e+01
3.398810000000000286e+01
3.236090000000000089e+01
3.299080000000000013e+01
3.193860000000000099e+01
3.239789999999999992e+01
3.381029999999999802e+01
3.180979999999999919e+01
3.514869999999999806e+01
3.210920000000000130e+01
3.215429999999999922e+01
3.481640000000000157e+01
3.219039999999999679e+01
3.514869999999999806e+01
3.381380000000000052e+01
3.514869999999999806e+01
3.514869999999999806e+01
3.514869999999999806e+01
3.402740000000000009e+01
3.495009999999999906e+01
3.180120000000000147e+01
3.284879999999999711e+01
3.514869999999999806e+01
3.180120000000000147e+01
3.267139999999999844e+01
3.429180000000000206e+01
3.446800000000000352e+01
3.289920000000000044e+01
3.256689999999999685e+01
3.180120000000000147e+01
3.514869999999999806e+01
3.475909999999999656e+01
3.502790000000000248e+01
3.444149999999999778e+01
3.304249999999999687e+01
3.514869999999999806e+01
3.473089999999999833e+01
3.514869999999999806e+01
3.234179999999999922e+01
3.436880000000000024e+01
3.473680000000000234e+01
3.180120000000000147e+01
3.351520000000000010e+01
3.180120000000000147e+01
3.351859999999999928e+01
3.369259999999999877e+01
3.416989999999999839e+01
3.289280000000000115e+01
3.514869999999999806e+01
3.407509999999999906e+01
3.185539999999999949e+01
3.395040000000000191e+01
3.514869999999999806e+01
3.512980000000000302e+01
3.246620000000000061e+01
3.410190000000000055e+01
3.180120000000000147e+01
3.514869999999999806e+01
3.190330000000000155e+01
3.514869999999999806e+01
3.180120000000000147e+01
3.514869999999999806e+01
3.229160000000000252e+01
3.499680000000000035e+01
3.397749999999999915e+01
