5.017710000000000292e+01
4.814410000000000167e+01
4.691989999999999839e+01
5.016279999999999717e+01
4.822299999999999898e+01
4.768370000000000175e+01
4.327349999999999852e+01
4.689639999999999986e+01
4.569489999999999696e+01
4.442880000000000251e+01
4.501480000000000103e+01
4.436460000000000292e+01
4.356770000000000209e+01
3.902080000000000126e+01
4.114050000000000296e+01
3.797939999999999827e+01
3.951050000000000040e+01
4.038000000000000256e+01
4.041040000000000276e+01
3.881280000000000285e+01
3.930740000000000123e+01
3.595340000000000202e+01
3.501709999999999923e+01
3.719239999999999924e+01
3.730199999999999960e+01
3.459879999999999711e+01
3.671849999999999881e+01
3.431260000000000332e+01
3.309020000000000294e+01
3.284909999999999997e+01
3.431589999999999918e+01
3.242479999999999762e+01
3.407300000000000040e+01
3.545430000000000348e+01
3.193299999999999983e+01
3.180770000000000053e+01
3.503860000000000241e+01
3.478070000000000306e+01
3.154729999999999990e+01
3.445879999999999654e+01
3.420389999999999731e+01
3.148250000000000171e+01
3.477219999999999800e+01
3.367530000000000001e+01
3.218919999999999959e+01
3.477219999999999800e+01
3.417960000000000065e+01
3.356940000000000168e+01
3.474309999999999832e+01
3.146049999999999969e+01
3.182300000000000040e+01
3.224880000000000280e+01
3.417349999999999710e+01
3.388179999999999836e+01
3.383080000000000354e+01
3.146049999999999969e+01
3.275710000000000122e+01
3.358820000000000050e+01
3.258599999999999852e+01
3.185960000000000036e+01
3.163830000000000098e+01
3.358129999999999882e+01
3.442690000000000339e+01
3.185399999999999920e+01
3.377759999999999962e+01
3.332860000000000156e+01
3.446350000000000335e+01
3.260969999999999658e+01
3.422350000000000136e+01
3.146049999999999969e+01
3.146049999999999969e+01
3.305299999999999727e+01
3.146049999999999969e+01
3.421500000000000341e+01
3.412480000000000047e+01
3.477219999999999800e+01
3.268030000000000257e+01
3.477219999999999800e+01
3.279079999999999728e+01
3.270920000000000272e+01
3.305310000000000059e+01
3.146049999999999969e+01
3.146049999999999969e+01
3.251689999999999969e+01
3.251989999999999981e+01
3.307739999999999725e+01
3.477219999999999800e+01
3.146509999999999962e+01
3.433259999999999934e+01
3.231450000000000244e+01
3.230519999999999925e+01
3.477219999999999800e+01
3.477219999999999800e+01
3.477219999999999800e+01
3.146049999999999969e+01
3.425930000000000319e+01
3.477219999999999800e+01
3.477219999999999800e+01
3.211690000000000111e+01
3.383489999999999753e+01
