4.998409999999999798e+01
4.942020000000000124e+01
5.108290000000000219e+01
5.051809999999999690e+01
4.569910000000000139e+01
4.840760000000000218e+01
4.455980000000000274e+01
4.675900000000000034e+01
4.356360000000000099e+01
4.427779999999999916e+01
4.165109999999999957e+01
4.489880000000000138e+01
4.490440000000000254e+01
4.093189999999999884e+01
4.199159999999999826e+01
4.227109999999999701e+01
3.876169999999999760e+01
4.217580000000000240e+01
4.025260000000000105e+01
3.752009999999999934e+01
3.713640000000000185e+01
3.834960000000000235e+01
3.921580000000000155e+01
3.607540000000000191e+01
3.903659999999999997e+01
3.706689999999999685e+01
3.619980000000000331e+01
3.550659999999999883e+01
3.460810000000000031e+01
3.725630000000000308e+01
3.601389999999999958e+01
3.390829999999999700e+01
3.462870000000000203e+01
3.577000000000000313e+01
3.531369999999999720e+01
3.485370000000000346e+01
3.460379999999999967e+01
3.434550000000000125e+01
3.625509999999999877e+01
3.385220000000000340e+01
3.592069999999999652e+01
3.347359999999999758e+01
3.592240000000000322e+01
3.246359999999999957e+01
3.262210000000000321e+01
3.448109999999999786e+01
3.279639999999999844e+01
3.510490000000000066e+01
3.504480000000000217e+01
3.491539999999999822e+01
3.256680000000000064e+01
3.353050000000000352e+01
3.465930000000000177e+01
3.417369999999999663e+01
3.425589999999999691e+01
3.393119999999999692e+01
3.286449999999999960e+01
3.243350000000000222e+01
3.243350000000000222e+01
3.498969999999999914e+01
3.549080000000000013e+01
3.465070000000000050e+01
3.584759999999999991e+01
3.560840000000000316e+01
3.584759999999999991e+01
3.584759999999999991e+01
3.293560000000000088e+01
3.243350000000000222e+01
3.339889999999999759e+01
3.470949999999999847e+01
3.243350000000000222e+01
3.343780000000000285e+01
3.503990000000000293e+01
3.479540000000000077e+01
3.584759999999999991e+01
3.584759999999999991e+01
3.315189999999999770e+01
3.243350000000000222e+01
3.243350000000000222e+01
3.360090000000000288e+01
3.584759999999999991e+01
3.439379999999999882e+01
3.584759999999999991e+01
3.356499999999999773e+01
3.584759999999999991e+01
3.491400000000000148e+01
3.243350000000000222e+01
3.348760000000000048e+01
3.277669999999999817e+01
3.584759999999999991e+01
3.243350000000000222e+01
3.385499999999999687e+01
3.275569999999999737e+01
3.365200000000000102e+01
3.584759999999999991e+01
3.292909999999999826e+01
3.407699999999999818e+01
3.578000000000000114e+01
3.557529999999999859e+01
3.560040000000000049e+01
