5.061670000000000158e+01
4.686740000000000350e+01
4.608489999999999753e+01
4.532319999999999993e+01
4.881609999999999872e+01
4.587789999999999679e+01
4.770700000000000074e+01
4.626429999999999865e+01
4.449119999999999919e+01
4.308370000000000033e+01
4.057589999999999719e+01
4.006300000000000239e+01
3.964220000000000255e+01
4.083659999999999712e+01
4.022820000000000107e+01
4.045589999999999975e+01
3.857529999999999859e+01
4.073020000000000351e+01
4.023429999999999751e+01
3.976149999999999807e+01
3.819319999999999737e+01
3.558659999999999712e+01
3.720009999999999906e+01
3.644789999999999708e+01
3.722740000000000293e+01
3.384620000000000317e+01
3.457630000000000337e+01
3.680930000000000035e+01
3.654410000000000025e+01
3.294769999999999754e+01
3.608279999999999887e+01
3.515870000000000317e+01
3.275529999999999831e+01
3.553659999999999997e+01
3.206210000000000093e+01
3.254630000000000223e+01
3.352890000000000015e+01
3.443529999999999802e+01
3.516029999999999944e+01
3.514869999999999806e+01
3.330899999999999750e+01
3.180120000000000147e+01
3.313130000000000308e+01
3.186309999999999931e+01
3.180120000000000147e+01
3.353820000000000334e+01
3.180120000000000147e+01
3.315480000000000160e+01
3.514869999999999806e+01
3.514869999999999806e+01
3.415109999999999957e+01
3.411419999999999675e+01
3.226319999999999766e+01
3.218189999999999884e+01
3.180120000000000147e+01
3.514869999999999806e+01
3.370329999999999870e+01
3.180120000000000147e+01
3.180120000000000147e+01
3.405660000000000309e+01
3.426400000000000290e+01
3.312819999999999965e+01
3.383599999999999852e+01
3.491960000000000264e+01
3.337210000000000321e+01
3.232119999999999749e+01
3.398429999999999751e+01
3.439359999999999928e+01
3.410529999999999973e+01
3.412780000000000058e+01
3.514869999999999806e+01
3.314439999999999742e+01
3.442439999999999856e+01
3.405590000000000117e+01
3.408089999999999975e+01
3.344780000000000086e+01
3.405709999999999837e+01
3.335549999999999926e+01
3.347570000000000334e+01
3.180120000000000147e+01
3.481210000000000093e+01
3.495819999999999794e+01
3.387030000000000030e+01
3.396860000000000213e+01
3.180120000000000147e+01
3.288580000000000325e+01
3.180120000000000147e+01
3.180120000000000147e+01
3.442029999999999745e+01
3.464459999999999695e+01
3.236160000000000281e+01
3.331459999999999866e+01
3.514869999999999806e+01
3.180120000000000147e+01
3.504849999999999710e+01
3.454719999999999658e+01
3.400220000000000198e+01
3.412230000000000274e+01
3.295349999999999824e+01
3.180120000000000147e+01
