4.815599999999999881e+01
4.753549999999999898e+01
5.130639999999999645e+01
4.817199999999999704e+01
4.679229999999999734e+01
4.635190000000000055e+01
4.834890000000000043e+01
4.720900000000000318e+01
4.492450000000000188e+01
4.629070000000000107e+01
4.713929999999999865e+01
4.381269999999999953e+01
4.180010000000000048e+01
4.575189999999999912e+01
4.531790000000000163e+01
4.267099999999999937e+01
4.025520000000000209e+01
4.022259999999999991e+01
4.233780000000000143e+01
4.243750000000000000e+01
4.211440000000000339e+01
4.267840000000000344e+01
4.235819999999999652e+01
3.971320000000000050e+01
4.074269999999999925e+01
3.978699999999999903e+01
4.061899999999999977e+01
4.062310000000000088e+01
3.867770000000000152e+01
3.665690000000000026e+01
3.647019999999999840e+01
3.774349999999999739e+01
3.713269999999999982e+01
3.734150000000000347e+01
3.676050000000000040e+01
3.949099999999999966e+01
3.834320000000000306e+01
3.582480000000000331e+01
3.600820000000000221e+01
3.712610000000000099e+01
3.572760000000000247e+01
3.680140000000000100e+01
3.894310000000000116e+01
3.521500000000000341e+01
3.617249999999999943e+01
3.632119999999999749e+01
3.687590000000000146e+01
3.690330000000000155e+01
3.799009999999999820e+01
3.814869999999999806e+01
3.520850000000000080e+01
3.870929999999999893e+01
3.723010000000000019e+01
3.520850000000000080e+01
3.735009999999999764e+01
3.520850000000000080e+01
3.730859999999999843e+01
3.520850000000000080e+01
3.891470000000000340e+01
3.520850000000000080e+01
3.731960000000000122e+01
3.805570000000000164e+01
3.891470000000000340e+01
3.527649999999999864e+01
3.520850000000000080e+01
3.709749999999999659e+01
3.891470000000000340e+01
3.891470000000000340e+01
3.660159999999999769e+01
3.804310000000000258e+01
3.711619999999999919e+01
3.891470000000000340e+01
3.520850000000000080e+01
3.781810000000000116e+01
3.665630000000000166e+01
3.814130000000000109e+01
3.541709999999999781e+01
3.705169999999999675e+01
3.891470000000000340e+01
3.520850000000000080e+01
3.779780000000000229e+01
3.708379999999999654e+01
3.891470000000000340e+01
3.662890000000000157e+01
3.788689999999999714e+01
3.520850000000000080e+01
3.811079999999999757e+01
3.520850000000000080e+01
3.725739999999999696e+01
3.705639999999999645e+01
3.798799999999999955e+01
3.806080000000000041e+01
3.583400000000000318e+01
3.777080000000000126e+01
3.520850000000000080e+01
3.520850000000000080e+01
3.520850000000000080e+01
3.652159999999999940e+01
3.559369999999999834e+01
3.891470000000000340e+01
