4.834309999999999974e+01
4.876809999999999690e+01
4.643469999999999942e+01
4.592199999999999704e+01
4.773460000000000036e+01
4.677539999999999765e+01
4.333089999999999975e+01
4.262010000000000076e+01
4.595360000000000156e+01
4.091329999999999956e+01
4.451039999999999708e+01
4.170980000000000132e+01
4.081620000000000203e+01
4.081080000000000041e+01
4.117240000000000322e+01
3.795750000000000313e+01
3.783670000000000044e+01
3.942009999999999792e+01
3.615619999999999834e+01
3.759669999999999845e+01
3.873729999999999762e+01
3.829229999999999734e+01
3.768079999999999785e+01
3.600979999999999848e+01
3.710170000000000101e+01
3.508050000000000068e+01
3.295879999999999654e+01
3.481770000000000209e+01
3.243650000000000233e+01
3.552640000000000242e+01
3.200119999999999720e+01
3.181619999999999848e+01
3.321419999999999817e+01
3.162239999999999895e+01
3.373740000000000094e+01
3.287380000000000280e+01
3.245400000000000063e+01
3.238479999999999848e+01
3.440760000000000218e+01
3.203249999999999886e+01
3.384879999999999711e+01
3.359620000000000317e+01
3.111980000000000146e+01
3.111980000000000146e+01
3.439560000000000173e+01
3.439560000000000173e+01
3.439560000000000173e+01
3.111980000000000146e+01
3.111980000000000146e+01
3.439560000000000173e+01
3.203130000000000166e+01
3.225630000000000308e+01
3.356009999999999849e+01
3.139430000000000121e+01
3.111980000000000146e+01
3.439560000000000173e+01
3.201789999999999736e+01
3.346719999999999828e+01
3.240599999999999881e+01
3.161280000000000001e+01
3.268589999999999662e+01
3.210289999999999822e+01
3.232159999999999656e+01
3.251180000000000092e+01
3.214240000000000208e+01
3.111980000000000146e+01
3.267309999999999803e+01
3.220830000000000126e+01
3.389990000000000236e+01
3.439560000000000173e+01
3.416669999999999874e+01
3.439560000000000173e+01
3.281380000000000052e+01
3.434210000000000207e+01
3.133030000000000115e+01
3.111980000000000146e+01
3.302360000000000184e+01
3.145289999999999964e+01
3.111980000000000146e+01
3.275079999999999814e+01
3.321200000000000330e+01
3.111980000000000146e+01
3.439560000000000173e+01
3.291969999999999885e+01
3.176000000000000156e+01
3.439560000000000173e+01
3.188929999999999865e+01
3.141700000000000159e+01
3.439560000000000173e+01
3.193339999999999890e+01
3.119819999999999993e+01
3.439560000000000173e+01
3.275520000000000209e+01
3.111980000000000146e+01
3.241720000000000113e+01
3.252640000000000242e+01
3.439560000000000173e+01
3.111980000000000146e+01
3.395600000000000307e+01
3.111980000000000146e+01
