5.142690000000000339e+01
5.127150000000000318e+01
4.930169999999999675e+01
4.892459999999999809e+01
4.783220000000000027e+01
4.873579999999999757e+01
4.902660000000000196e+01
4.847549999999999670e+01
4.548389999999999844e+01
4.353490000000000038e+01
4.391320000000000334e+01
4.201800000000000068e+01
4.491819999999999879e+01
4.479560000000000031e+01
4.079849999999999710e+01
4.095109999999999673e+01
4.402499999999999858e+01
4.308089999999999975e+01
4.291120000000000090e+01
3.907269999999999754e+01
4.220280000000000342e+01
3.848980000000000246e+01
4.224470000000000169e+01
4.064020000000000010e+01
4.084279999999999688e+01
4.000769999999999982e+01
3.839130000000000109e+01
3.710920000000000130e+01
3.693280000000000030e+01
3.677170000000000272e+01
3.837630000000000052e+01
3.649560000000000315e+01
3.913790000000000191e+01
4.009989999999999810e+01
3.866910000000000025e+01
3.905810000000000315e+01
3.878840000000000288e+01
3.665290000000000248e+01
3.795739999999999981e+01
3.938269999999999982e+01
3.782719999999999771e+01
3.903459999999999752e+01
3.876100000000000279e+01
3.779140000000000299e+01
3.824150000000000205e+01
3.652850000000000108e+01
3.979469999999999885e+01
3.979469999999999885e+01
3.868630000000000280e+01
3.937360000000000326e+01
3.908630000000000138e+01
3.737460000000000093e+01
3.684080000000000155e+01
3.811760000000000304e+01
3.690650000000000119e+01
3.606649999999999778e+01
3.676500000000000057e+01
3.916369999999999862e+01
3.976019999999999754e+01
3.979469999999999885e+01
3.600469999999999970e+01
3.803929999999999723e+01
3.926270000000000238e+01
3.691429999999999723e+01
3.665449999999999875e+01
3.714719999999999800e+01
3.979469999999999885e+01
3.639629999999999654e+01
3.903670000000000329e+01
3.979469999999999885e+01
3.810029999999999717e+01
3.832620000000000005e+01
3.839229999999999876e+01
3.764399999999999835e+01
3.929149999999999920e+01
3.796099999999999852e+01
3.933420000000000272e+01
3.890729999999999933e+01
3.789119999999999777e+01
3.653960000000000008e+01
3.689540000000000219e+01
3.689359999999999928e+01
3.647339999999999804e+01
3.800419999999999732e+01
3.717510000000000048e+01
3.621929999999999694e+01
3.749680000000000035e+01
3.683700000000000330e+01
3.979469999999999885e+01
3.979469999999999885e+01
3.812769999999999726e+01
3.891179999999999950e+01
3.979469999999999885e+01
3.950580000000000069e+01
3.778580000000000183e+01
3.752429999999999666e+01
3.675350000000000250e+01
3.927060000000000173e+01
3.875909999999999656e+01
3.979469999999999885e+01
