5.238230000000000075e+01
5.183919999999999817e+01
4.726100000000000279e+01
5.019989999999999952e+01
4.470459999999999923e+01
4.541120000000000090e+01
4.332990000000000208e+01
4.438889999999999958e+01
4.202770000000000294e+01
4.261840000000000117e+01
4.474770000000000181e+01
4.332759999999999678e+01
4.028659999999999997e+01
4.220640000000000214e+01
4.208440000000000225e+01
3.803949999999999676e+01
3.878229999999999933e+01
4.062760000000000105e+01
4.022540000000000049e+01
3.615849999999999653e+01
3.673279999999999745e+01
3.904500000000000171e+01
3.643919999999999959e+01
3.456680000000000064e+01
3.421410000000000196e+01
3.574869999999999948e+01
3.704999999999999716e+01
3.326460000000000150e+01
3.298420000000000130e+01
3.471370000000000289e+01
3.470250000000000057e+01
3.225169999999999959e+01
3.525560000000000116e+01
3.238730000000000331e+01
3.306080000000000041e+01
3.484700000000000131e+01
3.139260000000000161e+01
3.436050000000000182e+01
3.117549999999999955e+01
3.238940000000000197e+01
3.103079999999999927e+01
3.098560000000000159e+01
3.187409999999999854e+01
3.329140000000000299e+01
3.326270000000000238e+01
3.420729999999999649e+01
3.094940000000000069e+01
3.195939999999999870e+01
3.420729999999999649e+01
3.279110000000000014e+01
3.337980000000000302e+01
3.253529999999999944e+01
3.233189999999999742e+01
3.420729999999999649e+01
3.420729999999999649e+01
3.386030000000000229e+01
3.306049999999999756e+01
3.420729999999999649e+01
3.404670000000000130e+01
3.189379999999999882e+01
3.094940000000000069e+01
3.420729999999999649e+01
3.222469999999999857e+01
3.380530000000000257e+01
3.416749999999999687e+01
3.094940000000000069e+01
3.241989999999999839e+01
3.201989999999999981e+01
3.094940000000000069e+01
3.328670000000000329e+01
3.181690000000000040e+01
3.219369999999999976e+01
3.358370000000000033e+01
3.189249999999999829e+01
3.180590000000000117e+01
3.149070000000000036e+01
3.140579999999999927e+01
3.184740000000000038e+01
3.172340000000000160e+01
3.264759999999999707e+01
3.110290000000000177e+01
3.271560000000000201e+01
3.209140000000000015e+01
3.143149999999999977e+01
3.094940000000000069e+01
3.301830000000000354e+01
3.391530000000000200e+01
3.307780000000000342e+01
3.254729999999999990e+01
3.094940000000000069e+01
3.170660000000000167e+01
3.140459999999999852e+01
3.413349999999999795e+01
3.268659999999999854e+01
3.420729999999999649e+01
3.374150000000000205e+01
3.253000000000000114e+01
3.420729999999999649e+01
3.370450000000000301e+01
3.356609999999999872e+01
