5.070589999999999975e+01
4.774680000000000035e+01
4.815950000000000131e+01
4.785869999999999891e+01
4.586650000000000205e+01
4.709210000000000207e+01
4.685099999999999909e+01
4.718549999999999756e+01
4.206280000000000285e+01
4.326290000000000191e+01
4.516870000000000118e+01
4.029999999999999716e+01
3.975359999999999872e+01
3.922780000000000200e+01
4.159629999999999939e+01
4.226330000000000098e+01
3.944429999999999836e+01
3.861070000000000135e+01
3.926639999999999731e+01
3.650630000000000308e+01
3.809009999999999962e+01
3.868979999999999819e+01
3.915270000000000294e+01
3.879950000000000188e+01
3.761330000000000240e+01
3.816140000000000043e+01
3.465169999999999817e+01
3.700480000000000302e+01
3.596070000000000277e+01
3.376469999999999771e+01
3.387729999999999819e+01
3.460549999999999926e+01
3.383109999999999928e+01
3.600139999999999674e+01
3.294969999999999999e+01
3.499450000000000216e+01
3.578970000000000340e+01
3.378320000000000078e+01
3.367690000000000339e+01
3.423129999999999740e+01
3.551319999999999766e+01
3.623579999999999757e+01
3.301440000000000197e+01
3.305460000000000065e+01
3.609470000000000312e+01
3.278479999999999706e+01
3.278479999999999706e+01
3.564110000000000156e+01
3.512980000000000302e+01
3.606009999999999849e+01
3.466599999999999682e+01
3.623579999999999757e+01
3.318010000000000304e+01
3.450180000000000291e+01
3.278479999999999706e+01
3.448760000000000048e+01
3.623579999999999757e+01
3.338600000000000279e+01
3.463419999999999987e+01
3.535289999999999822e+01
3.623579999999999757e+01
3.545770000000000266e+01
3.521529999999999916e+01
3.485249999999999915e+01
3.278479999999999706e+01
3.596399999999999864e+01
3.623579999999999757e+01
3.547910000000000252e+01
3.291590000000000060e+01
3.607950000000000301e+01
3.477349999999999852e+01
3.623579999999999757e+01
3.278479999999999706e+01
3.623579999999999757e+01
3.278479999999999706e+01
3.437259999999999849e+01
3.435020000000000095e+01
3.278479999999999706e+01
3.278479999999999706e+01
3.504279999999999973e+01
3.592620000000000147e+01
3.412310000000000088e+01
3.295649999999999835e+01
3.489119999999999777e+01
3.558050000000000068e+01
3.378739999999999810e+01
3.532220000000000226e+01
3.504339999999999833e+01
3.529429999999999978e+01
3.524790000000000134e+01
3.338490000000000180e+01
3.278479999999999706e+01
3.623579999999999757e+01
3.623579999999999757e+01
3.278479999999999706e+01
3.291060000000000230e+01
3.599029999999999774e+01
3.278479999999999706e+01
3.418430000000000035e+01
3.278479999999999706e+01
