4.797010000000000218e+01
5.126010000000000133e+01
5.083030000000000115e+01
4.995190000000000197e+01
4.873460000000000036e+01
4.939679999999999893e+01
4.513340000000000174e+01
4.819380000000000308e+01
4.564770000000000039e+01
4.546560000000000201e+01
4.482370000000000232e+01
4.411840000000000117e+01
4.124699999999999989e+01
4.441660000000000252e+01
4.242790000000000106e+01
4.385289999999999822e+01
4.358500000000000085e+01
3.904429999999999978e+01
4.100090000000000146e+01
4.148369999999999891e+01
4.195929999999999893e+01
3.871959999999999980e+01
3.731600000000000250e+01
3.862100000000000222e+01
3.844689999999999941e+01
3.864110000000000156e+01
3.619819999999999993e+01
3.846059999999999945e+01
3.948830000000000240e+01
3.551420000000000243e+01
3.683460000000000178e+01
3.547619999999999862e+01
3.704910000000000281e+01
3.664889999999999759e+01
3.466850000000000165e+01
3.593160000000000309e+01
3.805769999999999698e+01
3.433749999999999858e+01
3.425659999999999883e+01
3.728229999999999933e+01
3.624989999999999668e+01
3.410220000000000340e+01
3.538119999999999976e+01
3.765939999999999799e+01
3.647789999999999822e+01
3.765939999999999799e+01
3.502210000000000178e+01
3.765939999999999799e+01
3.440030000000000143e+01
3.765939999999999799e+01
3.467999999999999972e+01
3.765939999999999799e+01
3.407280000000000086e+01
3.497310000000000230e+01
3.698980000000000246e+01
3.740550000000000352e+01
3.494480000000000075e+01
3.693130000000000024e+01
3.448850000000000193e+01
3.707939999999999969e+01
3.591129999999999711e+01
3.447590000000000288e+01
3.562800000000000011e+01
3.665729999999999933e+01
3.649439999999999884e+01
3.407280000000000086e+01
3.765939999999999799e+01
3.568070000000000164e+01
3.765939999999999799e+01
3.672639999999999816e+01
3.407280000000000086e+01
3.594180000000000064e+01
3.407280000000000086e+01
3.545839999999999748e+01
3.765939999999999799e+01
3.693059999999999832e+01
3.467190000000000083e+01
3.497639999999999816e+01
3.493240000000000123e+01
3.627870000000000061e+01
3.540590000000000259e+01
3.485470000000000113e+01
3.765939999999999799e+01
3.449960000000000093e+01
3.765939999999999799e+01
3.407280000000000086e+01
3.563219999999999743e+01
3.529569999999999652e+01
3.762310000000000088e+01
3.407280000000000086e+01
3.519169999999999732e+01
3.655069999999999908e+01
3.765939999999999799e+01
3.407280000000000086e+01
3.672789999999999822e+01
3.407280000000000086e+01
3.656009999999999849e+01
3.548299999999999699e+01
3.765939999999999799e+01
3.664390000000000214e+01
