4.767079999999999984e+01
4.935130000000000194e+01
5.079209999999999781e+01
4.559159999999999968e+01
4.655239999999999867e+01
4.770940000000000225e+01
4.567790000000000106e+01
4.406410000000000338e+01
4.251659999999999684e+01
4.426059999999999661e+01
4.578359999999999985e+01
4.090590000000000259e+01
4.466149999999999665e+01
3.996350000000000335e+01
4.362579999999999814e+01
4.031560000000000343e+01
3.861189999999999856e+01
3.821170000000000044e+01
4.030149999999999721e+01
4.141389999999999816e+01
3.712810000000000343e+01
4.068030000000000257e+01
4.034579999999999700e+01
3.753540000000000276e+01
3.974159999999999826e+01
3.684380000000000166e+01
3.548810000000000286e+01
3.528309999999999746e+01
3.509759999999999991e+01
3.699199999999999733e+01
3.698129999999999740e+01
3.746249999999999858e+01
3.655319999999999681e+01
3.809080000000000155e+01
3.801530000000000342e+01
3.459459999999999980e+01
3.658659999999999712e+01
3.584250000000000114e+01
3.684020000000000294e+01
3.791819999999999879e+01
3.642269999999999897e+01
3.582809999999999917e+01
3.628810000000000002e+01
3.430689999999999884e+01
3.430689999999999884e+01
3.430689999999999884e+01
3.700509999999999877e+01
3.430689999999999884e+01
3.430689999999999884e+01
3.430689999999999884e+01
3.791819999999999879e+01
3.553540000000000276e+01
3.538669999999999760e+01
3.545300000000000296e+01
3.430689999999999884e+01
3.791819999999999879e+01
3.643619999999999948e+01
3.430689999999999884e+01
3.555030000000000001e+01
3.430689999999999884e+01
3.749600000000000222e+01
3.730449999999999733e+01
3.430689999999999884e+01
3.580910000000000082e+01
3.595669999999999789e+01
3.449649999999999750e+01
3.488230000000000075e+01
3.537639999999999674e+01
3.570629999999999882e+01
3.692229999999999990e+01
3.697820000000000107e+01
3.791819999999999879e+01
3.634049999999999869e+01
3.698349999999999937e+01
3.662700000000000244e+01
3.585640000000000072e+01
3.679209999999999781e+01
3.791819999999999879e+01
3.585419999999999874e+01
3.584720000000000084e+01
3.500410000000000110e+01
3.475569999999999737e+01
3.497129999999999939e+01
3.628509999999999991e+01
3.514439999999999742e+01
3.430689999999999884e+01
3.791819999999999879e+01
3.559020000000000294e+01
3.430689999999999884e+01
3.586829999999999785e+01
3.458859999999999957e+01
3.430689999999999884e+01
3.689639999999999986e+01
3.790910000000000224e+01
3.667510000000000048e+01
3.718209999999999837e+01
3.669259999999999877e+01
3.542779999999999774e+01
3.791819999999999879e+01
3.528289999999999793e+01
