4.767079999999999984e+01
5.190820000000000078e+01
5.103999999999999915e+01
4.878649999999999665e+01
4.571459999999999724e+01
4.747899999999999920e+01
4.596189999999999998e+01
4.550070000000000192e+01
4.329410000000000025e+01
4.497860000000000014e+01
4.533379999999999654e+01
4.093769999999999953e+01
4.469530000000000314e+01
4.158140000000000214e+01
4.093399999999999750e+01
4.316530000000000200e+01
4.077270000000000039e+01
4.127960000000000207e+01
3.980149999999999721e+01
4.021549999999999869e+01
4.103159999999999741e+01
3.949179999999999779e+01
3.648349999999999937e+01
3.674660000000000082e+01
3.591850000000000165e+01
3.743979999999999819e+01
3.915820000000000078e+01
3.795280000000000342e+01
3.687559999999999860e+01
3.821470000000000056e+01
3.832549999999999812e+01
3.521379999999999910e+01
3.441179999999999950e+01
3.791960000000000264e+01
3.469039999999999679e+01
3.676080000000000325e+01
3.436010000000000275e+01
3.468390000000000128e+01
3.765939999999999799e+01
3.765939999999999799e+01
3.622140000000000271e+01
3.538730000000000331e+01
3.407280000000000086e+01
3.765939999999999799e+01
3.676230000000000331e+01
3.470230000000000103e+01
3.422999999999999687e+01
3.720799999999999841e+01
3.765939999999999799e+01
3.765939999999999799e+01
3.407280000000000086e+01
3.659609999999999985e+01
3.765939999999999799e+01
3.538040000000000163e+01
3.701520000000000010e+01
3.715350000000000108e+01
3.530089999999999861e+01
3.485510000000000019e+01
3.765939999999999799e+01
3.407280000000000086e+01
3.765939999999999799e+01
3.765939999999999799e+01
3.607999999999999829e+01
3.584519999999999840e+01
3.448819999999999908e+01
3.765939999999999799e+01
3.407280000000000086e+01
3.765939999999999799e+01
3.553929999999999723e+01
3.495539999999999736e+01
3.443240000000000123e+01
3.734499999999999886e+01
3.528739999999999810e+01
3.511350000000000193e+01
3.749230000000000018e+01
3.517170000000000130e+01
3.429189999999999827e+01
3.741599999999999682e+01
3.581869999999999976e+01
3.601619999999999777e+01
3.642600000000000193e+01
3.407280000000000086e+01
3.625310000000000343e+01
3.745870000000000033e+01
3.664189999999999969e+01
3.430539999999999878e+01
3.745929999999999893e+01
3.442609999999999815e+01
3.630230000000000246e+01
3.765939999999999799e+01
3.412290000000000134e+01
3.477029999999999887e+01
3.660690000000000310e+01
3.417099999999999937e+01
3.629690000000000083e+01
3.407280000000000086e+01
3.668849999999999767e+01
3.431190000000000140e+01
3.421849999999999881e+01
3.600000000000000000e+01
