4.927890000000000015e+01
4.886970000000000169e+01
5.122710000000000008e+01
5.052170000000000272e+01
4.803990000000000293e+01
4.601160000000000139e+01
4.520539999999999736e+01
4.618410000000000082e+01
4.274980000000000047e+01
4.579160000000000252e+01
4.606000000000000227e+01
4.115820000000000078e+01
4.305720000000000169e+01
4.294160000000000110e+01
4.388439999999999941e+01
4.314269999999999783e+01
3.881300000000000239e+01
3.937639999999999674e+01
4.155859999999999843e+01
3.829950000000000188e+01
3.767360000000000042e+01
3.740690000000000026e+01
3.702069999999999794e+01
3.821439999999999770e+01
3.790859999999999985e+01
3.856029999999999802e+01
3.527600000000000335e+01
3.869189999999999685e+01
3.559519999999999840e+01
3.451480000000000103e+01
3.639560000000000173e+01
3.408420000000000272e+01
3.606230000000000047e+01
3.489509999999999934e+01
3.652000000000000313e+01
3.464150000000000063e+01
3.387500000000000000e+01
3.665220000000000056e+01
3.654180000000000206e+01
3.644830000000000325e+01
3.590679999999999694e+01
3.359510000000000218e+01
3.340690000000000026e+01
3.558259999999999934e+01
3.282130000000000081e+01
3.623579999999999757e+01
3.506069999999999709e+01
3.399320000000000164e+01
3.278479999999999706e+01
3.519890000000000185e+01
3.623579999999999757e+01
3.581369999999999720e+01
3.368090000000000117e+01
3.292419999999999902e+01
3.623579999999999757e+01
3.414939999999999998e+01
3.346569999999999823e+01
3.278479999999999706e+01
3.366720000000000113e+01
3.550310000000000343e+01
3.447939999999999827e+01
3.322390000000000043e+01
3.592719999999999914e+01
3.623579999999999757e+01
3.278479999999999706e+01
3.623579999999999757e+01
3.480369999999999919e+01
3.305030000000000001e+01
3.623579999999999757e+01
3.426559999999999917e+01
3.500110000000000099e+01
3.553509999999999991e+01
3.324739999999999895e+01
3.393710000000000093e+01
3.623579999999999757e+01
3.507900000000000063e+01
3.555180000000000007e+01
3.410179999999999723e+01
3.330060000000000286e+01
3.551339999999999719e+01
3.623579999999999757e+01
3.467830000000000013e+01
3.366499999999999915e+01
3.532889999999999731e+01
3.383709999999999951e+01
3.557529999999999859e+01
3.414209999999999923e+01
3.623579999999999757e+01
3.457970000000000255e+01
3.458729999999999905e+01
3.283010000000000161e+01
3.410660000000000025e+01
3.425480000000000302e+01
3.374539999999999651e+01
3.585990000000000322e+01
3.489000000000000057e+01
3.623579999999999757e+01
3.278479999999999706e+01
3.623579999999999757e+01
3.559920000000000329e+01
