5.111249999999999716e+01
5.154120000000000346e+01
4.851839999999999975e+01
5.073299999999999699e+01
5.011769999999999925e+01
4.745020000000000238e+01
4.894239999999999924e+01
4.618260000000000076e+01
4.613400000000000034e+01
4.294069999999999965e+01
4.459230000000000160e+01
4.363119999999999976e+01
4.554549999999999699e+01
4.265290000000000248e+01
4.111829999999999785e+01
4.050780000000000314e+01
4.226409999999999911e+01
4.218430000000000035e+01
4.106210000000000093e+01
4.119069999999999965e+01
4.054120000000000346e+01
3.983879999999999910e+01
3.865959999999999752e+01
3.992399999999999949e+01
4.028209999999999980e+01
3.839670000000000272e+01
4.006560000000000343e+01
3.712819999999999965e+01
4.049609999999999843e+01
3.907339999999999947e+01
3.804149999999999920e+01
4.044879999999999853e+01
3.767269999999999897e+01
3.797030000000000172e+01
4.005890000000000128e+01
3.784270000000000067e+01
3.724060000000000059e+01
3.727779999999999916e+01
3.756759999999999877e+01
4.011820000000000164e+01
3.953779999999999717e+01
4.011820000000000164e+01
4.003260000000000218e+01
3.798649999999999949e+01
3.776979999999999649e+01
3.963609999999999900e+01
3.629740000000000322e+01
4.011820000000000164e+01
3.629740000000000322e+01
3.881170000000000186e+01
3.842600000000000193e+01
3.831799999999999784e+01
3.972109999999999985e+01
3.821009999999999707e+01
3.782679999999999865e+01
3.875130000000000052e+01
3.705969999999999942e+01
3.851769999999999783e+01
3.695479999999999876e+01
3.828949999999999676e+01
4.011820000000000164e+01
3.629740000000000322e+01
3.914620000000000033e+01
4.011820000000000164e+01
3.629740000000000322e+01
3.629740000000000322e+01
3.835560000000000258e+01
3.834150000000000347e+01
3.633120000000000260e+01
3.659470000000000312e+01
3.854059999999999775e+01
3.629740000000000322e+01
4.011820000000000164e+01
4.011820000000000164e+01
3.629740000000000322e+01
3.629740000000000322e+01
3.953059999999999974e+01
4.011820000000000164e+01
3.949139999999999873e+01
3.629740000000000322e+01
3.943359999999999843e+01
3.970660000000000167e+01
3.827720000000000056e+01
3.801449999999999818e+01
3.760849999999999937e+01
3.718990000000000151e+01
3.629740000000000322e+01
3.629740000000000322e+01
4.011820000000000164e+01
3.927909999999999968e+01
3.649450000000000216e+01
3.815359999999999729e+01
3.829099999999999682e+01
3.806439999999999912e+01
3.647299999999999898e+01
3.818950000000000244e+01
3.845810000000000173e+01
3.690489999999999782e+01
3.731929999999999836e+01
3.901729999999999876e+01
