5.175500000000000256e+01
5.035949999999999704e+01
4.963850000000000051e+01
5.000090000000000146e+01
4.861979999999999791e+01
4.389119999999999777e+01
4.661610000000000298e+01
4.373919999999999675e+01
4.506779999999999831e+01
4.273559999999999803e+01
4.239489999999999981e+01
3.998389999999999844e+01
4.276089999999999947e+01
4.173140000000000072e+01
3.799779999999999802e+01
3.901039999999999708e+01
4.084049999999999869e+01
3.748910000000000053e+01
3.714170000000000016e+01
3.553770000000000095e+01
3.510849999999999937e+01
3.661460000000000292e+01
3.792470000000000141e+01
3.751979999999999649e+01
3.658619999999999806e+01
3.465350000000000108e+01
3.420709999999999695e+01
3.438230000000000075e+01
3.338810000000000144e+01
3.545280000000000342e+01
3.529449999999999932e+01
3.386780000000000257e+01
3.393769999999999953e+01
3.474280000000000257e+01
3.294420000000000215e+01
3.255169999999999675e+01
3.420439999999999969e+01
3.101529999999999987e+01
3.249080000000000013e+01
3.213470000000000226e+01
3.417589999999999861e+01
3.364560000000000173e+01
3.092099999999999937e+01
3.131180000000000163e+01
3.092099999999999937e+01
3.229220000000000113e+01
3.352329999999999899e+01
3.153300000000000125e+01
3.386939999999999884e+01
3.380499999999999972e+01
3.247729999999999961e+01
3.417589999999999861e+01
3.417589999999999861e+01
3.118230000000000146e+01
3.174500000000000099e+01
3.101409999999999911e+01
3.409230000000000160e+01
3.221399999999999864e+01
3.290079999999999671e+01
3.417589999999999861e+01
3.092099999999999937e+01
3.092099999999999937e+01
3.123379999999999868e+01
3.167989999999999995e+01
3.129769999999999897e+01
3.417589999999999861e+01
3.092099999999999937e+01
3.364869999999999806e+01
3.309190000000000254e+01
3.092099999999999937e+01
3.192940000000000111e+01
3.248409999999999798e+01
3.313819999999999766e+01
3.331470000000000198e+01
3.092099999999999937e+01
3.092099999999999937e+01
3.417300000000000182e+01
3.315279999999999916e+01
3.245689999999999742e+01
3.417589999999999861e+01
3.156850000000000023e+01
3.092099999999999937e+01
3.327329999999999899e+01
3.092099999999999937e+01
3.092099999999999937e+01
3.128920000000000101e+01
3.268299999999999983e+01
3.237500000000000000e+01
3.147530000000000072e+01
3.092099999999999937e+01
3.092099999999999937e+01
3.325900000000000034e+01
3.198179999999999978e+01
3.417589999999999861e+01
3.092099999999999937e+01
3.278179999999999694e+01
3.347899999999999920e+01
3.308149999999999835e+01
3.217320000000000135e+01
3.092099999999999937e+01
