5.257549999999999812e+01
4.823749999999999716e+01
5.054979999999999762e+01
4.952479999999999905e+01
4.467929999999999779e+01
4.313790000000000191e+01
4.662830000000000297e+01
4.298270000000000124e+01
4.484579999999999700e+01
4.142999999999999972e+01
4.075780000000000314e+01
4.239479999999999649e+01
4.111979999999999791e+01
4.065849999999999653e+01
3.747409999999999997e+01
3.577689999999999770e+01
3.732070000000000221e+01
3.724389999999999645e+01
3.463909999999999911e+01
3.422520000000000095e+01
3.315619999999999834e+01
3.271260000000000190e+01
3.569559999999999889e+01
3.526480000000000103e+01
3.154339999999999833e+01
3.358659999999999712e+01
3.203889999999999816e+01
3.328379999999999939e+01
3.280330000000000013e+01
3.100669999999999860e+01
3.194910000000000139e+01
3.288819999999999766e+01
3.027199999999999847e+01
3.198880000000000123e+01
3.233019999999999783e+01
3.149620000000000175e+01
3.058040000000000092e+01
2.927209999999999823e+01
3.075819999999999865e+01
3.184309999999999974e+01
3.235340000000000060e+01
2.998740000000000094e+01
2.927209999999999823e+01
3.229359999999999786e+01
3.022190000000000154e+01
2.927209999999999823e+01
3.085060000000000002e+01
3.083620000000000161e+01
3.079889999999999972e+01
2.966339999999999932e+01
2.927209999999999823e+01
3.235340000000000060e+01
2.994290000000000163e+01
3.091000000000000014e+01
2.955640000000000001e+01
3.149449999999999861e+01
3.235340000000000060e+01
3.235340000000000060e+01
3.235340000000000060e+01
3.096880000000000166e+01
3.175169999999999959e+01
3.045639999999999858e+01
3.235340000000000060e+01
3.201440000000000197e+01
3.235340000000000060e+01
3.090490000000000137e+01
2.927209999999999823e+01
3.123570000000000135e+01
3.071989999999999910e+01
3.000499999999999901e+01
2.977670000000000172e+01
3.176630000000000109e+01
3.235340000000000060e+01
3.097540000000000049e+01
2.999170000000000158e+01
2.950949999999999918e+01
3.121569999999999823e+01
2.942660000000000053e+01
2.937800000000000011e+01
3.083889999999999887e+01
3.235340000000000060e+01
3.041779999999999973e+01
3.031830000000000069e+01
3.172180000000000177e+01
3.025969999999999871e+01
2.991019999999999968e+01
3.201140000000000185e+01
3.193100000000000094e+01
2.942589999999999861e+01
3.235340000000000060e+01
3.067449999999999832e+01
3.235340000000000060e+01
3.235340000000000060e+01
2.927209999999999823e+01
3.120680000000000121e+01
3.029090000000000060e+01
3.090500000000000114e+01
3.040559999999999974e+01
3.235340000000000060e+01
2.927209999999999823e+01
