5.039730000000000132e+01
4.713360000000000127e+01
4.680949999999999989e+01
4.766279999999999717e+01
4.782990000000000208e+01
4.725909999999999656e+01
4.465690000000000026e+01
4.317759999999999820e+01
4.615149999999999864e+01
4.420009999999999906e+01
4.054939999999999856e+01
4.124130000000000251e+01
4.141929999999999978e+01
4.138700000000000045e+01
4.197420000000000329e+01
3.842020000000000124e+01
3.737919999999999732e+01
3.869460000000000122e+01
3.668280000000000030e+01
3.886809999999999832e+01
3.948579999999999757e+01
3.909219999999999828e+01
3.635240000000000293e+01
3.490829999999999700e+01
3.443880000000000052e+01
3.624130000000000251e+01
3.647299999999999898e+01
3.726409999999999911e+01
3.704829999999999757e+01
3.470879999999999654e+01
3.425079999999999814e+01
3.454099999999999682e+01
3.343160000000000309e+01
3.635009999999999764e+01
3.584519999999999840e+01
3.323550000000000182e+01
3.278479999999999706e+01
3.572440000000000282e+01
3.400300000000000011e+01
3.278479999999999706e+01
3.278479999999999706e+01
3.598879999999999768e+01
3.289659999999999940e+01
3.529579999999999984e+01
3.616969999999999885e+01
3.299649999999999750e+01
3.467750000000000199e+01
3.623579999999999757e+01
3.362219999999999942e+01
3.447079999999999700e+01
3.442329999999999757e+01
3.400310000000000343e+01
3.515400000000000347e+01
3.278479999999999706e+01
3.412559999999999860e+01
3.278479999999999706e+01
3.623579999999999757e+01
3.533939999999999770e+01
3.589459999999999695e+01
3.536930000000000263e+01
3.318840000000000146e+01
3.367110000000000269e+01
3.309290000000000020e+01
3.446070000000000277e+01
3.522160000000000224e+01
3.380040000000000333e+01
3.278479999999999706e+01
3.278479999999999706e+01
3.403190000000000026e+01
3.278479999999999706e+01
3.623579999999999757e+01
3.500370000000000203e+01
3.393419999999999703e+01
3.457509999999999906e+01
3.449470000000000169e+01
3.623579999999999757e+01
3.439950000000000330e+01
3.278479999999999706e+01
3.517130000000000223e+01
3.437250000000000227e+01
3.623579999999999757e+01
3.617399999999999949e+01
3.481640000000000157e+01
3.341029999999999944e+01
3.515440000000000254e+01
3.410309999999999775e+01
3.534570000000000078e+01
3.501749999999999829e+01
3.278479999999999706e+01
3.278479999999999706e+01
3.623579999999999757e+01
3.623579999999999757e+01
3.434850000000000136e+01
3.427199999999999847e+01
3.391689999999999827e+01
3.601330000000000098e+01
3.609579999999999700e+01
3.602279999999999660e+01
3.535969999999999658e+01
3.385660000000000025e+01
