5.027609999999999957e+01
4.824660000000000082e+01
5.055210000000000292e+01
5.042810000000000059e+01
4.725410000000000110e+01
4.632759999999999678e+01
4.540420000000000300e+01
4.311760000000000304e+01
4.531739999999999924e+01
4.397319999999999851e+01
4.293019999999999925e+01
4.086059999999999803e+01
4.096940000000000026e+01
4.401839999999999975e+01
4.150780000000000314e+01
4.294429999999999836e+01
4.217790000000000106e+01
3.902060000000000173e+01
3.768180000000000263e+01
3.933870000000000289e+01
4.056230000000000047e+01
3.963029999999999831e+01
3.594689999999999941e+01
3.934100000000000108e+01
3.896860000000000213e+01
3.561110000000000042e+01
3.463029999999999831e+01
3.592320000000000135e+01
3.657679999999999865e+01
3.409100000000000108e+01
3.356450000000000244e+01
3.402530000000000143e+01
3.438889999999999958e+01
3.544610000000000127e+01
3.561140000000000327e+01
3.258489999999999753e+01
3.400589999999999691e+01
3.473319999999999652e+01
3.557319999999999993e+01
3.307240000000000180e+01
3.261469999999999914e+01
3.192660000000000053e+01
3.403159999999999741e+01
3.257139999999999702e+01
3.417009999999999792e+01
3.378560000000000230e+01
3.180120000000000147e+01
3.487319999999999709e+01
3.376639999999999731e+01
3.514869999999999806e+01
3.255319999999999681e+01
3.437349999999999994e+01
3.499430000000000263e+01
3.372290000000000276e+01
3.223700000000000188e+01
3.275509999999999877e+01
3.510009999999999764e+01
3.483570000000000277e+01
3.399560000000000315e+01
3.482809999999999917e+01
3.514869999999999806e+01
3.391089999999999804e+01
3.422930000000000206e+01
3.359389999999999787e+01
3.218370000000000175e+01
3.514869999999999806e+01
3.408509999999999707e+01
3.401420000000000243e+01
3.433010000000000161e+01
3.180120000000000147e+01
3.514869999999999806e+01
3.180120000000000147e+01
3.514869999999999806e+01
3.414130000000000109e+01
3.266250000000000142e+01
3.180120000000000147e+01
3.230230000000000246e+01
3.514869999999999806e+01
3.180120000000000147e+01
3.324600000000000222e+01
3.443050000000000210e+01
3.449340000000000117e+01
3.447879999999999967e+01
3.291140000000000043e+01
3.497249999999999659e+01
3.303209999999999980e+01
3.180120000000000147e+01
3.348380000000000223e+01
3.514869999999999806e+01
3.481419999999999959e+01
3.180120000000000147e+01
3.336260000000000048e+01
3.180120000000000147e+01
3.180120000000000147e+01
3.263069999999999737e+01
3.269769999999999754e+01
3.325160000000000338e+01
3.180120000000000147e+01
3.180120000000000147e+01
3.492450000000000188e+01
