5.023629999999999995e+01
4.833050000000000068e+01
5.085889999999999844e+01
4.744500000000000028e+01
4.444910000000000139e+01
4.369959999999999667e+01
4.495660000000000167e+01
4.474419999999999931e+01
4.596269999999999811e+01
4.409179999999999922e+01
4.452839999999999776e+01
4.243280000000000030e+01
4.319310000000000116e+01
4.256250000000000000e+01
4.176910000000000167e+01
3.743500000000000227e+01
3.735130000000000194e+01
3.700220000000000198e+01
3.957770000000000010e+01
3.617600000000000193e+01
3.884089999999999776e+01
3.840820000000000078e+01
3.438110000000000355e+01
3.497070000000000078e+01
3.640579999999999927e+01
3.340789999999999793e+01
3.640189999999999770e+01
3.485840000000000316e+01
3.484349999999999881e+01
3.583639999999999759e+01
3.497209999999999752e+01
3.206550000000000011e+01
3.528000000000000114e+01
3.393260000000000076e+01
3.358840000000000003e+01
3.370700000000000074e+01
3.482959999999999923e+01
3.394200000000000017e+01
3.151729999999999876e+01
3.393099999999999739e+01
3.330749999999999744e+01
3.324080000000000013e+01
3.151729999999999876e+01
3.429529999999999745e+01
3.151729999999999876e+01
3.437129999999999797e+01
3.447590000000000288e+01
3.203159999999999741e+01
3.295089999999999719e+01
3.483489999999999753e+01
3.483489999999999753e+01
3.350229999999999819e+01
3.483489999999999753e+01
3.151729999999999876e+01
3.483489999999999753e+01
3.151729999999999876e+01
3.483489999999999753e+01
3.151729999999999876e+01
3.417490000000000094e+01
3.405780000000000030e+01
3.483489999999999753e+01
3.346629999999999683e+01
3.383789999999999765e+01
3.483489999999999753e+01
3.346209999999999951e+01
3.372039999999999793e+01
3.303349999999999653e+01
3.176770000000000138e+01
3.217340000000000089e+01
3.151729999999999876e+01
3.151729999999999876e+01
3.243820000000000192e+01
3.151729999999999876e+01
3.483489999999999753e+01
3.483489999999999753e+01
3.151729999999999876e+01
3.360029999999999717e+01
3.273239999999999839e+01
3.151729999999999876e+01
3.382930000000000348e+01
3.283339999999999748e+01
3.483489999999999753e+01
3.411180000000000234e+01
3.332229999999999848e+01
3.190109999999999957e+01
3.151729999999999876e+01
3.151729999999999876e+01
3.341310000000000002e+01
3.246439999999999770e+01
3.367530000000000001e+01
3.184390000000000143e+01
3.483489999999999753e+01
3.483489999999999753e+01
3.379489999999999839e+01
3.390409999999999968e+01
3.429520000000000124e+01
3.263839999999999719e+01
3.483489999999999753e+01
3.441989999999999839e+01
3.483489999999999753e+01
