4.995839999999999748e+01
4.691720000000000113e+01
4.790959999999999752e+01
5.025489999999999924e+01
4.838519999999999754e+01
4.584819999999999851e+01
4.347780000000000200e+01
4.731260000000000332e+01
4.293760000000000332e+01
4.455859999999999843e+01
4.146520000000000294e+01
4.071640000000000015e+01
4.056119999999999948e+01
4.203979999999999961e+01
4.299660000000000082e+01
4.147579999999999956e+01
3.796209999999999951e+01
4.059949999999999903e+01
4.100619999999999976e+01
3.994239999999999924e+01
3.631790000000000163e+01
3.668800000000000239e+01
3.704370000000000118e+01
3.639820000000000277e+01
3.580340000000000344e+01
3.830969999999999942e+01
3.443880000000000052e+01
3.779350000000000165e+01
3.754469999999999885e+01
3.553260000000000218e+01
3.690760000000000218e+01
3.412740000000000151e+01
3.442490000000000094e+01
3.313709999999999667e+01
3.332319999999999993e+01
3.640890000000000271e+01
3.365999999999999659e+01
3.456289999999999907e+01
3.554760000000000275e+01
3.423780000000000001e+01
3.363119999999999976e+01
3.435130000000000194e+01
3.451610000000000156e+01
3.316729999999999734e+01
3.390209999999999724e+01
3.313210000000000122e+01
3.611939999999999884e+01
3.296770000000000067e+01
3.485640000000000072e+01
3.551120000000000232e+01
3.285860000000000269e+01
3.278479999999999706e+01
3.593310000000000315e+01
3.278479999999999706e+01
3.531799999999999784e+01
3.458160000000000167e+01
3.278479999999999706e+01
3.623579999999999757e+01
3.278479999999999706e+01
3.561059999999999803e+01
3.623579999999999757e+01
3.548669999999999902e+01
3.279999999999999716e+01
3.558529999999999660e+01
3.351910000000000167e+01
3.540579999999999927e+01
3.623579999999999757e+01
3.392049999999999699e+01
3.347990000000000066e+01
3.483990000000000009e+01
3.501780000000000115e+01
3.289959999999999951e+01
3.559909999999999997e+01
3.355740000000000123e+01
3.395539999999999736e+01
3.623579999999999757e+01
3.511760000000000304e+01
3.623579999999999757e+01
3.587939999999999685e+01
3.468670000000000186e+01
3.516940000000000310e+01
3.278479999999999706e+01
3.623579999999999757e+01
3.589670000000000272e+01
3.623579999999999757e+01
3.576769999999999783e+01
3.297690000000000055e+01
3.452510000000000190e+01
3.485459999999999781e+01
3.278479999999999706e+01
3.400610000000000355e+01
3.623579999999999757e+01
3.292280000000000229e+01
3.361410000000000053e+01
3.531069999999999709e+01
3.395680000000000121e+01
3.449289999999999878e+01
3.370340000000000202e+01
3.623579999999999757e+01
3.623579999999999757e+01
