5.094279999999999831e+01
4.682459999999999667e+01
4.685399999999999920e+01
4.923049999999999926e+01
4.808890000000000242e+01
4.793599999999999994e+01
4.294120000000000203e+01
4.585759999999999792e+01
4.433100000000000307e+01
4.519360000000000355e+01
4.400030000000000285e+01
4.274909999999999854e+01
3.904630000000000223e+01
3.949060000000000059e+01
4.192649999999999721e+01
3.941839999999999833e+01
3.904650000000000176e+01
4.027369999999999806e+01
3.761050000000000182e+01
3.877759999999999962e+01
3.515140000000000242e+01
3.580960000000000321e+01
3.589569999999999794e+01
3.763040000000000163e+01
3.376030000000000086e+01
3.589710000000000178e+01
3.669899999999999807e+01
3.557970000000000255e+01
3.465570000000000306e+01
3.546470000000000056e+01
3.577660000000000196e+01
3.537639999999999674e+01
3.303810000000000002e+01
3.535370000000000346e+01
3.526409999999999911e+01
3.388450000000000273e+01
3.231119999999999948e+01
3.514869999999999806e+01
3.495830000000000126e+01
3.327510000000000190e+01
3.348400000000000176e+01
3.180120000000000147e+01
3.180120000000000147e+01
3.484219999999999828e+01
3.180999999999999872e+01
3.514869999999999806e+01
3.180120000000000147e+01
3.514869999999999806e+01
3.385099999999999909e+01
3.180630000000000024e+01
3.400789999999999935e+01
3.243739999999999668e+01
3.424819999999999709e+01
3.514869999999999806e+01
3.327709999999999724e+01
3.423230000000000217e+01
3.180120000000000147e+01
3.180120000000000147e+01
3.180120000000000147e+01
3.204679999999999751e+01
3.180120000000000147e+01
3.514869999999999806e+01
3.485049999999999670e+01
3.514869999999999806e+01
3.180120000000000147e+01
3.514869999999999806e+01
3.514869999999999806e+01
3.335719999999999885e+01
3.180120000000000147e+01
3.508650000000000091e+01
3.514869999999999806e+01
3.180120000000000147e+01
3.434109999999999729e+01
3.364659999999999940e+01
3.514869999999999806e+01
3.399669999999999703e+01
3.255879999999999797e+01
3.379399999999999693e+01
3.180120000000000147e+01
3.219740000000000180e+01
3.180120000000000147e+01
3.180120000000000147e+01
3.209830000000000183e+01
3.514869999999999806e+01
3.406949999999999790e+01
3.383290000000000219e+01
3.180120000000000147e+01
3.180120000000000147e+01
3.255720000000000169e+01
3.388349999999999795e+01
3.481219999999999715e+01
3.400549999999999784e+01
3.282789999999999964e+01
3.247710000000000008e+01
3.486350000000000193e+01
3.514869999999999806e+01
3.514869999999999806e+01
3.216129999999999711e+01
3.316479999999999961e+01
3.276830000000000354e+01
