5.138969999999999771e+01
4.754520000000000124e+01
4.548919999999999675e+01
4.653459999999999752e+01
4.781419999999999959e+01
4.691179999999999950e+01
4.512100000000000222e+01
4.412389999999999901e+01
4.229540000000000077e+01
4.182009999999999650e+01
4.103730000000000189e+01
4.108460000000000178e+01
3.639920000000000044e+01
3.667990000000000350e+01
3.789719999999999800e+01
3.665449999999999875e+01
3.714959999999999951e+01
3.299040000000000106e+01
3.536249999999999716e+01
3.439470000000000027e+01
3.322319999999999851e+01
3.080880000000000152e+01
3.235580000000000211e+01
3.304710000000000036e+01
2.949070000000000036e+01
3.022820000000000107e+01
3.179129999999999967e+01
3.143959999999999866e+01
2.815749999999999886e+01
3.016789999999999949e+01
2.837079999999999913e+01
2.856739999999999924e+01
3.018380000000000152e+01
2.874139999999999873e+01
2.904510000000000147e+01
2.699099999999999966e+01
2.694549999999999912e+01
2.842330000000000112e+01
2.693039999999999878e+01
2.883840000000000003e+01
2.762580000000000169e+01
2.976510000000000034e+01
2.693039999999999878e+01
2.693039999999999878e+01
2.693039999999999878e+01
2.976510000000000034e+01
2.777959999999999852e+01
2.811720000000000041e+01
2.693039999999999878e+01
2.976510000000000034e+01
2.736809999999999832e+01
2.693039999999999878e+01
2.976510000000000034e+01
2.700339999999999918e+01
2.707280000000000086e+01
2.763479999999999848e+01
2.976510000000000034e+01
2.769900000000000162e+01
2.784349999999999881e+01
2.857629999999999981e+01
2.896809999999999974e+01
2.855809999999999960e+01
2.726069999999999993e+01
2.800669999999999860e+01
2.693039999999999878e+01
2.796290000000000120e+01
2.700280000000000058e+01
2.785450000000000159e+01
2.693039999999999878e+01
2.745309999999999917e+01
2.757250000000000156e+01
2.761530000000000129e+01
2.784120000000000061e+01
2.780450000000000088e+01
2.794760000000000133e+01
2.693039999999999878e+01
2.800110000000000099e+01
2.819119999999999848e+01
2.693039999999999878e+01
2.838800000000000168e+01
2.926320000000000121e+01
2.758980000000000032e+01
2.969719999999999871e+01
2.767729999999999890e+01
2.693039999999999878e+01
2.976510000000000034e+01
2.771189999999999998e+01
2.976510000000000034e+01
2.976510000000000034e+01
2.933249999999999957e+01
2.756820000000000093e+01
2.933609999999999829e+01
2.693039999999999878e+01
2.891069999999999851e+01
2.713680000000000092e+01
2.898570000000000135e+01
2.774699999999999989e+01
2.874419999999999931e+01
2.693039999999999878e+01
2.734700000000000131e+01
