5.268880000000000052e+01
4.985459999999999781e+01
4.566740000000000066e+01
4.761140000000000327e+01
4.502080000000000126e+01
4.488280000000000314e+01
4.449060000000000059e+01
4.108659999999999712e+01
4.447990000000000066e+01
3.942530000000000001e+01
4.149499999999999744e+01
3.786169999999999902e+01
3.711650000000000205e+01
4.022690000000000055e+01
3.726700000000000301e+01
3.816850000000000165e+01
3.438020000000000209e+01
3.543840000000000146e+01
3.584179999999999922e+01
3.387969999999999970e+01
3.540690000000000026e+01
3.248460000000000036e+01
3.273940000000000339e+01
3.327179999999999893e+01
3.039470000000000027e+01
3.277409999999999712e+01
3.026320000000000121e+01
3.116440000000000055e+01
3.025769999999999982e+01
2.818690000000000140e+01
2.881889999999999930e+01
3.050590000000000046e+01
2.834280000000000044e+01
2.711189999999999856e+01
2.718779999999999930e+01
2.898029999999999973e+01
2.677550000000000097e+01
2.836809999999999832e+01
2.697070000000000078e+01
2.623239999999999839e+01
2.848290000000000077e+01
2.888569999999999993e+01
2.758930000000000149e+01
2.723920000000000030e+01
2.778829999999999956e+01
2.727680000000000149e+01
2.887219999999999942e+01
2.623799999999999955e+01
2.777599999999999980e+01
2.679210000000000136e+01
2.800140000000000029e+01
2.828450000000000131e+01
2.659870000000000090e+01
2.887219999999999942e+01
2.667050000000000054e+01
2.612249999999999872e+01
2.887219999999999942e+01
2.762519999999999953e+01
2.612249999999999872e+01
2.612249999999999872e+01
2.661710000000000065e+01
2.612249999999999872e+01
2.725100000000000122e+01
2.645060000000000144e+01
2.887219999999999942e+01
2.612249999999999872e+01
2.887219999999999942e+01
2.612249999999999872e+01
2.768430000000000035e+01
2.706449999999999889e+01
2.702230000000000132e+01
2.707079999999999842e+01
2.827639999999999887e+01
2.637790000000000035e+01
2.673179999999999978e+01
2.887219999999999942e+01
2.769340000000000046e+01
2.612249999999999872e+01
2.887219999999999942e+01
2.771460000000000079e+01
2.724230000000000018e+01
2.887219999999999942e+01
2.887219999999999942e+01
2.637890000000000157e+01
2.719030000000000058e+01
2.870739999999999981e+01
2.612249999999999872e+01
2.681119999999999948e+01
2.887219999999999942e+01
2.612249999999999872e+01
2.688650000000000162e+01
2.887219999999999942e+01
2.796369999999999933e+01
2.814329999999999998e+01
2.737330000000000041e+01
2.614320000000000022e+01
2.887219999999999942e+01
2.800270000000000081e+01
2.612249999999999872e+01
2.744040000000000035e+01
