5.114509999999999934e+01
4.705969999999999942e+01
5.135349999999999682e+01
4.587969999999999970e+01
4.844599999999999795e+01
4.926440000000000197e+01
4.424519999999999698e+01
4.379330000000000211e+01
4.512239999999999895e+01
4.685719999999999885e+01
4.352850000000000108e+01
4.172169999999999845e+01
4.560880000000000223e+01
4.467620000000000147e+01
4.464620000000000033e+01
4.271529999999999916e+01
4.239009999999999678e+01
4.331869999999999976e+01
3.888320000000000221e+01
3.978699999999999903e+01
3.830299999999999727e+01
4.176610000000000156e+01
3.809599999999999653e+01
3.973590000000000089e+01
3.688230000000000075e+01
4.046189999999999998e+01
3.938530000000000086e+01
3.848579999999999757e+01
3.800319999999999965e+01
3.565310000000000201e+01
3.672930000000000206e+01
3.897129999999999939e+01
3.626489999999999725e+01
3.753540000000000276e+01
3.816170000000000329e+01
3.464170000000000016e+01
3.815619999999999834e+01
3.586639999999999873e+01
3.719149999999999778e+01
3.757090000000000174e+01
3.675439999999999685e+01
3.511410000000000053e+01
3.566910000000000025e+01
3.490330000000000155e+01
3.575919999999999987e+01
3.765939999999999799e+01
3.765939999999999799e+01
3.407280000000000086e+01
3.765939999999999799e+01
3.581410000000000338e+01
3.602329999999999899e+01
3.407280000000000086e+01
3.473010000000000019e+01
3.765939999999999799e+01
3.607979999999999876e+01
3.432130000000000081e+01
3.440169999999999817e+01
3.475289999999999679e+01
3.631320000000000192e+01
3.531329999999999814e+01
3.765939999999999799e+01
3.765939999999999799e+01
3.481689999999999685e+01
3.407280000000000086e+01
3.506889999999999930e+01
3.725549999999999784e+01
3.592040000000000077e+01
3.765939999999999799e+01
3.660510000000000019e+01
3.407280000000000086e+01
3.531329999999999814e+01
3.570430000000000348e+01
3.407280000000000086e+01
3.571820000000000306e+01
3.515970000000000084e+01
3.407280000000000086e+01
3.632350000000000279e+01
3.407280000000000086e+01
3.765939999999999799e+01
3.407280000000000086e+01
3.717289999999999850e+01
3.754410000000000025e+01
3.747910000000000252e+01
3.765939999999999799e+01
3.579319999999999879e+01
3.576749999999999829e+01
3.407280000000000086e+01
3.727700000000000102e+01
3.407280000000000086e+01
3.748559999999999803e+01
3.471490000000000009e+01
3.765939999999999799e+01
3.545000000000000284e+01
3.759040000000000248e+01
3.591159999999999997e+01
3.625139999999999674e+01
3.568730000000000047e+01
3.407280000000000086e+01
3.510730000000000217e+01
3.567280000000000229e+01
