5.164880000000000138e+01
5.127960000000000207e+01
4.708579999999999899e+01
4.696719999999999828e+01
4.834899999999999665e+01
4.548190000000000310e+01
4.692819999999999681e+01
4.367669999999999675e+01
4.222729999999999961e+01
4.600919999999999987e+01
4.104540000000000077e+01
4.474260000000000304e+01
4.411350000000000193e+01
3.940699999999999648e+01
4.136500000000000199e+01
4.018760000000000332e+01
3.888080000000000069e+01
4.093430000000000035e+01
3.722809999999999775e+01
3.941969999999999885e+01
3.660300000000000153e+01
3.729919999999999902e+01
3.721059999999999945e+01
3.797990000000000066e+01
3.477819999999999823e+01
3.723120000000000118e+01
3.675330000000000297e+01
3.390840000000000032e+01
3.363219999999999743e+01
3.535730000000000217e+01
3.665780000000000172e+01
3.643019999999999925e+01
3.612460000000000093e+01
3.492569999999999908e+01
3.572039999999999793e+01
3.231609999999999872e+01
3.219969999999999999e+01
3.235770000000000124e+01
3.320120000000000005e+01
3.367040000000000077e+01
3.419789999999999708e+01
3.524280000000000257e+01
3.288870000000000005e+01
3.404050000000000153e+01
3.377680000000000149e+01
3.435529999999999973e+01
3.187740000000000151e+01
3.187740000000000151e+01
3.187740000000000151e+01
3.523290000000000077e+01
3.187740000000000151e+01
3.523290000000000077e+01
3.266109999999999758e+01
3.515129999999999910e+01
3.302060000000000173e+01
3.523290000000000077e+01
3.415480000000000160e+01
3.187740000000000151e+01
3.465370000000000061e+01
3.465670000000000073e+01
3.281580000000000297e+01
3.422729999999999961e+01
3.523290000000000077e+01
3.523290000000000077e+01
3.214929999999999666e+01
3.187740000000000151e+01
3.446690000000000254e+01
3.327940000000000254e+01
3.523290000000000077e+01
3.187740000000000151e+01
3.454209999999999781e+01
3.428739999999999810e+01
3.388810000000000144e+01
3.330590000000000117e+01
3.486679999999999779e+01
3.263139999999999930e+01
3.360840000000000316e+01
3.383840000000000003e+01
3.329030000000000200e+01
3.523290000000000077e+01
3.285170000000000101e+01
3.267830000000000013e+01
3.395060000000000144e+01
3.476100000000000279e+01
3.488880000000000337e+01
3.349199999999999733e+01
3.187740000000000151e+01
3.187740000000000151e+01
3.481669999999999732e+01
3.523290000000000077e+01
3.322339999999999804e+01
3.523290000000000077e+01
3.187740000000000151e+01
3.187740000000000151e+01
3.359440000000000026e+01
3.485229999999999961e+01
3.343809999999999860e+01
3.523290000000000077e+01
3.288360000000000127e+01
3.418399999999999750e+01
