5.233319999999999794e+01
4.979679999999999751e+01
4.905019999999999669e+01
4.562510000000000332e+01
4.684899999999999665e+01
4.671260000000000190e+01
4.836339999999999861e+01
4.633990000000000009e+01
4.261099999999999710e+01
4.649560000000000315e+01
4.353000000000000114e+01
4.391989999999999839e+01
4.482439999999999714e+01
4.092860000000000298e+01
4.322390000000000043e+01
4.266420000000000101e+01
4.134290000000000020e+01
4.158749999999999858e+01
4.069189999999999685e+01
4.022379999999999711e+01
4.132909999999999684e+01
3.845759999999999934e+01
3.942329999999999757e+01
3.962440000000000140e+01
3.628620000000000090e+01
3.764180000000000348e+01
3.585139999999999816e+01
3.748830000000000240e+01
3.790440000000000254e+01
3.594619999999999749e+01
3.841170000000000329e+01
3.561670000000000158e+01
3.783789999999999765e+01
3.495210000000000150e+01
3.857659999999999911e+01
3.854379999999999740e+01
3.723460000000000036e+01
3.853289999999999793e+01
3.565570000000000306e+01
3.853289999999999793e+01
3.496900000000000119e+01
3.794469999999999743e+01
3.853289999999999793e+01
3.652590000000000003e+01
3.681029999999999802e+01
3.782710000000000150e+01
3.812650000000000006e+01
3.486310000000000286e+01
3.782169999999999987e+01
3.486310000000000286e+01
3.662830000000000297e+01
3.839209999999999923e+01
3.647169999999999845e+01
3.809179999999999922e+01
3.648619999999999663e+01
3.780400000000000205e+01
3.762449999999999761e+01
3.590699999999999648e+01
3.853289999999999793e+01
3.709689999999999799e+01
3.486310000000000286e+01
3.692459999999999809e+01
3.853289999999999793e+01
3.486310000000000286e+01
3.736730000000000018e+01
3.656300000000000239e+01
3.632679999999999865e+01
3.714339999999999975e+01
3.662160000000000082e+01
3.532019999999999982e+01
3.723879999999999768e+01
3.853289999999999793e+01
3.853289999999999793e+01
3.802309999999999945e+01
3.769680000000000319e+01
3.519910000000000139e+01
3.511829999999999785e+01
3.691380000000000194e+01
3.486310000000000286e+01
3.574960000000000093e+01
3.853289999999999793e+01
3.559479999999999933e+01
3.618090000000000117e+01
3.576270000000000238e+01
3.674410000000000309e+01
3.518139999999999645e+01
3.836509999999999820e+01
3.486310000000000286e+01
3.671329999999999671e+01
3.765579999999999927e+01
3.658659999999999712e+01
3.486310000000000286e+01
3.566960000000000264e+01
3.853289999999999793e+01
3.853289999999999793e+01
3.738419999999999987e+01
3.853289999999999793e+01
3.624090000000000344e+01
3.562360000000000326e+01
3.837480000000000047e+01
