5.066250000000000142e+01
4.791020000000000323e+01
4.795980000000000132e+01
5.029979999999999762e+01
5.011549999999999727e+01
4.951339999999999719e+01
4.863900000000000290e+01
4.376250000000000284e+01
4.780599999999999739e+01
4.630749999999999744e+01
4.446430000000000149e+01
4.468070000000000164e+01
4.381219999999999715e+01
4.451630000000000109e+01
4.056660000000000110e+01
4.232439999999999714e+01
3.979050000000000153e+01
4.193319999999999936e+01
4.221759999999999735e+01
4.172809999999999775e+01
3.967949999999999733e+01
4.212330000000000041e+01
4.173360000000000269e+01
4.149640000000000128e+01
3.728320000000000078e+01
3.948380000000000223e+01
3.881889999999999930e+01
3.890679999999999694e+01
3.980259999999999820e+01
4.001180000000000092e+01
3.851449999999999818e+01
3.599170000000000158e+01
3.868070000000000164e+01
3.560419999999999874e+01
3.907099999999999795e+01
3.902850000000000108e+01
3.531309999999999860e+01
3.640390000000000015e+01
3.519369999999999976e+01
3.727839999999999776e+01
3.883229999999999649e+01
3.856640000000000157e+01
3.678220000000000312e+01
3.672249999999999659e+01
3.608460000000000178e+01
3.882410000000000139e+01
3.512660000000000338e+01
3.512660000000000338e+01
3.512660000000000338e+01
3.658659999999999712e+01
3.618130000000000024e+01
3.763739999999999952e+01
3.512660000000000338e+01
3.673160000000000025e+01
3.512660000000000338e+01
3.863680000000000092e+01
3.512660000000000338e+01
3.874569999999999936e+01
3.849040000000000106e+01
3.712230000000000274e+01
3.882410000000000139e+01
3.705879999999999797e+01
3.719319999999999737e+01
3.882410000000000139e+01
3.882410000000000139e+01
3.702779999999999916e+01
3.683959999999999724e+01
3.750090000000000146e+01
3.512660000000000338e+01
3.630460000000000065e+01
3.572590000000000288e+01
3.520539999999999736e+01
3.882410000000000139e+01
3.789410000000000167e+01
3.657220000000000226e+01
3.714629999999999654e+01
3.672800000000000153e+01
3.512660000000000338e+01
3.763850000000000051e+01
3.699810000000000088e+01
3.717849999999999966e+01
3.706239999999999668e+01
3.766499999999999915e+01
3.882410000000000139e+01
3.830850000000000222e+01
3.774499999999999744e+01
3.638759999999999906e+01
3.512660000000000338e+01
3.758359999999999701e+01
3.770620000000000260e+01
3.582150000000000034e+01
3.512660000000000338e+01
3.689309999999999690e+01
3.757789999999999964e+01
3.597540000000000049e+01
3.784550000000000125e+01
3.882410000000000139e+01
3.512660000000000338e+01
3.606629999999999825e+01
3.844100000000000250e+01
