4.811679999999999779e+01
4.931400000000000006e+01
5.048769999999999669e+01
4.582730000000000103e+01
4.664829999999999899e+01
4.938340000000000174e+01
4.436760000000000304e+01
4.517759999999999820e+01
4.308250000000000313e+01
4.631700000000000017e+01
4.268359999999999843e+01
4.459409999999999741e+01
4.118160000000000309e+01
4.208840000000000003e+01
4.032950000000000301e+01
4.211059999999999803e+01
4.126270000000000238e+01
4.159570000000000078e+01
4.201970000000000027e+01
3.848590000000000089e+01
3.854919999999999902e+01
4.007770000000000010e+01
3.924459999999999837e+01
3.896329999999999671e+01
3.935629999999999740e+01
3.853079999999999927e+01
3.684329999999999927e+01
3.772460000000000235e+01
3.698599999999999710e+01
3.959700000000000131e+01
3.964820000000000277e+01
3.698029999999999973e+01
3.754440000000000310e+01
3.550350000000000250e+01
3.752850000000000108e+01
3.905960000000000321e+01
3.528229999999999933e+01
3.895089999999999719e+01
3.892369999999999663e+01
3.891470000000000340e+01
3.803520000000000323e+01
3.574730000000000274e+01
3.520850000000000080e+01
3.855100000000000193e+01
3.734140000000000015e+01
3.639090000000000202e+01
3.891470000000000340e+01
3.687680000000000291e+01
3.763929999999999865e+01
3.746800000000000352e+01
3.847930000000000206e+01
3.891470000000000340e+01
3.891470000000000340e+01
3.845289999999999964e+01
3.520850000000000080e+01
3.697549999999999670e+01
3.773790000000000333e+01
3.520850000000000080e+01
3.617210000000000036e+01
3.877179999999999893e+01
3.755080000000000240e+01
3.520850000000000080e+01
3.683760000000000190e+01
3.621670000000000300e+01
3.716760000000000019e+01
3.853099999999999881e+01
3.717399999999999949e+01
3.839209999999999923e+01
3.885710000000000264e+01
3.759749999999999659e+01
3.604639999999999844e+01
3.891470000000000340e+01
3.891470000000000340e+01
3.801350000000000051e+01
3.549799999999999756e+01
3.587250000000000227e+01
3.626550000000000296e+01
3.520850000000000080e+01
3.891470000000000340e+01
3.764430000000000121e+01
3.520850000000000080e+01
3.824849999999999994e+01
3.891470000000000340e+01
3.891470000000000340e+01
3.766349999999999909e+01
3.645100000000000051e+01
3.525930000000000319e+01
3.664849999999999852e+01
3.769100000000000250e+01
3.579979999999999762e+01
3.520850000000000080e+01
3.553829999999999956e+01
3.796719999999999828e+01
3.660990000000000322e+01
3.869680000000000319e+01
3.878759999999999764e+01
3.734479999999999933e+01
3.885119999999999862e+01
3.836310000000000286e+01
3.674539999999999651e+01
