5.080169999999999675e+01
4.701659999999999684e+01
4.727199999999999847e+01
4.673940000000000339e+01
4.514200000000000301e+01
4.885210000000000008e+01
4.402590000000000003e+01
4.775650000000000261e+01
4.731739999999999924e+01
4.263620000000000232e+01
4.581600000000000250e+01
4.425670000000000215e+01
4.442430000000000234e+01
4.455570000000000164e+01
4.404390000000000072e+01
4.335240000000000293e+01
4.108959999999999724e+01
4.137899999999999778e+01
4.215890000000000271e+01
3.904310000000000258e+01
4.039079999999999870e+01
3.979079999999999728e+01
3.667349999999999710e+01
3.819680000000000319e+01
3.688589999999999947e+01
3.762019999999999698e+01
3.740999999999999659e+01
3.539139999999999731e+01
3.662559999999999860e+01
3.754299999999999926e+01
3.443880000000000052e+01
3.543050000000000210e+01
3.557569999999999766e+01
3.384340000000000259e+01
3.448530000000000229e+01
3.533679999999999666e+01
3.338020000000000209e+01
3.325529999999999831e+01
3.474419999999999931e+01
3.549490000000000123e+01
3.643889999999999674e+01
3.426789999999999736e+01
3.285099999999999909e+01
3.361350000000000193e+01
3.474309999999999832e+01
3.464189999999999969e+01
3.415859999999999985e+01
3.393220000000000169e+01
3.574099999999999966e+01
3.623579999999999757e+01
3.355420000000000158e+01
3.623579999999999757e+01
3.301959999999999695e+01
3.379050000000000153e+01
3.454339999999999833e+01
3.348169999999999646e+01
3.311280000000000001e+01
3.623579999999999757e+01
3.570859999999999701e+01
3.321260000000000190e+01
3.322090000000000032e+01
3.477360000000000184e+01
3.278479999999999706e+01
3.403050000000000352e+01
3.436299999999999955e+01
3.448660000000000281e+01
3.623579999999999757e+01
3.375240000000000151e+01
3.325000000000000000e+01
3.488100000000000023e+01
3.410990000000000322e+01
3.278479999999999706e+01
3.296439999999999770e+01
3.278479999999999706e+01
3.623579999999999757e+01
3.623579999999999757e+01
3.623579999999999757e+01
3.388340000000000174e+01
3.513709999999999667e+01
3.446020000000000039e+01
3.307759999999999678e+01
3.365319999999999823e+01
3.385479999999999734e+01
3.278479999999999706e+01
3.324889999999999901e+01
3.537720000000000198e+01
3.573429999999999751e+01
3.367099999999999937e+01
3.432659999999999911e+01
3.623579999999999757e+01
3.405709999999999837e+01
3.623579999999999757e+01
3.623579999999999757e+01
3.335139999999999816e+01
3.278479999999999706e+01
3.623579999999999757e+01
3.479749999999999943e+01
3.576530000000000342e+01
3.407950000000000301e+01
3.512180000000000035e+01
