5.054240000000000066e+01
4.775699999999999790e+01
4.616029999999999944e+01
5.001879999999999882e+01
4.472540000000000049e+01
4.492790000000000106e+01
4.793079999999999785e+01
4.497870000000000346e+01
4.242210000000000036e+01
4.159770000000000323e+01
4.211950000000000216e+01
4.029769999999999897e+01
4.090140000000000242e+01
4.155799999999999983e+01
4.013640000000000185e+01
4.015050000000000097e+01
4.167020000000000124e+01
4.115890000000000271e+01
3.868840000000000146e+01
4.019890000000000185e+01
3.654729999999999990e+01
3.931790000000000163e+01
3.520929999999999893e+01
3.738069999999999737e+01
3.816429999999999723e+01
3.551080000000000325e+01
3.749649999999999750e+01
3.536889999999999645e+01
3.691210000000000235e+01
3.316069999999999851e+01
3.543630000000000280e+01
3.274530000000000030e+01
3.455799999999999983e+01
3.386520000000000152e+01
3.445309999999999917e+01
3.551250000000000284e+01
3.381560000000000343e+01
3.373409999999999798e+01
3.338020000000000209e+01
3.519050000000000011e+01
3.355570000000000164e+01
3.313479999999999848e+01
3.458469999999999800e+01
3.366470000000000340e+01
3.257319999999999993e+01
3.180120000000000147e+01
3.180120000000000147e+01
3.404849999999999710e+01
3.223969999999999914e+01
3.211849999999999739e+01
3.180120000000000147e+01
3.274210000000000065e+01
3.215350000000000108e+01
3.411860000000000070e+01
3.347480000000000189e+01
3.427479999999999905e+01
3.269839999999999947e+01
3.514869999999999806e+01
3.514869999999999806e+01
3.514869999999999806e+01
3.504800000000000182e+01
3.514869999999999806e+01
3.310819999999999652e+01
3.514869999999999806e+01
3.498899999999999721e+01
3.514869999999999806e+01
3.514869999999999806e+01
3.464509999999999934e+01
3.386469999999999914e+01
3.330369999999999919e+01
3.448429999999999751e+01
3.391660000000000252e+01
3.514869999999999806e+01
3.514869999999999806e+01
3.308140000000000214e+01
3.464309999999999690e+01
3.357119999999999749e+01
3.258330000000000126e+01
3.395539999999999736e+01
3.180120000000000147e+01
3.233290000000000219e+01
3.265100000000000335e+01
3.514869999999999806e+01
3.180120000000000147e+01
3.394800000000000040e+01
3.445550000000000068e+01
3.475419999999999732e+01
3.443359999999999843e+01
3.301820000000000022e+01
3.421710000000000207e+01
3.209449999999999648e+01
3.249770000000000181e+01
3.437080000000000268e+01
3.363470000000000226e+01
3.450950000000000273e+01
3.351850000000000307e+01
3.274360000000000070e+01
3.284660000000000224e+01
3.271529999999999916e+01
3.514869999999999806e+01
