5.235379999999999967e+01
4.964280000000000115e+01
5.079399999999999693e+01
4.513609999999999900e+01
4.900750000000000028e+01
4.484590000000000032e+01
4.491179999999999950e+01
4.653079999999999927e+01
4.575939999999999941e+01
4.421439999999999770e+01
4.429769999999999897e+01
4.203860000000000241e+01
4.024649999999999750e+01
3.975410000000000110e+01
4.003990000000000293e+01
3.720130000000000337e+01
3.853379999999999939e+01
4.003450000000000131e+01
3.701019999999999754e+01
3.906009999999999849e+01
3.861339999999999861e+01
3.586500000000000199e+01
3.420130000000000337e+01
3.743599999999999994e+01
3.612279999999999802e+01
3.648160000000000025e+01
3.523440000000000083e+01
3.351380000000000337e+01
3.601489999999999725e+01
3.257379999999999853e+01
3.410949999999999704e+01
3.294769999999999754e+01
3.536529999999999774e+01
3.527060000000000173e+01
3.396569999999999823e+01
3.479010000000000247e+01
3.202799999999999869e+01
3.263889999999999958e+01
3.409349999999999881e+01
3.180120000000000147e+01
3.457130000000000081e+01
3.456689999999999685e+01
3.180120000000000147e+01
3.180120000000000147e+01
3.257319999999999993e+01
3.318959999999999866e+01
3.180120000000000147e+01
3.463870000000000005e+01
3.334799999999999898e+01
3.497140000000000271e+01
3.180120000000000147e+01
3.361310000000000286e+01
3.207580000000000098e+01
3.180120000000000147e+01
3.460860000000000269e+01
3.180120000000000147e+01
3.328690000000000282e+01
3.208019999999999783e+01
3.266329999999999956e+01
3.347370000000000090e+01
3.319550000000000267e+01
3.289459999999999695e+01
3.393370000000000175e+01
3.180120000000000147e+01
3.324389999999999645e+01
3.339059999999999917e+01
3.180120000000000147e+01
3.187640000000000029e+01
3.514869999999999806e+01
3.369319999999999737e+01
3.221350000000000335e+01
3.285110000000000241e+01
3.341290000000000049e+01
3.274419999999999931e+01
3.180120000000000147e+01
3.180120000000000147e+01
3.231860000000000355e+01
3.268139999999999645e+01
3.439809999999999945e+01
3.359879999999999711e+01
3.514869999999999806e+01
3.514869999999999806e+01
3.478790000000000049e+01
3.377649999999999864e+01
3.514869999999999806e+01
3.193580000000000041e+01
3.284009999999999962e+01
3.233089999999999975e+01
3.431040000000000134e+01
3.180120000000000147e+01
3.493670000000000186e+01
3.514869999999999806e+01
3.514869999999999806e+01
3.345649999999999835e+01
3.316949999999999932e+01
3.514869999999999806e+01
3.514869999999999806e+01
3.198560000000000159e+01
3.514249999999999829e+01
3.196590000000000131e+01
