5.161959999999999837e+01
4.812630000000000052e+01
4.991760000000000019e+01
4.788600000000000279e+01
4.910170000000000101e+01
4.404059999999999775e+01
4.402539999999999765e+01
4.720689999999999742e+01
4.413569999999999993e+01
4.581470000000000198e+01
4.084779999999999944e+01
4.187519999999999953e+01
4.046090000000000231e+01
3.914200000000000301e+01
4.096320000000000050e+01
4.210210000000000008e+01
4.140859999999999985e+01
3.990270000000000294e+01
3.722200000000000131e+01
3.620289999999999964e+01
3.649620000000000175e+01
3.536310000000000286e+01
3.835640000000000072e+01
3.459340000000000259e+01
3.761180000000000234e+01
3.389359999999999928e+01
3.626700000000000301e+01
3.326380000000000337e+01
3.422270000000000323e+01
3.395470000000000255e+01
3.354359999999999786e+01
3.253220000000000312e+01
3.199540000000000006e+01
3.487680000000000291e+01
3.269850000000000279e+01
3.475419999999999732e+01
3.368269999999999698e+01
3.341870000000000118e+01
3.105069999999999908e+01
3.095439999999999969e+01
3.332739999999999725e+01
3.220759999999999934e+01
3.142620000000000147e+01
3.398080000000000211e+01
3.073570000000000135e+01
3.251740000000000208e+01
3.170710000000000051e+01
3.158190000000000097e+01
3.397109999999999985e+01
3.176429999999999865e+01
3.254890000000000327e+01
3.144979999999999976e+01
3.073570000000000135e+01
3.189969999999999928e+01
3.397109999999999985e+01
3.209490000000000265e+01
3.073570000000000135e+01
3.073900000000000077e+01
3.085210000000000008e+01
3.397109999999999985e+01
3.397109999999999985e+01
3.321759999999999735e+01
3.194089999999999918e+01
3.102090000000000103e+01
3.321070000000000277e+01
3.275000000000000000e+01
3.255850000000000222e+01
3.287780000000000058e+01
3.321070000000000277e+01
3.397109999999999985e+01
3.116499999999999915e+01
3.397109999999999985e+01
3.397109999999999985e+01
3.073570000000000135e+01
3.073570000000000135e+01
3.235829999999999984e+01
3.397109999999999985e+01
3.147350000000000136e+01
3.151079999999999970e+01
3.286119999999999663e+01
3.397109999999999985e+01
3.361010000000000275e+01
3.397109999999999985e+01
3.356710000000000349e+01
3.192089999999999961e+01
3.312810000000000343e+01
3.161100000000000065e+01
3.397109999999999985e+01
3.397109999999999985e+01
3.397109999999999985e+01
3.268780000000000285e+01
3.397109999999999985e+01
3.230740000000000123e+01
3.117660000000000053e+01
3.281459999999999866e+01
3.073570000000000135e+01
3.367090000000000316e+01
3.278490000000000038e+01
3.262349999999999994e+01
3.073570000000000135e+01
