5.087290000000000134e+01
4.853099999999999881e+01
4.930180000000000007e+01
4.699790000000000134e+01
4.970900000000000318e+01
4.631929999999999836e+01
4.648290000000000077e+01
4.562290000000000134e+01
4.257019999999999982e+01
4.201460000000000150e+01
4.501180000000000092e+01
4.280060000000000286e+01
4.218010000000000304e+01
3.997440000000000282e+01
4.017320000000000135e+01
4.317549999999999955e+01
4.058659999999999712e+01
4.092790000000000106e+01
3.850489999999999924e+01
4.077640000000000242e+01
4.046900000000000119e+01
4.063859999999999673e+01
3.644950000000000045e+01
3.868339999999999890e+01
3.907679999999999865e+01
3.910470000000000113e+01
3.535649999999999693e+01
3.512879999999999825e+01
3.712749999999999773e+01
3.756000000000000227e+01
3.753589999999999804e+01
3.696150000000000091e+01
3.487510000000000332e+01
3.425419999999999732e+01
3.569870000000000232e+01
3.434590000000000032e+01
3.580890000000000128e+01
3.606260000000000332e+01
3.520920000000000272e+01
3.381719999999999970e+01
3.381719999999999970e+01
3.624719999999999942e+01
3.569400000000000261e+01
3.381719999999999970e+01
3.602740000000000009e+01
3.578269999999999840e+01
3.425619999999999976e+01
3.387780000000000058e+01
3.381719999999999970e+01
3.737689999999999912e+01
3.381719999999999970e+01
3.570280000000000342e+01
3.522560000000000002e+01
3.381719999999999970e+01
3.676859999999999928e+01
3.590599999999999881e+01
3.599249999999999972e+01
3.735739999999999839e+01
3.501709999999999923e+01
3.737689999999999912e+01
3.680680000000000263e+01
3.572710000000000008e+01
3.693869999999999720e+01
3.737689999999999912e+01
3.543269999999999698e+01
3.522220000000000084e+01
3.437089999999999890e+01
3.737689999999999912e+01
3.737689999999999912e+01
3.459799999999999898e+01
3.709309999999999974e+01
3.723270000000000124e+01
3.714030000000000342e+01
3.464990000000000236e+01
3.737689999999999912e+01
3.549099999999999966e+01
3.567999999999999972e+01
3.737689999999999912e+01
3.617040000000000077e+01
3.606269999999999953e+01
3.382370000000000232e+01
3.381719999999999970e+01
3.381719999999999970e+01
3.381719999999999970e+01
3.737689999999999912e+01
3.427270000000000039e+01
3.502519999999999811e+01
3.512539999999999907e+01
3.445550000000000068e+01
3.737689999999999912e+01
3.613430000000000319e+01
3.381719999999999970e+01
3.425119999999999720e+01
3.558879999999999910e+01
3.508100000000000307e+01
3.578020000000000067e+01
3.646970000000000312e+01
3.480769999999999698e+01
3.594290000000000163e+01
3.737689999999999912e+01
