5.105010000000000048e+01
4.682459999999999667e+01
4.869160000000000110e+01
4.995980000000000132e+01
4.842730000000000246e+01
4.826850000000000307e+01
4.746139999999999759e+01
4.419749999999999801e+01
4.155019999999999669e+01
4.418090000000000117e+01
4.312539999999999907e+01
3.963750000000000284e+01
4.216729999999999734e+01
4.110810000000000031e+01
4.192649999999999721e+01
3.835810000000000031e+01
4.079899999999999949e+01
3.643809999999999860e+01
3.790270000000000294e+01
3.722890000000000299e+01
3.515140000000000242e+01
3.476879999999999882e+01
3.724860000000000326e+01
3.569650000000000034e+01
3.473879999999999768e+01
3.457059999999999889e+01
3.466649999999999920e+01
3.457679999999999865e+01
3.295490000000000208e+01
3.451800000000000068e+01
3.365160000000000196e+01
3.221860000000000213e+01
3.407889999999999731e+01
3.417669999999999675e+01
3.503900000000000148e+01
3.520000000000000284e+01
3.181279999999999930e+01
3.288700000000000045e+01
3.514869999999999806e+01
3.514869999999999806e+01
3.452579999999999671e+01
3.292340000000000089e+01
3.236079999999999757e+01
3.270259999999999678e+01
3.429180000000000206e+01
3.267889999999999873e+01
3.195349999999999824e+01
3.219429999999999836e+01
3.399040000000000106e+01
3.514869999999999806e+01
3.514869999999999806e+01
3.514869999999999806e+01
3.274640000000000128e+01
3.347729999999999961e+01
3.180120000000000147e+01
3.396629999999999683e+01
3.395029999999999859e+01
3.514869999999999806e+01
3.180120000000000147e+01
3.425330000000000297e+01
3.357039999999999935e+01
3.364110000000000156e+01
3.514869999999999806e+01
3.359380000000000166e+01
3.397180000000000177e+01
3.357999999999999829e+01
3.180120000000000147e+01
3.277150000000000318e+01
3.421520000000000294e+01
3.514869999999999806e+01
3.246690000000000254e+01
3.354200000000000159e+01
3.514869999999999806e+01
3.398360000000000269e+01
3.262279999999999802e+01
3.180120000000000147e+01
3.514869999999999806e+01
3.180120000000000147e+01
3.319619999999999749e+01
3.370109999999999673e+01
3.380939999999999657e+01
3.345159999999999911e+01
3.180120000000000147e+01
3.514869999999999806e+01
3.215639999999999787e+01
3.448369999999999891e+01
3.406250000000000000e+01
3.374849999999999994e+01
3.298060000000000258e+01
3.366479999999999961e+01
3.399669999999999703e+01
3.505720000000000169e+01
3.278589999999999804e+01
3.429639999999999844e+01
3.386310000000000286e+01
3.180120000000000147e+01
3.514869999999999806e+01
3.423460000000000036e+01
3.354789999999999850e+01
3.335690000000000310e+01
