5.186119999999999663e+01
5.178739999999999810e+01
4.973599999999999710e+01
4.875439999999999685e+01
4.454659999999999798e+01
4.416559999999999775e+01
4.331309999999999860e+01
4.244460000000000122e+01
4.483870000000000289e+01
4.118189999999999884e+01
4.130519999999999925e+01
4.124660000000000082e+01
3.940079999999999671e+01
4.003549999999999898e+01
4.238029999999999831e+01
4.090849999999999653e+01
4.042240000000000322e+01
3.707059999999999889e+01
3.650630000000000308e+01
3.707990000000000208e+01
3.631539999999999679e+01
3.536919999999999931e+01
3.859960000000000235e+01
3.472590000000000288e+01
3.548660000000000281e+01
3.777190000000000225e+01
3.750529999999999831e+01
3.501740000000000208e+01
3.688369999999999749e+01
3.601449999999999818e+01
3.319830000000000325e+01
3.655319999999999681e+01
3.457280000000000086e+01
3.539889999999999759e+01
3.283070000000000022e+01
3.392649999999999721e+01
3.623579999999999757e+01
3.623579999999999757e+01
3.378110000000000213e+01
3.506660000000000110e+01
3.606009999999999849e+01
3.358959999999999724e+01
3.468950000000000244e+01
3.568690000000000140e+01
3.623579999999999757e+01
3.623579999999999757e+01
3.278479999999999706e+01
3.623579999999999757e+01
3.460679999999999978e+01
3.421450000000000102e+01
3.556940000000000168e+01
3.620920000000000272e+01
3.363080000000000069e+01
3.348100000000000165e+01
3.470360000000000156e+01
3.623579999999999757e+01
3.278479999999999706e+01
3.431969999999999743e+01
3.623579999999999757e+01
3.557180000000000319e+01
3.623579999999999757e+01
3.396650000000000347e+01
3.387570000000000192e+01
3.286280000000000001e+01
3.325639999999999930e+01
3.278479999999999706e+01
3.278479999999999706e+01
3.278479999999999706e+01
3.476729999999999876e+01
3.553130000000000166e+01
3.331230000000000047e+01
3.370120000000000005e+01
3.278479999999999706e+01
3.278479999999999706e+01
3.623579999999999757e+01
3.623579999999999757e+01
3.383489999999999753e+01
3.426319999999999766e+01
3.623579999999999757e+01
3.278479999999999706e+01
3.278479999999999706e+01
3.533120000000000260e+01
3.278479999999999706e+01
3.623579999999999757e+01
3.623579999999999757e+01
3.404209999999999781e+01
3.332759999999999678e+01
3.552740000000000009e+01
3.503009999999999735e+01
3.623579999999999757e+01
3.608800000000000097e+01
3.623579999999999757e+01
3.492790000000000106e+01
3.555749999999999744e+01
3.278479999999999706e+01
3.399860000000000326e+01
3.278479999999999706e+01
3.401259999999999906e+01
3.333590000000000231e+01
3.474430000000000263e+01
