4.767079999999999984e+01
4.995179999999999865e+01
4.622330000000000183e+01
5.027980000000000160e+01
4.522189999999999799e+01
4.681439999999999912e+01
4.806349999999999767e+01
4.437550000000000239e+01
4.371699999999999875e+01
4.542799999999999727e+01
4.540829999999999700e+01
4.304500000000000171e+01
4.420879999999999654e+01
4.218070000000000164e+01
3.974009999999999820e+01
4.190930000000000177e+01
4.056869999999999976e+01
4.158610000000000184e+01
4.112570000000000192e+01
3.805729999999999791e+01
3.807659999999999911e+01
3.724900000000000233e+01
3.764690000000000225e+01
3.670779999999999887e+01
3.881300000000000239e+01
3.558070000000000022e+01
3.632909999999999684e+01
3.504460000000000264e+01
3.769959999999999667e+01
3.545109999999999673e+01
3.509380000000000166e+01
3.506759999999999877e+01
3.639520000000000266e+01
3.437199999999999989e+01
3.414099999999999824e+01
3.588839999999999719e+01
3.493679999999999808e+01
3.644689999999999941e+01
3.641479999999999961e+01
3.526149999999999807e+01
3.347180000000000177e+01
3.293699999999999761e+01
3.577420000000000044e+01
3.640409999999999968e+01
3.382309999999999661e+01
3.546929999999999694e+01
3.588490000000000180e+01
3.533120000000000260e+01
3.640409999999999968e+01
3.351250000000000284e+01
3.578799999999999670e+01
3.488199999999999790e+01
3.559579999999999700e+01
3.487109999999999843e+01
3.573109999999999786e+01
3.370949999999999847e+01
3.593439999999999657e+01
3.548010000000000019e+01
3.590180000000000149e+01
3.446800000000000352e+01
3.412760000000000105e+01
3.464520000000000266e+01
3.414560000000000173e+01
3.293699999999999761e+01
3.511200000000000188e+01
3.640409999999999968e+01
3.625480000000000302e+01
3.609340000000000259e+01
3.579019999999999868e+01
3.640409999999999968e+01
3.293699999999999761e+01
3.416649999999999920e+01
3.542889999999999873e+01
3.322180000000000177e+01
3.445790000000000219e+01
3.505969999999999942e+01
3.321500000000000341e+01
3.325079999999999814e+01
3.445850000000000080e+01
3.626809999999999690e+01
3.618650000000000233e+01
3.640409999999999968e+01
3.467240000000000322e+01
3.550630000000000308e+01
3.529310000000000258e+01
3.301780000000000115e+01
3.355610000000000070e+01
3.384759999999999991e+01
3.639330000000000354e+01
3.313409999999999656e+01
3.293699999999999761e+01
3.537969999999999970e+01
3.640409999999999968e+01
3.570759999999999934e+01
3.293699999999999761e+01
3.570819999999999794e+01
3.381530000000000058e+01
3.293699999999999761e+01
3.293699999999999761e+01
3.590930000000000177e+01
