5.245649999999999835e+01
5.094250000000000256e+01
5.035799999999999699e+01
4.618580000000000041e+01
4.540240000000000009e+01
4.895270000000000010e+01
4.454429999999999978e+01
4.848409999999999798e+01
4.795309999999999917e+01
4.344780000000000086e+01
4.247249999999999659e+01
4.287380000000000280e+01
4.600310000000000343e+01
4.122010000000000218e+01
4.417280000000000229e+01
4.046399999999999864e+01
4.325759999999999650e+01
4.027969999999999828e+01
4.360040000000000049e+01
4.224629999999999797e+01
4.271629999999999683e+01
4.139979999999999905e+01
3.995109999999999673e+01
3.806960000000000122e+01
3.784120000000000061e+01
3.828569999999999851e+01
3.743160000000000309e+01
3.792530000000000001e+01
3.985569999999999879e+01
3.871759999999999735e+01
3.680149999999999721e+01
3.853150000000000119e+01
4.043160000000000309e+01
3.930060000000000286e+01
3.642349999999999710e+01
3.914809999999999945e+01
3.955109999999999815e+01
3.630530000000000257e+01
3.742349999999999710e+01
4.011820000000000164e+01
3.799609999999999843e+01
3.824280000000000257e+01
4.011820000000000164e+01
3.677669999999999817e+01
3.629740000000000322e+01
3.738029999999999831e+01
3.692119999999999891e+01
3.954820000000000135e+01
3.822270000000000323e+01
3.675330000000000297e+01
3.629740000000000322e+01
4.011820000000000164e+01
3.973879999999999768e+01
3.903640000000000043e+01
4.001100000000000279e+01
3.629740000000000322e+01
3.629740000000000322e+01
3.686090000000000089e+01
3.973819999999999908e+01
3.791389999999999816e+01
3.818509999999999849e+01
3.899269999999999925e+01
3.629740000000000322e+01
3.854540000000000077e+01
3.929099999999999682e+01
3.960589999999999833e+01
3.826539999999999964e+01
4.011820000000000164e+01
3.708409999999999940e+01
3.629740000000000322e+01
3.794460000000000122e+01
3.629740000000000322e+01
3.746209999999999951e+01
3.629740000000000322e+01
3.990820000000000078e+01
3.800630000000000308e+01
3.883630000000000138e+01
3.774569999999999936e+01
3.755989999999999895e+01
3.935220000000000340e+01
3.979449999999999932e+01
3.844950000000000045e+01
3.746560000000000201e+01
3.629740000000000322e+01
4.011820000000000164e+01
3.666830000000000211e+01
3.636010000000000275e+01
3.631049999999999756e+01
3.743919999999999959e+01
3.629740000000000322e+01
4.011820000000000164e+01
3.886639999999999873e+01
3.667309999999999803e+01
3.629740000000000322e+01
4.011820000000000164e+01
3.629740000000000322e+01
3.671159999999999712e+01
3.712129999999999797e+01
3.787489999999999668e+01
3.914589999999999748e+01
