5.268880000000000052e+01
4.810210000000000008e+01
5.125880000000000081e+01
4.575220000000000198e+01
4.514200000000000301e+01
4.848190000000000310e+01
4.452839999999999776e+01
4.490970000000000084e+01
4.735880000000000223e+01
4.412120000000000175e+01
4.517300000000000182e+01
4.128269999999999840e+01
4.168339999999999890e+01
4.173640000000000327e+01
4.124580000000000268e+01
3.940079999999999671e+01
4.168529999999999802e+01
4.003240000000000265e+01
4.215890000000000271e+01
3.804910000000000281e+01
3.737919999999999732e+01
4.010799999999999699e+01
3.764119999999999777e+01
3.762559999999999860e+01
3.709100000000000108e+01
3.948579999999999757e+01
3.698020000000000351e+01
3.886829999999999785e+01
3.858389999999999986e+01
3.723329999999999984e+01
3.451700000000000301e+01
3.507930000000000348e+01
3.470920000000000272e+01
3.598649999999999949e+01
3.413819999999999766e+01
3.429059999999999775e+01
3.518379999999999797e+01
3.325529999999999831e+01
3.663389999999999702e+01
3.485920000000000130e+01
3.614560000000000173e+01
3.634510000000000218e+01
3.425310000000000343e+01
3.626830000000000354e+01
3.279209999999999781e+01
3.623579999999999757e+01
3.354030000000000200e+01
3.623579999999999757e+01
3.291689999999999827e+01
3.527570000000000050e+01
3.278479999999999706e+01
3.386780000000000257e+01
3.428020000000000067e+01
3.623579999999999757e+01
3.278479999999999706e+01
3.337210000000000321e+01
3.585199999999999676e+01
3.623579999999999757e+01
3.494959999999999667e+01
3.540400000000000347e+01
3.377369999999999806e+01
3.278479999999999706e+01
3.623579999999999757e+01
3.623579999999999757e+01
3.278479999999999706e+01
3.382540000000000191e+01
3.375979999999999848e+01
3.327729999999999677e+01
3.623579999999999757e+01
3.278479999999999706e+01
3.295250000000000057e+01
3.344989999999999952e+01
3.504339999999999833e+01
3.581150000000000233e+01
3.534689999999999799e+01
3.436110000000000042e+01
3.548570000000000135e+01
3.278479999999999706e+01
3.623579999999999757e+01
3.620340000000000202e+01
3.278479999999999706e+01
3.383039999999999736e+01
3.421459999999999724e+01
3.437939999999999685e+01
3.304200000000000159e+01
3.573190000000000310e+01
3.460139999999999816e+01
3.512369999999999948e+01
3.623579999999999757e+01
3.426590000000000202e+01
3.565879999999999939e+01
3.623579999999999757e+01
3.405630000000000024e+01
3.623579999999999757e+01
3.479630000000000223e+01
3.278479999999999706e+01
3.502060000000000173e+01
3.623579999999999757e+01
3.278479999999999706e+01
3.623579999999999757e+01
