4.819109999999999872e+01
4.701659999999999684e+01
5.074600000000000222e+01
5.056819999999999737e+01
4.989379999999999882e+01
4.687879999999999825e+01
4.672879999999999967e+01
4.569319999999999737e+01
4.735880000000000223e+01
4.316230000000000189e+01
4.618889999999999674e+01
4.128269999999999840e+01
4.508389999999999986e+01
4.455570000000000164e+01
4.288490000000000180e+01
4.189359999999999928e+01
3.896710000000000207e+01
3.911979999999999791e+01
4.142810000000000059e+01
3.991120000000000090e+01
4.089889999999999759e+01
4.080969999999999942e+01
3.793800000000000239e+01
3.634270000000000067e+01
3.755369999999999919e+01
3.633089999999999975e+01
3.810880000000000223e+01
3.566210000000000235e+01
3.507600000000000051e+01
3.831580000000000297e+01
3.602349999999999852e+01
3.745190000000000197e+01
3.656929999999999836e+01
3.516409999999999769e+01
3.631230000000000047e+01
3.575130000000000052e+01
3.689390000000000214e+01
3.533100000000000307e+01
3.634459999999999980e+01
3.384779999999999944e+01
3.413819999999999766e+01
3.450509999999999877e+01
3.407860000000000156e+01
3.348749999999999716e+01
3.538900000000000290e+01
3.341149999999999665e+01
3.500820000000000221e+01
3.609100000000000108e+01
3.312129999999999797e+01
3.623579999999999757e+01
3.561220000000000141e+01
3.588889999999999958e+01
3.418410000000000082e+01
3.623579999999999757e+01
3.418529999999999802e+01
3.278479999999999706e+01
3.479959999999999809e+01
3.610649999999999693e+01
3.386809999999999832e+01
3.492000000000000171e+01
3.278479999999999706e+01
3.623579999999999757e+01
3.438439999999999941e+01
3.278479999999999706e+01
3.621790000000000020e+01
3.623579999999999757e+01
3.278479999999999706e+01
3.589950000000000330e+01
3.560150000000000148e+01
3.553329999999999700e+01
3.454500000000000171e+01
3.450160000000000338e+01
3.586370000000000147e+01
3.278479999999999706e+01
3.356289999999999907e+01
3.592090000000000316e+01
3.581609999999999872e+01
3.422509999999999764e+01
3.278479999999999706e+01
3.421200000000000330e+01
3.278479999999999706e+01
3.623579999999999757e+01
3.278479999999999706e+01
3.592390000000000327e+01
3.278479999999999706e+01
3.278479999999999706e+01
3.584109999999999729e+01
3.623579999999999757e+01
3.467909999999999826e+01
3.279290000000000305e+01
3.278479999999999706e+01
3.475410000000000110e+01
3.584170000000000300e+01
3.587060000000000315e+01
3.278479999999999706e+01
3.623579999999999757e+01
3.413159999999999883e+01
3.623579999999999757e+01
3.623579999999999757e+01
3.559120000000000061e+01
