4.843820000000000192e+01
4.831770000000000209e+01
5.005120000000000147e+01
5.031759999999999877e+01
4.915129999999999910e+01
4.560379999999999967e+01
4.394169999999999732e+01
4.605729999999999791e+01
4.676850000000000307e+01
4.655630000000000024e+01
4.472350000000000136e+01
4.303710000000000235e+01
4.083400000000000318e+01
4.096399999999999864e+01
4.008939999999999770e+01
3.951330000000000098e+01
4.322420000000000329e+01
4.173120000000000118e+01
3.874819999999999709e+01
4.112919999999999732e+01
3.830740000000000123e+01
3.739540000000000219e+01
4.068979999999999819e+01
3.894250000000000256e+01
3.751489999999999725e+01
3.775390000000000157e+01
3.600000000000000000e+01
3.814379999999999882e+01
3.750610000000000355e+01
3.705590000000000117e+01
3.524029999999999774e+01
3.878759999999999764e+01
3.496410000000000196e+01
3.783529999999999660e+01
3.705069999999999908e+01
3.630649999999999977e+01
3.699499999999999744e+01
3.629930000000000234e+01
3.516929999999999978e+01
3.454110000000000014e+01
3.661140000000000327e+01
3.493739999999999668e+01
3.491570000000000107e+01
3.636010000000000275e+01
3.454110000000000014e+01
3.454110000000000014e+01
3.454110000000000014e+01
3.727089999999999748e+01
3.817699999999999960e+01
3.658809999999999718e+01
3.522140000000000271e+01
3.817699999999999960e+01
3.582529999999999859e+01
3.460340000000000060e+01
3.603509999999999991e+01
3.551599999999999824e+01
3.454110000000000014e+01
3.740160000000000196e+01
3.793650000000000233e+01
3.698380000000000223e+01
3.817699999999999960e+01
3.817410000000000281e+01
3.730319999999999681e+01
3.788439999999999941e+01
3.540590000000000259e+01
3.454110000000000014e+01
3.573239999999999839e+01
3.549900000000000233e+01
3.641250000000000142e+01
3.491910000000000025e+01
3.734680000000000177e+01
3.588770000000000238e+01
3.496159999999999712e+01
3.787420000000000186e+01
3.454110000000000014e+01
3.635580000000000211e+01
3.684190000000000254e+01
3.454110000000000014e+01
3.781759999999999877e+01
3.732439999999999714e+01
3.817699999999999960e+01
3.763629999999999853e+01
3.562740000000000151e+01
3.519650000000000034e+01
3.683720000000000283e+01
3.497019999999999840e+01
3.454110000000000014e+01
3.627859999999999729e+01
3.817699999999999960e+01
3.649830000000000041e+01
3.756430000000000291e+01
3.590350000000000108e+01
3.496229999999999905e+01
3.543860000000000099e+01
3.464509999999999934e+01
3.618299999999999983e+01
3.491729999999999734e+01
3.620889999999999986e+01
3.817699999999999960e+01
3.776050000000000040e+01
