4.767079999999999984e+01
4.697650000000000148e+01
4.630019999999999669e+01
4.786789999999999878e+01
4.500169999999999959e+01
4.788929999999999865e+01
4.826500000000000057e+01
4.410880000000000223e+01
4.326489999999999725e+01
4.390400000000000347e+01
4.565570000000000306e+01
4.176460000000000150e+01
4.089079999999999870e+01
4.005129999999999768e+01
4.258209999999999695e+01
4.121430000000000149e+01
4.280219999999999914e+01
3.832000000000000028e+01
3.956539999999999679e+01
4.120020000000000238e+01
4.112780000000000058e+01
4.075909999999999656e+01
3.656159999999999854e+01
3.742849999999999966e+01
3.690140000000000242e+01
3.786760000000000304e+01
3.766629999999999967e+01
3.566230000000000189e+01
3.571829999999999927e+01
3.852660000000000196e+01
3.743280000000000030e+01
3.786590000000000344e+01
3.559449999999999648e+01
3.653920000000000101e+01
3.418110000000000070e+01
3.440339999999999776e+01
3.403679999999999950e+01
3.602490000000000236e+01
3.703659999999999997e+01
3.535170000000000101e+01
3.518719999999999715e+01
3.683970000000000056e+01
3.615619999999999834e+01
3.555049999999999955e+01
3.471130000000000138e+01
3.486869999999999692e+01
3.609329999999999927e+01
3.528099999999999881e+01
3.657560000000000144e+01
3.753000000000000114e+01
3.655069999999999908e+01
3.728739999999999810e+01
3.601279999999999859e+01
3.416109999999999758e+01
3.395570000000000022e+01
3.512749999999999773e+01
3.395570000000000022e+01
3.726310000000000144e+01
3.685199999999999676e+01
3.395570000000000022e+01
3.547319999999999851e+01
3.395570000000000022e+01
3.685340000000000060e+01
3.441949999999999932e+01
3.753000000000000114e+01
3.753000000000000114e+01
3.565999999999999659e+01
3.395570000000000022e+01
3.753000000000000114e+01
3.753000000000000114e+01
3.577150000000000318e+01
3.674680000000000035e+01
3.395570000000000022e+01
3.581430000000000291e+01
3.395570000000000022e+01
3.669169999999999732e+01
3.566910000000000025e+01
3.518260000000000076e+01
3.753000000000000114e+01
3.639800000000000324e+01
3.395570000000000022e+01
3.529379999999999740e+01
3.601370000000000005e+01
3.673199999999999932e+01
3.511999999999999744e+01
3.583209999999999695e+01
3.667459999999999809e+01
3.533149999999999835e+01
3.463609999999999900e+01
3.455819999999999936e+01
3.753000000000000114e+01
3.502389999999999759e+01
3.610410000000000252e+01
3.699099999999999966e+01
3.410490000000000066e+01
3.677870000000000061e+01
3.460829999999999984e+01
3.748890000000000100e+01
3.636379999999999768e+01
3.753000000000000114e+01
