5.241599999999999682e+01
4.694610000000000127e+01
5.095470000000000255e+01
4.568670000000000186e+01
4.959799999999999898e+01
4.431929999999999836e+01
4.357840000000000202e+01
4.301400000000000290e+01
4.237980000000000302e+01
4.615849999999999653e+01
4.291049999999999898e+01
4.491460000000000008e+01
4.307560000000000144e+01
3.957979999999999876e+01
4.011549999999999727e+01
4.036639999999999873e+01
4.089679999999999893e+01
4.006669999999999732e+01
4.115469999999999828e+01
3.931880000000000308e+01
3.641680000000000206e+01
3.603309999999999746e+01
3.730859999999999843e+01
3.531689999999999685e+01
3.498440000000000083e+01
3.647319999999999851e+01
3.706980000000000075e+01
3.408919999999999817e+01
3.658239999999999981e+01
3.359890000000000043e+01
3.509170000000000300e+01
3.662219999999999942e+01
3.640540000000000020e+01
3.620750000000000313e+01
3.259720000000000084e+01
3.580030000000000001e+01
3.474159999999999826e+01
3.361769999999999925e+01
3.290109999999999957e+01
3.411899999999999977e+01
3.228329999999999700e+01
3.436390000000000100e+01
3.264589999999999748e+01
3.422890000000000299e+01
3.395680000000000121e+01
3.526520000000000010e+01
3.432500000000000284e+01
3.453649999999999665e+01
3.526520000000000010e+01
3.407650000000000290e+01
3.227660000000000196e+01
3.526520000000000010e+01
3.526520000000000010e+01
3.190660000000000096e+01
3.460699999999999932e+01
3.410649999999999693e+01
3.321450000000000102e+01
3.383239999999999981e+01
3.526520000000000010e+01
3.393829999999999814e+01
3.434080000000000155e+01
3.465220000000000056e+01
3.190660000000000096e+01
3.468529999999999802e+01
3.440259999999999962e+01
3.316519999999999868e+01
3.526520000000000010e+01
3.361650000000000205e+01
3.476550000000000296e+01
3.305510000000000304e+01
3.526520000000000010e+01
3.334490000000000265e+01
3.526520000000000010e+01
3.269819999999999993e+01
3.478079999999999927e+01
3.472030000000000172e+01
3.190660000000000096e+01
3.526520000000000010e+01
3.242309999999999803e+01
3.334570000000000078e+01
3.526520000000000010e+01
3.328880000000000194e+01
3.190660000000000096e+01
3.526520000000000010e+01
3.332620000000000005e+01
3.525540000000000163e+01
3.303260000000000218e+01
3.526520000000000010e+01
3.410649999999999693e+01
3.526520000000000010e+01
3.378730000000000189e+01
3.434920000000000329e+01
3.288119999999999976e+01
3.524949999999999761e+01
3.368690000000000140e+01
3.240999999999999659e+01
3.452900000000000347e+01
3.359069999999999823e+01
3.190660000000000096e+01
3.334920000000000329e+01
