4.806700000000000017e+01
5.173429999999999751e+01
4.672030000000000172e+01
4.852360000000000184e+01
4.549589999999999890e+01
4.587709999999999866e+01
4.736489999999999867e+01
4.657169999999999987e+01
4.513909999999999911e+01
4.183270000000000266e+01
4.435340000000000060e+01
3.950900000000000034e+01
3.891290000000000049e+01
3.922650000000000148e+01
4.006000000000000227e+01
4.004079999999999728e+01
3.677210000000000178e+01
3.727049999999999841e+01
3.646309999999999718e+01
3.899369999999999692e+01
3.744140000000000157e+01
3.527550000000000097e+01
3.515189999999999770e+01
3.482200000000000273e+01
3.720120000000000005e+01
3.689200000000000301e+01
3.312299999999999756e+01
3.289189999999999969e+01
3.434449999999999648e+01
3.387230000000000274e+01
3.292699999999999960e+01
3.221070000000000277e+01
3.210119999999999862e+01
3.320230000000000103e+01
3.531900000000000261e+01
3.436820000000000164e+01
3.385580000000000211e+01
3.302960000000000207e+01
3.268589999999999662e+01
3.230740000000000123e+01
3.190660000000000096e+01
3.526520000000000010e+01
3.485450000000000159e+01
3.458489999999999753e+01
3.526520000000000010e+01
3.327369999999999806e+01
3.314180000000000348e+01
3.261939999999999884e+01
3.526520000000000010e+01
3.415820000000000078e+01
3.526520000000000010e+01
3.394830000000000325e+01
3.401809999999999690e+01
3.329149999999999920e+01
3.406309999999999860e+01
3.435829999999999984e+01
3.308019999999999783e+01
3.275050000000000239e+01
3.526520000000000010e+01
3.445199999999999818e+01
3.526520000000000010e+01
3.237250000000000227e+01
3.280100000000000193e+01
3.326680000000000348e+01
3.277960000000000207e+01
3.447740000000000293e+01
3.351740000000000208e+01
3.190660000000000096e+01
3.234689999999999799e+01
3.526520000000000010e+01
3.190660000000000096e+01
3.282019999999999982e+01
3.387360000000000326e+01
3.241539999999999822e+01
3.190660000000000096e+01
3.423389999999999844e+01
3.304879999999999995e+01
3.358100000000000307e+01
3.414229999999999876e+01
3.375289999999999679e+01
3.323380000000000223e+01
3.356329999999999814e+01
3.506139999999999901e+01
3.508990000000000009e+01
3.355810000000000315e+01
3.526520000000000010e+01
3.526520000000000010e+01
3.526520000000000010e+01
3.526520000000000010e+01
3.526520000000000010e+01
3.193949999999999889e+01
3.400739999999999696e+01
3.390200000000000102e+01
3.300990000000000180e+01
3.506949999999999790e+01
3.392999999999999972e+01
3.497529999999999717e+01
3.272030000000000172e+01
3.432410000000000139e+01
3.354579999999999984e+01
