4.991949999999999932e+01
5.064999999999999858e+01
4.840489999999999782e+01
5.023369999999999891e+01
4.753779999999999717e+01
4.872910000000000252e+01
4.443560000000000088e+01
4.680049999999999955e+01
4.804030000000000200e+01
4.502120000000000033e+01
4.412460000000000093e+01
4.425160000000000338e+01
4.271959999999999980e+01
4.221959999999999980e+01
4.438569999999999993e+01
4.436220000000000141e+01
4.244169999999999732e+01
4.304650000000000176e+01
4.032889999999999731e+01
4.210009999999999764e+01
4.285549999999999926e+01
4.167810000000000059e+01
4.219989999999999952e+01
3.825800000000000267e+01
3.993220000000000169e+01
3.992649999999999721e+01
4.106759999999999877e+01
3.945960000000000178e+01
3.743430000000000035e+01
3.733619999999999806e+01
3.796549999999999869e+01
3.744200000000000017e+01
3.602409999999999712e+01
3.588250000000000028e+01
3.575450000000000017e+01
3.939150000000000063e+01
3.615270000000000294e+01
3.885510000000000019e+01
3.891460000000000008e+01
3.607189999999999941e+01
3.800789999999999935e+01
3.765890000000000271e+01
3.787810000000000343e+01
3.891470000000000340e+01
3.891470000000000340e+01
3.730590000000000117e+01
3.696289999999999765e+01
3.520850000000000080e+01
3.649739999999999895e+01
3.686869999999999692e+01
3.825050000000000239e+01
3.565800000000000125e+01
3.709870000000000090e+01
3.721900000000000119e+01
3.797720000000000340e+01
3.581410000000000338e+01
3.520850000000000080e+01
3.520850000000000080e+01
3.891470000000000340e+01
3.806150000000000233e+01
3.770009999999999906e+01
3.807840000000000202e+01
3.723369999999999891e+01
3.755149999999999721e+01
3.566380000000000194e+01
3.679659999999999798e+01
3.806920000000000215e+01
3.891470000000000340e+01
3.692009999999999792e+01
3.891470000000000340e+01
3.664789999999999992e+01
3.724949999999999761e+01
3.850529999999999831e+01
3.891470000000000340e+01
3.630420000000000158e+01
3.565520000000000067e+01
3.803320000000000078e+01
3.554540000000000077e+01
3.891470000000000340e+01
3.602859999999999729e+01
3.520850000000000080e+01
3.758440000000000225e+01
3.741720000000000113e+01
3.520850000000000080e+01
3.617949999999999733e+01
3.520850000000000080e+01
3.653040000000000020e+01
3.679610000000000269e+01
3.682480000000000331e+01
3.809960000000000235e+01
3.891470000000000340e+01
3.755910000000000082e+01
3.571430000000000149e+01
3.824940000000000140e+01
3.891470000000000340e+01
3.785450000000000159e+01
3.805760000000000076e+01
3.535900000000000176e+01
3.852380000000000138e+01
3.891470000000000340e+01
