4.780850000000000222e+01
5.058489999999999753e+01
5.081020000000000181e+01
4.990610000000000213e+01
4.581029999999999802e+01
4.536010000000000275e+01
4.489549999999999841e+01
4.389330000000000354e+01
4.388519999999999754e+01
4.497489999999999810e+01
4.396000000000000085e+01
4.112879999999999825e+01
3.909279999999999688e+01
3.982450000000000045e+01
4.091149999999999665e+01
3.704529999999999745e+01
3.880780000000000030e+01
3.770349999999999824e+01
3.571329999999999671e+01
3.863470000000000226e+01
3.449839999999999662e+01
3.731779999999999831e+01
3.467530000000000001e+01
3.366599999999999682e+01
3.288369999999999749e+01
3.253309999999999746e+01
3.449869999999999948e+01
3.347809999999999775e+01
3.351959999999999695e+01
3.372789999999999822e+01
3.186560000000000059e+01
3.132689999999999841e+01
3.390299999999999869e+01
3.201080000000000325e+01
3.033419999999999916e+01
3.337460000000000093e+01
3.091850000000000165e+01
3.306159999999999854e+01
3.210009999999999764e+01
3.106250000000000000e+01
3.047810000000000130e+01
3.295199999999999818e+01
3.087640000000000029e+01
3.114179999999999993e+01
3.170530000000000115e+01
3.295199999999999818e+01
3.115060000000000073e+01
3.017630000000000123e+01
3.295199999999999818e+01
3.068959999999999866e+01
3.272399999999999665e+01
3.009369999999999834e+01
3.119359999999999999e+01
3.295199999999999818e+01
3.074360000000000070e+01
2.981370000000000076e+01
3.096549999999999869e+01
3.295199999999999818e+01
3.059969999999999857e+01
2.981370000000000076e+01
3.093519999999999825e+01
2.981370000000000076e+01
3.066619999999999990e+01
3.040459999999999852e+01
3.163319999999999865e+01
2.981370000000000076e+01
3.016209999999999880e+01
3.144849999999999923e+01
3.050000000000000000e+01
3.295199999999999818e+01
3.069150000000000134e+01
2.981370000000000076e+01
3.266409999999999769e+01
3.231419999999999959e+01
3.065719999999999956e+01
3.255239999999999867e+01
2.981370000000000076e+01
3.146549999999999869e+01
3.055549999999999855e+01
3.295199999999999818e+01
3.295199999999999818e+01
3.020570000000000022e+01
3.120789999999999864e+01
3.090609999999999857e+01
3.130959999999999965e+01
3.014799999999999969e+01
3.174889999999999901e+01
3.196049999999999969e+01
3.267170000000000130e+01
3.189910000000000068e+01
3.107529999999999859e+01
3.241720000000000113e+01
3.295199999999999818e+01
3.028819999999999979e+01
2.981370000000000076e+01
3.110910000000000153e+01
3.295199999999999818e+01
3.183599999999999852e+01
3.134039999999999893e+01
3.024289999999999878e+01
