5.268880000000000052e+01
4.683959999999999724e+01
5.087650000000000006e+01
5.000809999999999889e+01
4.477000000000000313e+01
4.591629999999999967e+01
4.302499999999999858e+01
4.398160000000000025e+01
4.604370000000000118e+01
4.367549999999999955e+01
4.130680000000000263e+01
4.274949999999999761e+01
4.148539999999999850e+01
4.270850000000000080e+01
3.921050000000000324e+01
3.762449999999999761e+01
3.762409999999999854e+01
3.871020000000000039e+01
3.844980000000000331e+01
3.577159999999999940e+01
3.909649999999999892e+01
3.868119999999999692e+01
3.783059999999999690e+01
3.664509999999999934e+01
3.634720000000000084e+01
3.470100000000000051e+01
3.698219999999999885e+01
3.515800000000000125e+01
3.580160000000000053e+01
3.501839999999999975e+01
3.264020000000000010e+01
3.538629999999999853e+01
3.283109999999999928e+01
3.321479999999999677e+01
3.283100000000000307e+01
3.275999999999999801e+01
3.224369999999999692e+01
3.343719999999999715e+01
3.545929999999999893e+01
3.545929999999999893e+01
3.469619999999999749e+01
3.268880000000000052e+01
3.215890000000000271e+01
3.545929999999999893e+01
3.208229999999999649e+01
3.538490000000000180e+01
3.473400000000000176e+01
3.405319999999999681e+01
3.328849999999999909e+01
3.457480000000000331e+01
3.303719999999999857e+01
3.393139999999999645e+01
3.420089999999999719e+01
3.496620000000000061e+01
3.271090000000000231e+01
3.545929999999999893e+01
3.208229999999999649e+01
3.497890000000000299e+01
3.364929999999999666e+01
3.208229999999999649e+01
3.404549999999999699e+01
3.208229999999999649e+01
3.330919999999999703e+01
3.437500000000000000e+01
3.365840000000000032e+01
3.545929999999999893e+01
3.210300000000000153e+01
3.405760000000000076e+01
3.501039999999999708e+01
3.318820000000000192e+01
3.252300000000000324e+01
3.545929999999999893e+01
3.208229999999999649e+01
3.545929999999999893e+01
3.441689999999999827e+01
3.354690000000000083e+01
3.417470000000000141e+01
3.366559999999999775e+01
3.511330000000000240e+01
3.327289999999999992e+01
3.545929999999999893e+01
3.545929999999999893e+01
3.247840000000000060e+01
3.208229999999999649e+01
3.352199999999999847e+01
3.299399999999999977e+01
3.208229999999999649e+01
3.444250000000000256e+01
3.461149999999999949e+01
3.467999999999999972e+01
3.413230000000000075e+01
3.208229999999999649e+01
3.240959999999999752e+01
3.216009999999999991e+01
3.242620000000000147e+01
3.425189999999999912e+01
3.231889999999999930e+01
3.208229999999999649e+01
3.208229999999999649e+01
3.522840000000000060e+01
