5.268880000000000052e+01
5.184360000000000213e+01
4.616029999999999944e+01
4.898010000000000019e+01
4.856439999999999912e+01
4.686030000000000229e+01
4.336590000000000344e+01
4.721079999999999899e+01
4.295100000000000051e+01
4.238680000000000092e+01
4.517609999999999815e+01
4.323799999999999955e+01
4.202590000000000003e+01
4.332920000000000016e+01
4.133489999999999753e+01
4.220230000000000103e+01
3.976319999999999766e+01
3.980480000000000018e+01
4.066850000000000165e+01
3.786140000000000327e+01
3.917439999999999856e+01
3.932249999999999801e+01
3.520929999999999893e+01
3.852949999999999875e+01
3.579160000000000252e+01
3.768390000000000128e+01
3.567560000000000286e+01
3.633650000000000091e+01
3.597560000000000002e+01
3.406080000000000041e+01
3.641129999999999711e+01
3.313510000000000133e+01
3.593500000000000227e+01
3.248890000000000100e+01
3.261560000000000059e+01
3.301129999999999853e+01
3.505769999999999698e+01
3.195230000000000103e+01
3.376180000000000092e+01
3.224219999999999686e+01
3.278170000000000073e+01
3.204180000000000206e+01
3.312760000000000105e+01
3.180120000000000147e+01
3.260969999999999658e+01
3.210289999999999822e+01
3.444239999999999924e+01
3.392869999999999919e+01
3.180120000000000147e+01
3.331130000000000280e+01
3.514869999999999806e+01
3.514869999999999806e+01
3.514869999999999806e+01
3.326140000000000185e+01
3.460860000000000269e+01
3.497749999999999915e+01
3.192310000000000159e+01
3.417139999999999844e+01
3.306989999999999696e+01
3.396979999999999933e+01
3.514869999999999806e+01
3.279169999999999874e+01
3.310070000000000334e+01
3.180120000000000147e+01
3.223949999999999960e+01
3.312950000000000017e+01
3.389280000000000115e+01
3.456439999999999912e+01
3.320409999999999684e+01
3.196519999999999939e+01
3.411500000000000199e+01
3.180120000000000147e+01
3.514869999999999806e+01
3.514869999999999806e+01
3.321560000000000201e+01
3.415090000000000003e+01
3.285009999999999764e+01
3.427429999999999666e+01
3.514869999999999806e+01
3.308420000000000272e+01
3.193349999999999866e+01
3.180120000000000147e+01
3.183739999999999881e+01
3.353329999999999700e+01
3.180120000000000147e+01
3.303679999999999950e+01
3.423490000000000322e+01
3.364430000000000121e+01
3.483389999999999986e+01
3.514869999999999806e+01
3.514869999999999806e+01
3.269959999999999667e+01
3.514869999999999806e+01
3.340100000000000335e+01
3.422240000000000038e+01
3.271269999999999811e+01
3.180120000000000147e+01
3.180120000000000147e+01
3.440149999999999864e+01
3.180120000000000147e+01
