4.974810000000000088e+01
4.711059999999999803e+01
4.656300000000000239e+01
4.669639999999999702e+01
4.550549999999999784e+01
4.906929999999999836e+01
4.693379999999999797e+01
4.864679999999999893e+01
4.769550000000000267e+01
4.761710000000000065e+01
4.598479999999999990e+01
4.412180000000000035e+01
4.236370000000000147e+01
4.184629999999999939e+01
4.331380000000000052e+01
4.252660000000000196e+01
4.201680000000000348e+01
4.244339999999999691e+01
4.230769999999999698e+01
4.176559999999999917e+01
4.096130000000000138e+01
4.132110000000000127e+01
4.012469999999999715e+01
4.152839999999999776e+01
3.828770000000000095e+01
3.942969999999999686e+01
3.732139999999999702e+01
3.696399999999999864e+01
3.820770000000000266e+01
3.781869999999999976e+01
4.016620000000000346e+01
3.615829999999999700e+01
3.598830000000000240e+01
3.960269999999999868e+01
3.944270000000000209e+01
3.751059999999999661e+01
3.659210000000000207e+01
3.806830000000000069e+01
3.556790000000000163e+01
3.542540000000000333e+01
3.694890000000000185e+01
3.569069999999999965e+01
3.498120000000000118e+01
3.510000000000000142e+01
3.860779999999999745e+01
3.768439999999999657e+01
3.860090000000000288e+01
3.564500000000000313e+01
3.860090000000000288e+01
3.714509999999999934e+01
3.492459999999999809e+01
3.860090000000000288e+01
3.492459999999999809e+01
3.718010000000000304e+01
3.767240000000000322e+01
3.611590000000000344e+01
3.513199999999999790e+01
3.614750000000000085e+01
3.620020000000000238e+01
3.614520000000000266e+01
3.576890000000000214e+01
3.822610000000000241e+01
3.860090000000000288e+01
3.634790000000000276e+01
3.627239999999999753e+01
3.860090000000000288e+01
3.826639999999999731e+01
3.860090000000000288e+01
3.622209999999999752e+01
3.655819999999999936e+01
3.860090000000000288e+01
3.628999999999999915e+01
3.860090000000000288e+01
3.492459999999999809e+01
3.860090000000000288e+01
3.492459999999999809e+01
3.722639999999999816e+01
3.860090000000000288e+01
3.860090000000000288e+01
3.653359999999999985e+01
3.807399999999999807e+01
3.492459999999999809e+01
3.495729999999999649e+01
3.860090000000000288e+01
3.794659999999999656e+01
3.535719999999999885e+01
3.860090000000000288e+01
3.738369999999999749e+01
3.492459999999999809e+01
3.792900000000000205e+01
3.492459999999999809e+01
3.523729999999999762e+01
3.628040000000000020e+01
3.538660000000000139e+01
3.539979999999999905e+01
3.845969999999999800e+01
3.641610000000000014e+01
3.825439999999999685e+01
3.756119999999999948e+01
3.657710000000000150e+01
