4.808509999999999707e+01
4.683769999999999811e+01
4.763280000000000314e+01
4.696350000000000335e+01
4.753459999999999752e+01
4.831219999999999715e+01
4.656490000000000151e+01
4.605630000000000024e+01
4.595909999999999940e+01
4.522019999999999840e+01
4.185909999999999798e+01
4.242730000000000246e+01
4.161430000000000007e+01
3.866400000000000148e+01
4.086180000000000234e+01
4.119310000000000116e+01
3.776729999999999876e+01
3.982220000000000226e+01
3.793919999999999959e+01
3.663770000000000238e+01
3.491729999999999734e+01
3.805789999999999651e+01
3.420519999999999783e+01
3.448029999999999973e+01
3.586599999999999966e+01
3.386379999999999768e+01
3.392609999999999815e+01
3.390789999999999793e+01
3.343869999999999720e+01
3.186260000000000048e+01
3.165569999999999951e+01
3.382500000000000284e+01
3.121460000000000079e+01
3.338819999999999766e+01
3.186179999999999879e+01
3.127090000000000103e+01
3.117269999999999897e+01
3.376149999999999807e+01
3.222030000000000172e+01
3.042269999999999897e+01
3.087719999999999843e+01
3.183230000000000004e+01
3.056929999999999836e+01
3.114930000000000021e+01
3.088980000000000103e+01
3.038159999999999883e+01
3.357959999999999923e+01
3.357959999999999923e+01
3.153079999999999927e+01
3.038159999999999883e+01
3.108230000000000004e+01
3.295369999999999777e+01
3.038159999999999883e+01
3.038159999999999883e+01
3.357959999999999923e+01
3.188820000000000121e+01
3.078950000000000031e+01
3.306719999999999970e+01
3.208059999999999690e+01
3.302239999999999753e+01
3.253970000000000340e+01
3.038159999999999883e+01
3.038400000000000034e+01
3.097490000000000165e+01
3.083920000000000172e+01
3.141760000000000019e+01
3.199149999999999849e+01
3.337810000000000343e+01
3.135409999999999897e+01
3.038159999999999883e+01
3.343670000000000186e+01
3.357959999999999923e+01
3.082989999999999853e+01
3.274699999999999989e+01
3.066949999999999932e+01
3.350289999999999679e+01
3.308379999999999654e+01
3.038159999999999883e+01
3.344830000000000325e+01
3.357959999999999923e+01
3.265500000000000114e+01
3.357959999999999923e+01
3.341819999999999879e+01
3.142689999999999984e+01
3.340489999999999782e+01
3.355720000000000169e+01
3.136210000000000164e+01
3.357959999999999923e+01
3.038159999999999883e+01
3.176699999999999946e+01
3.119089999999999918e+01
3.038159999999999883e+01
3.157939999999999969e+01
3.094290000000000163e+01
3.357959999999999923e+01
3.038159999999999883e+01
3.038159999999999883e+01
3.183539999999999992e+01
3.308520000000000039e+01
3.228790000000000049e+01
