5.182249999999999801e+01
5.200419999999999732e+01
5.001100000000000279e+01
4.991449999999999676e+01
4.829650000000000176e+01
4.473080000000000211e+01
4.884129999999999683e+01
4.366449999999999676e+01
4.760660000000000025e+01
4.314419999999999789e+01
4.263909999999999911e+01
4.172010000000000218e+01
4.561780000000000257e+01
4.173499999999999943e+01
4.042649999999999721e+01
4.223250000000000171e+01
4.193589999999999662e+01
4.340809999999999746e+01
3.892119999999999891e+01
3.869659999999999656e+01
3.950690000000000168e+01
4.096770000000000067e+01
4.115729999999999933e+01
3.862729999999999819e+01
3.919969999999999999e+01
3.896540000000000248e+01
4.052250000000000085e+01
4.028860000000000241e+01
3.625549999999999784e+01
3.947480000000000189e+01
3.965699999999999648e+01
3.780190000000000339e+01
3.633740000000000236e+01
3.835119999999999862e+01
3.679260000000000019e+01
3.573319999999999652e+01
3.782589999999999719e+01
3.840270000000000294e+01
3.771459999999999724e+01
3.883279999999999887e+01
3.800670000000000215e+01
3.576950000000000074e+01
3.766340000000000288e+01
3.805899999999999750e+01
3.695559999999999690e+01
3.799060000000000059e+01
3.512660000000000338e+01
3.696039999999999992e+01
3.849369999999999692e+01
3.671750000000000114e+01
3.512660000000000338e+01
3.882410000000000139e+01
3.723479999999999990e+01
3.512660000000000338e+01
3.695389999999999731e+01
3.881569999999999965e+01
3.882410000000000139e+01
3.512660000000000338e+01
3.657829999999999870e+01
3.512660000000000338e+01
3.852779999999999916e+01
3.512660000000000338e+01
3.568520000000000181e+01
3.687700000000000244e+01
3.552539999999999765e+01
3.882410000000000139e+01
3.846589999999999776e+01
3.751129999999999853e+01
3.738000000000000256e+01
3.512660000000000338e+01
3.848169999999999646e+01
3.661059999999999803e+01
3.512660000000000338e+01
3.813830000000000098e+01
3.512660000000000338e+01
3.696470000000000056e+01
3.882410000000000139e+01
3.780949999999999989e+01
3.549849999999999994e+01
3.512660000000000338e+01
3.848899999999999721e+01
3.512660000000000338e+01
3.512660000000000338e+01
3.512660000000000338e+01
3.512660000000000338e+01
3.706730000000000302e+01
3.703439999999999799e+01
3.716660000000000252e+01
3.810340000000000060e+01
3.797970000000000113e+01
3.631049999999999756e+01
3.882410000000000139e+01
3.739589999999999748e+01
3.836269999999999669e+01
3.634349999999999881e+01
3.738080000000000069e+01
3.512660000000000338e+01
3.512660000000000338e+01
3.512660000000000338e+01
3.594480000000000075e+01
