4.798440000000000083e+01
4.867300000000000182e+01
4.949730000000000274e+01
4.954509999999999792e+01
4.732240000000000180e+01
4.873060000000000258e+01
4.799770000000000181e+01
4.627700000000000102e+01
4.619780000000000086e+01
4.391080000000000183e+01
4.451370000000000005e+01
4.286659999999999826e+01
3.981869999999999976e+01
3.927940000000000254e+01
4.154679999999999751e+01
4.093149999999999977e+01
3.919559999999999889e+01
3.995680000000000121e+01
3.703009999999999735e+01
3.822800000000000153e+01
3.978820000000000334e+01
3.674909999999999854e+01
3.769239999999999924e+01
3.732920000000000016e+01
3.613349999999999795e+01
3.778470000000000084e+01
3.706909999999999883e+01
3.383740000000000236e+01
3.564620000000000033e+01
3.305429999999999779e+01
3.626979999999999649e+01
3.466089999999999804e+01
3.400959999999999894e+01
3.429560000000000031e+01
3.540979999999999706e+01
3.521399999999999864e+01
3.509700000000000131e+01
3.163950000000000173e+01
3.210949999999999704e+01
3.146270000000000167e+01
3.284230000000000160e+01
3.318030000000000257e+01
3.389779999999999660e+01
3.461820000000000164e+01
3.461820000000000164e+01
3.132120000000000104e+01
3.401520000000000010e+01
3.461820000000000164e+01
3.233489999999999753e+01
3.413719999999999999e+01
3.461820000000000164e+01
3.461820000000000164e+01
3.337010000000000076e+01
3.430749999999999744e+01
3.170880000000000010e+01
3.132120000000000104e+01
3.457959999999999923e+01
3.276489999999999725e+01
3.366570000000000107e+01
3.392240000000000322e+01
3.461820000000000164e+01
3.461820000000000164e+01
3.246459999999999724e+01
3.328190000000000026e+01
3.146760000000000090e+01
3.231539999999999679e+01
3.328450000000000131e+01
3.270989999999999753e+01
3.366819999999999879e+01
3.461820000000000164e+01
3.461820000000000164e+01
3.437570000000000192e+01
3.246410000000000196e+01
3.461820000000000164e+01
3.308250000000000313e+01
3.241700000000000159e+01
3.461820000000000164e+01
3.406790000000000163e+01
3.282090000000000174e+01
3.300780000000000314e+01
3.198280000000000101e+01
3.355140000000000100e+01
3.132120000000000104e+01
3.226520000000000010e+01
3.461820000000000164e+01
3.327940000000000254e+01
3.132120000000000104e+01
3.142480000000000118e+01
3.262519999999999953e+01
3.265709999999999980e+01
3.171569999999999823e+01
3.461820000000000164e+01
3.218730000000000047e+01
3.132120000000000104e+01
3.134949999999999903e+01
3.261970000000000169e+01
3.312169999999999703e+01
3.132120000000000104e+01
3.317649999999999721e+01
3.217399999999999949e+01
