5.049549999999999983e+01
5.112939999999999685e+01
4.990650000000000119e+01
4.648449999999999704e+01
4.755310000000000059e+01
4.481260000000000332e+01
4.586520000000000152e+01
4.744930000000000092e+01
4.317560000000000286e+01
4.599360000000000070e+01
4.157150000000000034e+01
4.061869999999999692e+01
4.265709999999999980e+01
4.026559999999999917e+01
3.962270000000000181e+01
3.926550000000000296e+01
4.214979999999999905e+01
3.976039999999999708e+01
3.845230000000000103e+01
4.025260000000000105e+01
3.747420000000000329e+01
3.990429999999999922e+01
3.898530000000000229e+01
3.914580000000000126e+01
3.879650000000000176e+01
3.792790000000000106e+01
3.576250000000000284e+01
3.786840000000000117e+01
3.759890000000000043e+01
3.734940000000000282e+01
3.711990000000000123e+01
3.691029999999999944e+01
3.636769999999999925e+01
3.529370000000000118e+01
3.640129999999999910e+01
3.525719999999999743e+01
3.271779999999999688e+01
3.473819999999999908e+01
3.576359999999999673e+01
3.319299999999999784e+01
3.492309999999999803e+01
3.368800000000000239e+01
3.382370000000000232e+01
3.416400000000000148e+01
3.364150000000000063e+01
3.333290000000000219e+01
3.516940000000000310e+01
3.565540000000000020e+01
3.294389999999999930e+01
3.453589999999999804e+01
3.512559999999999860e+01
3.476680000000000348e+01
3.591230000000000189e+01
3.413530000000000086e+01
3.365409999999999968e+01
3.533780000000000143e+01
3.404189999999999827e+01
3.249210000000000065e+01
3.488459999999999894e+01
3.253390000000000271e+01
3.261079999999999757e+01
3.430259999999999820e+01
3.365690000000000026e+01
3.591230000000000189e+01
3.430769999999999698e+01
3.291279999999999717e+01
3.299589999999999890e+01
3.249210000000000065e+01
3.297890000000000299e+01
3.329919999999999902e+01
3.326780000000000115e+01
3.391179999999999950e+01
3.292929999999999779e+01
3.506719999999999970e+01
3.591230000000000189e+01
3.407240000000000180e+01
3.591230000000000189e+01
3.540899999999999892e+01
3.513519999999999754e+01
3.528459999999999752e+01
3.558740000000000236e+01
3.407829999999999870e+01
3.330989999999999895e+01
3.469500000000000028e+01
3.591230000000000189e+01
3.437989999999999924e+01
3.334519999999999840e+01
3.591230000000000189e+01
3.467589999999999861e+01
3.249210000000000065e+01
3.273409999999999798e+01
3.589090000000000202e+01
3.368509999999999849e+01
3.420770000000000266e+01
3.489639999999999986e+01
3.439320000000000022e+01
3.450560000000000116e+01
3.249210000000000065e+01
3.591230000000000189e+01
3.249210000000000065e+01
