5.087619999999999720e+01
5.170929999999999893e+01
4.743169999999999931e+01
4.695799999999999841e+01
4.526789999999999736e+01
4.408919999999999817e+01
4.266649999999999920e+01
4.308059999999999690e+01
4.549849999999999994e+01
4.044590000000000174e+01
4.083689999999999998e+01
4.187720000000000198e+01
3.841290000000000049e+01
3.913479999999999848e+01
3.958070000000000022e+01
3.740400000000000347e+01
3.874730000000000274e+01
3.544160000000000110e+01
3.490990000000000038e+01
3.566729999999999734e+01
3.659720000000000084e+01
3.440489999999999782e+01
3.308859999999999957e+01
3.368110000000000070e+01
3.451089999999999947e+01
3.246679999999999922e+01
3.314560000000000173e+01
3.351259999999999906e+01
3.161739999999999995e+01
3.364130000000000109e+01
3.333019999999999783e+01
3.304209999999999781e+01
3.277709999999999724e+01
3.020050000000000168e+01
3.205539999999999878e+01
3.040609999999999857e+01
3.194739999999999824e+01
3.179759999999999920e+01
3.167089999999999961e+01
2.856569999999999965e+01
3.144630000000000081e+01
3.045110000000000028e+01
2.840439999999999898e+01
2.967350000000000065e+01
3.032489999999999952e+01
2.839399999999999835e+01
2.839399999999999835e+01
3.138279999999999959e+01
2.880659999999999954e+01
2.981970000000000098e+01
2.839399999999999835e+01
3.011039999999999850e+01
3.103689999999999927e+01
2.969750000000000156e+01
3.063889999999999958e+01
3.028539999999999921e+01
3.138279999999999959e+01
2.890240000000000009e+01
3.021959999999999980e+01
3.031180000000000163e+01
2.839399999999999835e+01
3.138279999999999959e+01
3.138279999999999959e+01
3.138279999999999959e+01
3.044930000000000092e+01
2.994549999999999912e+01
2.866639999999999944e+01
3.004040000000000177e+01
2.976480000000000103e+01
3.138279999999999959e+01
3.133859999999999957e+01
3.033299999999999841e+01
2.877289999999999992e+01
3.138279999999999959e+01
3.006360000000000099e+01
3.004400000000000048e+01
2.839399999999999835e+01
3.011120000000000019e+01
3.079939999999999856e+01
2.915930000000000177e+01
3.112369999999999948e+01
2.863329999999999842e+01
3.003419999999999845e+01
3.034410000000000096e+01
2.960539999999999949e+01
2.900080000000000169e+01
2.839399999999999835e+01
3.041189999999999927e+01
2.839399999999999835e+01
3.108089999999999975e+01
2.839399999999999835e+01
3.138279999999999959e+01
2.839399999999999835e+01
2.921189999999999998e+01
2.956619999999999848e+01
3.138279999999999959e+01
3.091479999999999961e+01
2.986609999999999943e+01
2.884319999999999951e+01
2.890500000000000114e+01
