5.264909999999999712e+01
5.174519999999999698e+01
5.082620000000000005e+01
4.517620000000000147e+01
4.906159999999999854e+01
4.467060000000000031e+01
4.363029999999999831e+01
4.659850000000000136e+01
4.435589999999999833e+01
4.438159999999999883e+01
4.176630000000000109e+01
3.949969999999999715e+01
4.135070000000000334e+01
3.900379999999999825e+01
3.776659999999999684e+01
4.070799999999999841e+01
3.667710000000000292e+01
3.724519999999999698e+01
3.819319999999999737e+01
3.895199999999999818e+01
3.480989999999999895e+01
3.439970000000000283e+01
3.681080000000000041e+01
3.448299999999999699e+01
3.612449999999999761e+01
3.601010000000000133e+01
3.509129999999999683e+01
3.412089999999999890e+01
3.262680000000000291e+01
3.300460000000000349e+01
3.480789999999999651e+01
3.151699999999999946e+01
3.135069999999999979e+01
3.405109999999999815e+01
3.132420000000000115e+01
3.424640000000000128e+01
3.416060000000000230e+01
3.085180000000000078e+01
3.214350000000000307e+01
3.405040000000000333e+01
3.334899999999999665e+01
3.080750000000000099e+01
3.250139999999999674e+01
3.265319999999999823e+01
3.133869999999999933e+01
3.302250000000000085e+01
3.304129999999999967e+01
3.309409999999999741e+01
3.405040000000000333e+01
3.080750000000000099e+01
3.208129999999999882e+01
3.080750000000000099e+01
3.334060000000000201e+01
3.370559999999999690e+01
3.080750000000000099e+01
3.080750000000000099e+01
3.290010000000000190e+01
3.401149999999999807e+01
3.080750000000000099e+01
3.288889999999999958e+01
3.132760000000000034e+01
3.300860000000000127e+01
3.382710000000000150e+01
3.321009999999999707e+01
3.381719999999999970e+01
3.405040000000000333e+01
3.080750000000000099e+01
3.080750000000000099e+01
3.195889999999999986e+01
3.080750000000000099e+01
3.080750000000000099e+01
3.080750000000000099e+01
3.080750000000000099e+01
3.228779999999999717e+01
3.214189999999999969e+01
3.080750000000000099e+01
3.105399999999999849e+01
3.393059999999999832e+01
3.156719999999999970e+01
3.080750000000000099e+01
3.338239999999999696e+01
3.260399999999999920e+01
3.343780000000000285e+01
3.080750000000000099e+01
3.080750000000000099e+01
3.149249999999999972e+01
3.211050000000000182e+01
3.405040000000000333e+01
3.318390000000000128e+01
3.178630000000000067e+01
3.217190000000000083e+01
3.405040000000000333e+01
3.379419999999999646e+01
3.329429999999999978e+01
3.232009999999999650e+01
3.341700000000000159e+01
3.405040000000000333e+01
3.080750000000000099e+01
3.188390000000000057e+01
3.163449999999999918e+01
