5.268880000000000052e+01
5.185589999999999833e+01
4.618319999999999936e+01
4.886330000000000240e+01
4.647429999999999950e+01
4.409859999999999758e+01
4.801579999999999870e+01
4.731260000000000332e+01
4.337980000000000302e+01
4.597129999999999939e+01
4.375610000000000355e+01
4.330480000000000018e+01
4.300220000000000198e+01
3.940079999999999671e+01
4.255510000000000304e+01
4.146009999999999707e+01
3.954099999999999682e+01
3.843240000000000123e+01
4.057869999999999777e+01
4.056269999999999953e+01
3.744409999999999883e+01
3.864939999999999998e+01
3.807730000000000103e+01
3.641349999999999909e+01
3.569590000000000174e+01
3.835600000000000165e+01
3.806389999999999674e+01
3.601720000000000255e+01
3.396900000000000119e+01
3.507459999999999667e+01
3.449240000000000350e+01
3.692810000000000059e+01
3.676590000000000202e+01
3.516919999999999646e+01
3.650630000000000308e+01
3.294140000000000157e+01
3.476420000000000243e+01
3.292779999999999774e+01
3.624660000000000082e+01
3.454149999999999920e+01
3.326809999999999690e+01
3.593560000000000088e+01
3.518310000000000315e+01
3.446269999999999811e+01
3.623579999999999757e+01
3.623579999999999757e+01
3.457549999999999812e+01
3.555409999999999826e+01
3.623579999999999757e+01
3.479270000000000351e+01
3.519440000000000168e+01
3.555219999999999914e+01
3.623579999999999757e+01
3.623579999999999757e+01
3.623579999999999757e+01
3.439240000000000208e+01
3.623579999999999757e+01
3.427559999999999718e+01
3.278479999999999706e+01
3.525939999999999941e+01
3.623579999999999757e+01
3.278479999999999706e+01
3.542519999999999669e+01
3.278479999999999706e+01
3.297240000000000038e+01
3.377519999999999811e+01
3.623579999999999757e+01
3.400379999999999825e+01
3.412129999999999797e+01
3.609689999999999799e+01
3.286500000000000199e+01
3.322489999999999810e+01
3.381389999999999674e+01
3.623579999999999757e+01
3.618220000000000169e+01
3.305180000000000007e+01
3.623579999999999757e+01
3.278479999999999706e+01
3.504019999999999868e+01
3.623140000000000072e+01
3.623579999999999757e+01
3.623579999999999757e+01
3.323129999999999740e+01
3.493330000000000268e+01
3.623579999999999757e+01
3.623579999999999757e+01
3.425330000000000297e+01
3.623579999999999757e+01
3.607959999999999923e+01
3.357319999999999993e+01
3.623579999999999757e+01
3.455270000000000152e+01
3.623579999999999757e+01
3.623579999999999757e+01
3.278479999999999706e+01
3.493769999999999953e+01
3.380660000000000309e+01
3.623579999999999757e+01
3.479419999999999646e+01
3.478379999999999939e+01
