4.984579999999999700e+01
4.698360000000000269e+01
4.761549999999999727e+01
4.566720000000000113e+01
4.735269999999999868e+01
4.910490000000000066e+01
4.711690000000000111e+01
4.503260000000000218e+01
4.642799999999999727e+01
4.477329999999999899e+01
4.391700000000000159e+01
4.309060000000000201e+01
4.183689999999999998e+01
4.045819999999999794e+01
4.094760000000000133e+01
4.283189999999999742e+01
3.899819999999999709e+01
3.862080000000000268e+01
3.826259999999999906e+01
4.066389999999999816e+01
3.917000000000000171e+01
3.753150000000000119e+01
3.935340000000000060e+01
3.749080000000000013e+01
4.036460000000000292e+01
3.770409999999999684e+01
3.631710000000000349e+01
3.714529999999999887e+01
3.913929999999999865e+01
3.582880000000000109e+01
3.759770000000000323e+01
3.686430000000000007e+01
3.899530000000000030e+01
3.892040000000000077e+01
3.588770000000000238e+01
3.548069999999999879e+01
3.662950000000000017e+01
3.580539999999999878e+01
3.775840000000000174e+01
3.781260000000000332e+01
3.882410000000000139e+01
3.598329999999999984e+01
3.882410000000000139e+01
3.679469999999999885e+01
3.567690000000000339e+01
3.660410000000000252e+01
3.882410000000000139e+01
3.882410000000000139e+01
3.882410000000000139e+01
3.512660000000000338e+01
3.882410000000000139e+01
3.593119999999999692e+01
3.716660000000000252e+01
3.593149999999999977e+01
3.641089999999999804e+01
3.512660000000000338e+01
3.542349999999999710e+01
3.811569999999999681e+01
3.519440000000000168e+01
3.520109999999999673e+01
3.663100000000000023e+01
3.882410000000000139e+01
3.800630000000000308e+01
3.882410000000000139e+01
3.802069999999999794e+01
3.657350000000000279e+01
3.716420000000000101e+01
3.882410000000000139e+01
3.787830000000000297e+01
3.512660000000000338e+01
3.697390000000000043e+01
3.512660000000000338e+01
3.512660000000000338e+01
3.864399999999999835e+01
3.848049999999999926e+01
3.847540000000000049e+01
3.512660000000000338e+01
3.882410000000000139e+01
3.512660000000000338e+01
3.825010000000000332e+01
3.693039999999999878e+01
3.768760000000000332e+01
3.512660000000000338e+01
3.882410000000000139e+01
3.882410000000000139e+01
3.670289999999999964e+01
3.670589999999999975e+01
3.537570000000000192e+01
3.823870000000000147e+01
3.625880000000000081e+01
3.512660000000000338e+01
3.832309999999999661e+01
3.882410000000000139e+01
3.512660000000000338e+01
3.882410000000000139e+01
3.836939999999999884e+01
3.882410000000000139e+01
3.728940000000000055e+01
3.685029999999999717e+01
3.677810000000000201e+01
