4.841680000000000206e+01
4.789379999999999882e+01
4.636180000000000234e+01
4.786899999999999977e+01
4.718900000000000006e+01
4.789280000000000115e+01
4.523449999999999704e+01
4.583789999999999765e+01
4.412270000000000181e+01
4.234049999999999869e+01
4.543370000000000175e+01
4.556419999999999959e+01
4.316389999999999816e+01
4.025059999999999860e+01
3.978640000000000043e+01
4.347820000000000107e+01
4.299869999999999948e+01
4.134790000000000276e+01
3.836690000000000111e+01
4.096790000000000020e+01
4.124909999999999854e+01
3.718189999999999884e+01
3.662049999999999983e+01
3.629319999999999879e+01
3.598120000000000118e+01
3.944060000000000343e+01
3.789889999999999759e+01
3.614690000000000225e+01
3.816170000000000329e+01
3.464939999999999998e+01
3.792410000000000281e+01
3.473420000000000130e+01
3.496589999999999776e+01
3.542759999999999820e+01
3.597299999999999898e+01
3.356199999999999761e+01
3.402920000000000300e+01
3.596580000000000155e+01
3.562120000000000175e+01
3.556020000000000181e+01
3.485179999999999723e+01
3.527559999999999718e+01
3.473689999999999856e+01
3.470539999999999736e+01
3.293699999999999761e+01
3.501019999999999754e+01
3.337440000000000140e+01
3.596079999999999899e+01
3.293699999999999761e+01
3.360909999999999798e+01
3.640409999999999968e+01
3.391120000000000090e+01
3.436569999999999681e+01
3.293699999999999761e+01
3.640409999999999968e+01
3.640409999999999968e+01
3.293699999999999761e+01
3.298960000000000292e+01
3.448020000000000351e+01
3.461059999999999803e+01
3.640409999999999968e+01
3.640409999999999968e+01
3.640409999999999968e+01
3.392669999999999675e+01
3.615690000000000026e+01
3.640409999999999968e+01
3.369599999999999795e+01
3.640409999999999968e+01
3.471209999999999951e+01
3.294619999999999749e+01
3.317640000000000100e+01
3.469819999999999993e+01
3.640409999999999968e+01
3.364569999999999794e+01
3.419559999999999889e+01
3.375919999999999987e+01
3.406289999999999907e+01
3.640409999999999968e+01
3.631589999999999918e+01
3.321269999999999811e+01
3.293699999999999761e+01
3.466770000000000351e+01
3.640409999999999968e+01
3.593730000000000047e+01
3.640409999999999968e+01
3.458100000000000307e+01
3.451230000000000331e+01
3.489139999999999731e+01
3.462769999999999726e+01
3.446909999999999741e+01
3.293699999999999761e+01
3.568030000000000257e+01
3.623219999999999885e+01
3.555989999999999895e+01
3.613389999999999702e+01
3.640409999999999968e+01
3.640409999999999968e+01
3.640409999999999968e+01
3.507030000000000314e+01
3.338929999999999865e+01
