5.040180000000000149e+01
4.934470000000000312e+01
4.872710000000000008e+01
4.908910000000000196e+01
4.807419999999999760e+01
4.840800000000000125e+01
4.643249999999999744e+01
4.557589999999999719e+01
4.369749999999999801e+01
4.386730000000000018e+01
4.271039999999999992e+01
4.305769999999999698e+01
3.931510000000000105e+01
3.874810000000000088e+01
4.082240000000000180e+01
4.023259999999999792e+01
3.807480000000000331e+01
3.800240000000000151e+01
3.621150000000000091e+01
3.952850000000000108e+01
3.607880000000000109e+01
3.695159999999999911e+01
3.569200000000000017e+01
3.569140000000000157e+01
3.699730000000000274e+01
3.384539999999999793e+01
3.561590000000000344e+01
3.431839999999999691e+01
3.345360000000000156e+01
3.579050000000000153e+01
3.215310000000000201e+01
3.526380000000000337e+01
3.219819999999999993e+01
3.403099999999999881e+01
3.228620000000000090e+01
3.315520000000000067e+01
3.448210000000000264e+01
3.331150000000000233e+01
3.430619999999999692e+01
3.110940000000000083e+01
3.194640000000000057e+01
3.420729999999999649e+01
3.354419999999999646e+01
3.094940000000000069e+01
3.167839999999999989e+01
3.094940000000000069e+01
3.285730000000000217e+01
3.190119999999999933e+01
3.247540000000000049e+01
3.397200000000000131e+01
3.094940000000000069e+01
3.366159999999999997e+01
3.225939999999999941e+01
3.241470000000000340e+01
3.269290000000000163e+01
3.227000000000000313e+01
3.214390000000000214e+01
3.257000000000000028e+01
3.094940000000000069e+01
3.420729999999999649e+01
3.338280000000000314e+01
3.420729999999999649e+01
3.411099999999999710e+01
3.252100000000000080e+01
3.338380000000000081e+01
3.094940000000000069e+01
3.420729999999999649e+01
3.214009999999999678e+01
3.397820000000000107e+01
3.388289999999999935e+01
3.420729999999999649e+01
3.324839999999999662e+01
3.333520000000000039e+01
3.420729999999999649e+01
3.418939999999999912e+01
3.315319999999999823e+01
3.320049999999999812e+01
3.420729999999999649e+01
3.339909999999999712e+01
3.413289999999999935e+01
3.327499999999999858e+01
3.094940000000000069e+01
3.335320000000000107e+01
3.267920000000000158e+01
3.255729999999999791e+01
3.279359999999999786e+01
3.293099999999999739e+01
3.102220000000000155e+01
3.312349999999999994e+01
3.094940000000000069e+01
3.381920000000000215e+01
3.402400000000000091e+01
3.094940000000000069e+01
3.349620000000000175e+01
3.194859999999999900e+01
3.370629999999999882e+01
3.410600000000000165e+01
3.420729999999999649e+01
3.191290000000000049e+01
3.147109999999999985e+01
