5.052109999999999701e+01
4.956759999999999877e+01
4.989350000000000307e+01
4.557520000000000238e+01
4.724909999999999854e+01
4.678920000000000101e+01
4.407000000000000028e+01
4.366660000000000252e+01
4.596790000000000020e+01
4.423360000000000269e+01
4.560379999999999967e+01
4.427340000000000231e+01
4.018359999999999843e+01
3.965800000000000125e+01
4.264869999999999806e+01
3.867179999999999751e+01
4.053289999999999793e+01
4.040180000000000149e+01
4.101370000000000005e+01
3.912360000000000326e+01
3.926619999999999777e+01
3.749479999999999791e+01
3.895550000000000068e+01
3.538450000000000273e+01
3.873680000000000234e+01
3.764030000000000342e+01
3.442300000000000182e+01
3.621730000000000160e+01
3.386410000000000053e+01
3.710390000000000299e+01
3.543269999999999698e+01
3.361419999999999675e+01
3.555980000000000274e+01
3.372399999999999665e+01
3.258209999999999695e+01
3.545069999999999766e+01
3.401290000000000191e+01
3.356119999999999948e+01
3.205610000000000070e+01
3.345000000000000284e+01
3.412579999999999814e+01
3.352600000000000335e+01
3.513980000000000103e+01
3.511249999999999716e+01
3.176030000000000086e+01
3.176030000000000086e+01
3.464289999999999736e+01
3.176030000000000086e+01
3.273029999999999973e+01
3.176030000000000086e+01
3.195649999999999835e+01
3.502029999999999887e+01
3.450619999999999976e+01
3.176030000000000086e+01
3.510349999999999682e+01
3.510349999999999682e+01
3.176030000000000086e+01
3.235710000000000264e+01
3.400780000000000314e+01
3.176030000000000086e+01
3.357090000000000174e+01
3.348980000000000246e+01
3.510349999999999682e+01
3.432439999999999714e+01
3.218950000000000244e+01
3.341559999999999775e+01
3.289939999999999998e+01
3.359380000000000166e+01
3.510349999999999682e+01
3.419149999999999778e+01
3.279350000000000165e+01
3.288450000000000273e+01
3.220009999999999906e+01
3.510349999999999682e+01
3.271079999999999899e+01
3.231949999999999790e+01
3.404030000000000200e+01
3.290809999999999746e+01
3.279719999999999658e+01
3.377239999999999753e+01
3.501700000000000301e+01
3.254240000000000066e+01
3.176030000000000086e+01
3.510349999999999682e+01
3.510349999999999682e+01
3.176030000000000086e+01
3.176030000000000086e+01
3.415250000000000341e+01
3.294120000000000203e+01
3.411740000000000350e+01
3.404039999999999822e+01
3.400399999999999778e+01
3.510349999999999682e+01
3.425079999999999814e+01
3.308429999999999893e+01
3.176030000000000086e+01
3.510349999999999682e+01
3.317390000000000327e+01
3.365339999999999776e+01
3.316239999999999810e+01
