4.786999999999999744e+01
4.797429999999999950e+01
5.116539999999999822e+01
4.856839999999999691e+01
4.675460000000000349e+01
4.502590000000000003e+01
4.682370000000000232e+01
4.407529999999999859e+01
4.473510000000000275e+01
4.773190000000000310e+01
4.276440000000000197e+01
4.235799999999999699e+01
4.565729999999999933e+01
4.596949999999999648e+01
4.321929999999999694e+01
4.287149999999999750e+01
4.445870000000000033e+01
4.024210000000000065e+01
4.189289999999999736e+01
4.058879999999999910e+01
4.353759999999999764e+01
4.120389999999999731e+01
3.890050000000000097e+01
4.179330000000000211e+01
3.953520000000000323e+01
4.032030000000000314e+01
4.211410000000000053e+01
3.943569999999999709e+01
4.002409999999999712e+01
4.163110000000000355e+01
3.755129999999999768e+01
3.745159999999999911e+01
4.058590000000000231e+01
4.122440000000000282e+01
3.724459999999999837e+01
4.106239999999999668e+01
3.718330000000000268e+01
3.717560000000000286e+01
3.947030000000000172e+01
4.108879999999999910e+01
3.717560000000000286e+01
3.717560000000000286e+01
3.722939999999999827e+01
3.839249999999999829e+01
4.015720000000000312e+01
3.719200000000000017e+01
4.108879999999999910e+01
4.023989999999999867e+01
3.840120000000000289e+01
3.972630000000000194e+01
3.728249999999999886e+01
3.946770000000000067e+01
3.717560000000000286e+01
4.005210000000000292e+01
3.965809999999999746e+01
4.083709999999999951e+01
3.903130000000000166e+01
4.049119999999999919e+01
4.037160000000000082e+01
4.049450000000000216e+01
3.717560000000000286e+01
3.898559999999999803e+01
4.108879999999999910e+01
3.861639999999999873e+01
4.108879999999999910e+01
3.768820000000000192e+01
3.997500000000000142e+01
3.945830000000000126e+01
3.955729999999999791e+01
3.717560000000000286e+01
3.769599999999999795e+01
4.108879999999999910e+01
3.895669999999999789e+01
3.810419999999999874e+01
4.083259999999999934e+01
3.774949999999999761e+01
4.108879999999999910e+01
3.936500000000000199e+01
3.799399999999999977e+01
3.922529999999999717e+01
3.911679999999999779e+01
4.108879999999999910e+01
4.108879999999999910e+01
3.717560000000000286e+01
4.004429999999999978e+01
3.925650000000000261e+01
3.717560000000000286e+01
3.952389999999999759e+01
4.108879999999999910e+01
3.717560000000000286e+01
4.108879999999999910e+01
3.977879999999999683e+01
3.888730000000000331e+01
4.038439999999999941e+01
3.990740000000000265e+01
4.108879999999999910e+01
3.794200000000000017e+01
3.884649999999999892e+01
4.000970000000000226e+01
3.970239999999999725e+01
