5.182560000000000144e+01
4.921909999999999741e+01
4.863069999999999737e+01
4.857609999999999673e+01
4.795620000000000260e+01
4.757119999999999749e+01
4.702009999999999934e+01
4.758400000000000318e+01
4.429789999999999850e+01
4.576489999999999725e+01
4.150600000000000023e+01
4.233460000000000178e+01
4.134000000000000341e+01
4.420000000000000284e+01
4.288139999999999930e+01
4.151950000000000074e+01
3.927029999999999887e+01
4.016700000000000159e+01
3.953600000000000136e+01
3.742179999999999751e+01
4.014020000000000010e+01
3.670259999999999678e+01
3.946490000000000009e+01
3.605190000000000339e+01
3.678190000000000026e+01
3.546970000000000312e+01
3.890990000000000038e+01
3.850050000000000239e+01
3.634140000000000015e+01
3.785690000000000310e+01
3.675730000000000075e+01
3.469219999999999970e+01
3.633200000000000074e+01
3.738629999999999853e+01
3.510940000000000083e+01
3.358599999999999852e+01
3.377590000000000003e+01
3.693209999999999837e+01
3.686580000000000013e+01
3.506580000000000297e+01
3.328629999999999711e+01
3.665229999999999677e+01
3.558800000000000097e+01
3.449040000000000106e+01
3.422229999999999706e+01
3.327770000000000294e+01
3.668789999999999907e+01
3.470080000000000098e+01
3.459400000000000119e+01
3.394579999999999842e+01
3.467920000000000158e+01
3.427570000000000050e+01
3.472789999999999822e+01
3.502150000000000318e+01
3.421629999999999683e+01
3.461469999999999914e+01
3.341629999999999967e+01
3.327770000000000294e+01
3.501290000000000191e+01
3.327770000000000294e+01
3.357939999999999969e+01
3.422540000000000049e+01
3.364030000000000342e+01
3.678070000000000306e+01
3.558780000000000143e+01
3.589979999999999905e+01
3.638430000000000319e+01
3.367040000000000077e+01
3.573879999999999768e+01
3.383039999999999736e+01
3.602439999999999998e+01
3.558689999999999998e+01
3.540149999999999864e+01
3.374900000000000233e+01
3.542419999999999902e+01
3.641910000000000025e+01
3.327770000000000294e+01
3.657639999999999958e+01
3.678070000000000306e+01
3.644859999999999900e+01
3.562049999999999983e+01
3.444590000000000174e+01
3.415449999999999875e+01
3.678070000000000306e+01
3.532009999999999650e+01
3.678070000000000306e+01
3.327770000000000294e+01
3.327770000000000294e+01
3.372910000000000252e+01
3.639569999999999794e+01
3.678070000000000306e+01
3.420980000000000132e+01
3.327770000000000294e+01
3.609530000000000172e+01
3.636789999999999878e+01
3.600079999999999814e+01
3.678070000000000306e+01
3.570250000000000057e+01
3.678070000000000306e+01
3.550240000000000151e+01
