4.884060000000000201e+01
5.188049999999999784e+01
5.109429999999999694e+01
4.719689999999999941e+01
4.958840000000000003e+01
4.562360000000000326e+01
4.497059999999999746e+01
4.297220000000000084e+01
4.238110000000000355e+01
4.304359999999999786e+01
4.308959999999999724e+01
4.232880000000000109e+01
4.332410000000000139e+01
4.274340000000000117e+01
3.925540000000000163e+01
4.288929999999999865e+01
4.016460000000000008e+01
3.957549999999999812e+01
3.757229999999999848e+01
3.956669999999999732e+01
4.072999999999999687e+01
4.036460000000000292e+01
3.620980000000000132e+01
3.768379999999999797e+01
3.608679999999999666e+01
3.912449999999999761e+01
3.679209999999999781e+01
3.863730000000000331e+01
3.742710000000000292e+01
3.823859999999999815e+01
3.807249999999999801e+01
3.751059999999999661e+01
3.662469999999999715e+01
3.460589999999999833e+01
3.404579999999999984e+01
3.638369999999999749e+01
3.672749999999999915e+01
3.607589999999999719e+01
3.440370000000000061e+01
3.645929999999999893e+01
3.395570000000000022e+01
3.753000000000000114e+01
3.549340000000000117e+01
3.474810000000000088e+01
3.753000000000000114e+01
3.483879999999999910e+01
3.597970000000000113e+01
3.753000000000000114e+01
3.494299999999999784e+01
3.540639999999999787e+01
3.395570000000000022e+01
3.753000000000000114e+01
3.638340000000000174e+01
3.563770000000000238e+01
3.753000000000000114e+01
3.410609999999999786e+01
3.753000000000000114e+01
3.690209999999999724e+01
3.738329999999999842e+01
3.753000000000000114e+01
3.671829999999999927e+01
3.425500000000000256e+01
3.395570000000000022e+01
3.638000000000000256e+01
3.443910000000000338e+01
3.580969999999999942e+01
3.395570000000000022e+01
3.641219999999999857e+01
3.588700000000000045e+01
3.537129999999999797e+01
3.395570000000000022e+01
3.579419999999999646e+01
3.395570000000000022e+01
3.612980000000000302e+01
3.451839999999999975e+01
3.653810000000000002e+01
3.753000000000000114e+01
3.395570000000000022e+01
3.395570000000000022e+01
3.395570000000000022e+01
3.395570000000000022e+01
3.753000000000000114e+01
3.606620000000000203e+01
3.395570000000000022e+01
3.583840000000000003e+01
3.397180000000000177e+01
3.395570000000000022e+01
3.395570000000000022e+01
3.395570000000000022e+01
3.427239999999999753e+01
3.612800000000000011e+01
3.753000000000000114e+01
3.753000000000000114e+01
3.601250000000000284e+01
3.537850000000000250e+01
3.395570000000000022e+01
3.484300000000000352e+01
3.633080000000000354e+01
3.623290000000000077e+01
3.753000000000000114e+01
