5.101050000000000040e+01
4.705199999999999960e+01
4.800039999999999907e+01
4.844650000000000034e+01
4.784259999999999735e+01
4.732009999999999650e+01
4.419469999999999743e+01
4.822359999999999758e+01
4.674320000000000164e+01
4.390610000000000213e+01
4.263629999999999853e+01
4.516100000000000136e+01
4.116239999999999810e+01
4.499569999999999936e+01
4.144919999999999760e+01
3.984819999999999851e+01
3.943789999999999907e+01
3.969559999999999889e+01
4.272849999999999682e+01
4.232119999999999749e+01
4.192920000000000158e+01
4.155270000000000152e+01
4.088139999999999930e+01
3.695550000000000068e+01
3.687319999999999709e+01
4.020000000000000284e+01
3.801930000000000121e+01
3.961590000000000344e+01
3.753860000000000241e+01
3.825260000000000105e+01
3.791470000000000340e+01
3.798720000000000141e+01
3.646580000000000155e+01
3.697039999999999793e+01
3.443139999999999645e+01
3.428540000000000276e+01
3.561990000000000123e+01
3.536440000000000339e+01
3.472690000000000055e+01
3.740250000000000341e+01
3.731799999999999784e+01
3.641460000000000008e+01
3.646529999999999916e+01
3.361789999999999878e+01
3.713360000000000127e+01
3.359009999999999962e+01
3.610040000000000049e+01
3.712590000000000146e+01
3.450569999999999737e+01
3.676259999999999906e+01
3.476769999999999783e+01
3.712590000000000146e+01
3.359009999999999962e+01
3.475169999999999959e+01
3.541740000000000066e+01
3.385370000000000346e+01
3.503999999999999915e+01
3.515059999999999718e+01
3.591989999999999839e+01
3.712590000000000146e+01
3.534989999999999810e+01
3.500589999999999691e+01
3.465140000000000242e+01
3.461200000000000188e+01
3.417940000000000111e+01
3.483820000000000050e+01
3.475999999999999801e+01
3.455400000000000205e+01
3.445380000000000109e+01
3.614489999999999981e+01
3.359009999999999962e+01
3.683180000000000121e+01
3.359009999999999962e+01
3.506880000000000308e+01
3.395770000000000266e+01
3.359009999999999962e+01
3.712590000000000146e+01
3.516040000000000276e+01
3.603209999999999980e+01
3.712590000000000146e+01
3.657330000000000325e+01
3.359009999999999962e+01
3.478150000000000119e+01
3.712590000000000146e+01
3.359009999999999962e+01
3.618200000000000216e+01
3.507939999999999969e+01
3.444129999999999825e+01
3.639719999999999800e+01
3.359009999999999962e+01
3.359009999999999962e+01
3.486200000000000188e+01
3.608169999999999789e+01
3.712590000000000146e+01
3.414999999999999858e+01
3.519460000000000122e+01
3.668619999999999948e+01
3.415699999999999648e+01
3.603900000000000148e+01
3.502799999999999869e+01
