5.268880000000000052e+01
4.853190000000000026e+01
4.619539999999999935e+01
4.906940000000000168e+01
4.660139999999999816e+01
4.629829999999999757e+01
4.495570000000000022e+01
4.434230000000000160e+01
4.664320000000000022e+01
4.252230000000000132e+01
4.101350000000000051e+01
4.162149999999999750e+01
4.173219999999999885e+01
4.351109999999999900e+01
4.086240000000000094e+01
3.835960000000000036e+01
4.004440000000000310e+01
3.915899999999999892e+01
3.899199999999999733e+01
3.656029999999999802e+01
3.996130000000000138e+01
3.779749999999999943e+01
3.706810000000000116e+01
3.554979999999999762e+01
3.607489999999999952e+01
3.441919999999999646e+01
3.650759999999999650e+01
3.563060000000000116e+01
3.709759999999999991e+01
3.533420000000000272e+01
3.472690000000000055e+01
3.635190000000000055e+01
3.270089999999999719e+01
3.595420000000000016e+01
3.578509999999999991e+01
3.224210000000000065e+01
3.506250000000000000e+01
3.473060000000000258e+01
3.437339999999999662e+01
3.251550000000000296e+01
3.498010000000000019e+01
3.234369999999999834e+01
3.294069999999999965e+01
3.314050000000000296e+01
3.274389999999999645e+01
3.469380000000000308e+01
3.247010000000000218e+01
3.514869999999999806e+01
3.180120000000000147e+01
3.432540000000000191e+01
3.180120000000000147e+01
3.514869999999999806e+01
3.470660000000000167e+01
3.218249999999999744e+01
3.462539999999999907e+01
3.339849999999999852e+01
3.345739999999999981e+01
3.180120000000000147e+01
3.514869999999999806e+01
3.458789999999999765e+01
3.465559999999999974e+01
3.180120000000000147e+01
3.317479999999999762e+01
3.180120000000000147e+01
3.514869999999999806e+01
3.299980000000000047e+01
3.269570000000000221e+01
3.333350000000000080e+01
3.492560000000000286e+01
3.265599999999999881e+01
3.180120000000000147e+01
3.514869999999999806e+01
3.341270000000000095e+01
3.514869999999999806e+01
3.418110000000000070e+01
3.514869999999999806e+01
3.230010000000000048e+01
3.272780000000000200e+01
3.514869999999999806e+01
3.384270000000000067e+01
3.231139999999999901e+01
3.425800000000000267e+01
3.354279999999999973e+01
3.453990000000000293e+01
3.331600000000000250e+01
3.257869999999999777e+01
3.371050000000000324e+01
3.198870000000000147e+01
3.382260000000000133e+01
3.297109999999999985e+01
3.514869999999999806e+01
3.380169999999999675e+01
3.514869999999999806e+01
3.255870000000000175e+01
3.380089999999999861e+01
3.484960000000000235e+01
3.257289999999999708e+01
3.396750000000000114e+01
3.399810000000000088e+01
3.180120000000000147e+01
