5.172209999999999752e+01
5.012590000000000146e+01
4.699539999999999651e+01
4.902230000000000132e+01
5.035560000000000258e+01
4.980980000000000274e+01
4.458559999999999945e+01
4.876279999999999859e+01
4.567909999999999826e+01
4.322570000000000334e+01
4.530239999999999867e+01
4.478540000000000276e+01
4.404679999999999751e+01
4.598100000000000165e+01
4.474530000000000030e+01
4.394489999999999696e+01
4.052609999999999957e+01
4.115599999999999881e+01
3.987660000000000338e+01
4.306510000000000105e+01
4.188810000000000144e+01
4.157880000000000109e+01
4.281779999999999831e+01
4.060349999999999682e+01
4.227940000000000254e+01
3.980369999999999919e+01
4.116400000000000148e+01
4.158389999999999986e+01
3.923790000000000333e+01
3.727170000000000272e+01
4.102309999999999945e+01
4.008709999999999951e+01
3.880499999999999972e+01
3.673049999999999926e+01
3.793010000000000304e+01
3.816700000000000159e+01
3.894369999999999976e+01
3.640570000000000306e+01
3.802049999999999841e+01
3.759819999999999851e+01
3.859360000000000213e+01
3.907560000000000144e+01
3.951740000000000208e+01
3.829749999999999943e+01
3.711090000000000089e+01
4.011820000000000164e+01
4.011820000000000164e+01
3.875619999999999976e+01
4.011820000000000164e+01
3.876930000000000121e+01
3.904350000000000165e+01
3.629740000000000322e+01
3.741579999999999728e+01
3.629740000000000322e+01
3.915379999999999683e+01
3.777850000000000108e+01
3.959420000000000073e+01
3.718209999999999837e+01
4.011820000000000164e+01
4.011820000000000164e+01
4.011820000000000164e+01
3.729970000000000141e+01
3.947399999999999665e+01
4.011820000000000164e+01
3.629740000000000322e+01
3.828490000000000038e+01
3.848149999999999693e+01
3.991219999999999857e+01
3.820020000000000238e+01
3.752579999999999671e+01
3.629740000000000322e+01
3.798010000000000019e+01
3.720810000000000173e+01
3.993710000000000093e+01
3.899380000000000024e+01
4.006889999999999930e+01
3.629740000000000322e+01
3.629740000000000322e+01
3.889589999999999748e+01
3.788609999999999900e+01
3.919330000000000069e+01
3.829670000000000130e+01
3.971459999999999724e+01
3.972050000000000125e+01
4.011820000000000164e+01
3.793780000000000285e+01
3.920649999999999835e+01
3.964330000000000354e+01
3.831880000000000308e+01
3.794899999999999807e+01
3.767219999999999658e+01
3.891929999999999978e+01
3.629740000000000322e+01
4.004610000000000269e+01
3.783800000000000097e+01
3.909969999999999857e+01
3.901630000000000109e+01
3.863400000000000034e+01
3.804469999999999885e+01
3.814560000000000173e+01
