7.003099999999999881e+00
6.407899999999999707e+00
5.663000000000000256e+00
5.618500000000000050e+00
5.297399999999999665e+00
5.092699999999999783e+00
4.464699999999999669e+00
4.240000000000000213e+00
4.233100000000000307e+00
4.042300000000000004e+00
4.129199999999999982e+00
4.024200000000000443e+00
3.941399999999999793e+00
3.709099999999999842e+00
3.567000000000000171e+00
3.875199999999999978e+00
3.736299999999999955e+00
3.623000000000000220e+00
3.572599999999999998e+00
3.668499999999999872e+00
3.506099999999999994e+00
3.787599999999999856e+00
3.870499999999999829e+00
3.637799999999999923e+00
3.584400000000000031e+00
3.666599999999999859e+00
3.691199999999999815e+00
3.551600000000000090e+00
3.585799999999999876e+00
3.511299999999999866e+00
3.561399999999999899e+00
3.875199999999999978e+00
3.790000000000000036e+00
3.726799999999999891e+00
3.875199999999999978e+00
3.744099999999999984e+00
3.809499999999999886e+00
3.707500000000000018e+00
3.513799999999999812e+00
3.875199999999999978e+00
3.722799999999999887e+00
3.746399999999999952e+00
3.635400000000000187e+00
3.799999999999999822e+00
3.592600000000000016e+00
3.613100000000000200e+00
3.649199999999999999e+00
3.564799999999999969e+00
3.581199999999999939e+00
3.506099999999999994e+00
3.859399999999999942e+00
3.799700000000000077e+00
3.733800000000000008e+00
3.506099999999999994e+00
3.506099999999999994e+00
3.656899999999999817e+00
3.506099999999999994e+00
3.506099999999999994e+00
3.506099999999999994e+00
3.506099999999999994e+00
3.843599999999999905e+00
3.773699999999999832e+00
3.506099999999999994e+00
3.559699999999999864e+00
3.875199999999999978e+00
3.875199999999999978e+00
3.748800000000000132e+00
3.506099999999999994e+00
3.624400000000000066e+00
3.722500000000000142e+00
3.506099999999999994e+00
3.506099999999999994e+00
3.506099999999999994e+00
3.801499999999999879e+00
3.680899999999999839e+00
3.824800000000000200e+00
3.589999999999999858e+00
3.875199999999999978e+00
3.506099999999999994e+00
3.745999999999999996e+00
3.598500000000000032e+00
3.506099999999999994e+00
3.701999999999999957e+00
3.506099999999999994e+00
3.589700000000000113e+00
3.506099999999999994e+00
3.681000000000000050e+00
3.875199999999999978e+00
3.735399999999999832e+00
3.712400000000000144e+00
3.531800000000000050e+00
3.690399999999999903e+00
3.724899999999999878e+00
3.557900000000000063e+00
3.626900000000000013e+00
3.714999999999999858e+00
3.572999999999999954e+00
3.816100000000000048e+00
3.754599999999999937e+00
3.730900000000000105e+00
