7.045899999999999608e+00
6.107899999999999885e+00
5.264999999999999680e+00
5.073000000000000398e+00
4.608500000000000263e+00
4.192800000000000082e+00
3.601500000000000146e+00
3.823700000000000099e+00
3.429699999999999971e+00
3.478400000000000158e+00
3.449899999999999967e+00
3.486299999999999955e+00
3.634900000000000020e+00
3.631499999999999950e+00
3.412199999999999900e+00
3.771399999999999864e+00
3.587400000000000144e+00
3.771399999999999864e+00
3.771399999999999864e+00
3.584499999999999797e+00
3.552900000000000169e+00
3.687199999999999811e+00
3.653200000000000003e+00
3.771399999999999864e+00
3.516700000000000159e+00
3.454400000000000137e+00
3.677099999999999813e+00
3.639600000000000168e+00
3.478899999999999881e+00
3.761899999999999800e+00
3.412199999999999900e+00
3.710599999999999898e+00
3.412199999999999900e+00
3.459799999999999986e+00
3.486800000000000122e+00
3.551200000000000134e+00
3.771399999999999864e+00
3.671699999999999964e+00
3.759399999999999853e+00
3.771399999999999864e+00
3.412199999999999900e+00
3.506899999999999906e+00
3.538300000000000001e+00
3.412199999999999900e+00
3.465800000000000214e+00
3.771399999999999864e+00
3.564599999999999991e+00
3.412199999999999900e+00
3.749600000000000044e+00
3.678900000000000059e+00
3.714300000000000157e+00
3.771399999999999864e+00
3.490000000000000213e+00
3.412199999999999900e+00
3.605399999999999938e+00
3.412199999999999900e+00
3.609900000000000109e+00
3.730700000000000127e+00
3.440199999999999925e+00
3.713600000000000012e+00
3.730199999999999960e+00
3.660699999999999843e+00
3.412199999999999900e+00
3.569399999999999906e+00
3.588499999999999801e+00
3.751799999999999802e+00
3.642199999999999882e+00
3.541599999999999859e+00
3.484799999999999898e+00
3.412199999999999900e+00
3.412199999999999900e+00
3.603000000000000203e+00
3.412199999999999900e+00
3.412199999999999900e+00
3.562899999999999956e+00
3.634500000000000064e+00
3.771399999999999864e+00
3.436900000000000066e+00
3.675899999999999945e+00
3.559600000000000097e+00
3.723399999999999821e+00
3.771399999999999864e+00
3.771399999999999864e+00
3.419000000000000039e+00
3.771399999999999864e+00
3.642100000000000115e+00
3.459600000000000009e+00
3.412199999999999900e+00
3.442499999999999893e+00
3.603899999999999881e+00
3.562600000000000211e+00
3.673599999999999977e+00
3.771399999999999864e+00
3.501199999999999868e+00
3.771399999999999864e+00
3.473399999999999821e+00
3.537300000000000111e+00
3.466000000000000192e+00
3.761299999999999866e+00
3.412199999999999900e+00
