7.097599999999999909e+00
6.335099999999999731e+00
5.422299999999999898e+00
5.054800000000000182e+00
4.608500000000000263e+00
3.968300000000000161e+00
3.799399999999999888e+00
3.823700000000000099e+00
3.771399999999999864e+00
3.412199999999999900e+00
3.620899999999999785e+00
3.474400000000000155e+00
3.545300000000000118e+00
3.552500000000000213e+00
3.412199999999999900e+00
3.771399999999999864e+00
3.579600000000000115e+00
3.586500000000000021e+00
3.470800000000000107e+00
3.464700000000000113e+00
3.412199999999999900e+00
3.660000000000000142e+00
3.412199999999999900e+00
3.412199999999999900e+00
3.677099999999999813e+00
3.566800000000000193e+00
3.721900000000000208e+00
3.771399999999999864e+00
3.771399999999999864e+00
3.770500000000000185e+00
3.412199999999999900e+00
3.412199999999999900e+00
3.643600000000000172e+00
3.747100000000000097e+00
3.585999999999999854e+00
3.771399999999999864e+00
3.572099999999999831e+00
3.640600000000000058e+00
3.771399999999999864e+00
3.452100000000000168e+00
3.412199999999999900e+00
3.755900000000000016e+00
3.624499999999999833e+00
3.607899999999999885e+00
3.412199999999999900e+00
3.636699999999999822e+00
3.455000000000000071e+00
3.582199999999999829e+00
3.455499999999999794e+00
3.448199999999999932e+00
3.771399999999999864e+00
3.746900000000000119e+00
3.585799999999999876e+00
3.483299999999999841e+00
3.548599999999999977e+00
3.595400000000000151e+00
3.636600000000000055e+00
3.412199999999999900e+00
3.553700000000000081e+00
3.701799999999999979e+00
3.637700000000000156e+00
3.737000000000000099e+00
3.617599999999999927e+00
3.599299999999999944e+00
3.447099999999999831e+00
3.441500000000000004e+00
3.626199999999999868e+00
3.508799999999999919e+00
3.543099999999999916e+00
3.762399999999999967e+00
3.771399999999999864e+00
3.579699999999999882e+00
3.722799999999999887e+00
3.412199999999999900e+00
3.499099999999999877e+00
3.681500000000000217e+00
3.771399999999999864e+00
3.636800000000000033e+00
3.487200000000000077e+00
3.493100000000000094e+00
3.687399999999999789e+00
3.771399999999999864e+00
3.477399999999999824e+00
3.490200000000000191e+00
3.512900000000000134e+00
3.771399999999999864e+00
3.468500000000000139e+00
3.700600000000000112e+00
3.688000000000000167e+00
3.580999999999999961e+00
3.600800000000000001e+00
3.580099999999999838e+00
3.719500000000000028e+00
3.771399999999999864e+00
3.771399999999999864e+00
3.729200000000000070e+00
3.412199999999999900e+00
3.552599999999999980e+00
3.412199999999999900e+00
3.771399999999999864e+00
