6.791800000000000281e+00
5.791900000000000048e+00
5.403800000000000381e+00
5.066900000000000404e+00
4.544800000000000395e+00
4.486100000000000421e+00
4.053099999999999703e+00
4.102999999999999758e+00
4.055100000000000371e+00
3.838499999999999801e+00
3.848700000000000010e+00
4.055100000000000371e+00
3.750399999999999956e+00
4.055100000000000371e+00
3.778700000000000170e+00
3.754300000000000193e+00
3.949600000000000222e+00
3.849899999999999878e+00
4.055100000000000371e+00
3.882600000000000051e+00
4.055100000000000371e+00
4.055100000000000371e+00
3.769099999999999895e+00
4.055100000000000371e+00
3.668899999999999828e+00
4.055100000000000371e+00
3.668899999999999828e+00
3.767399999999999860e+00
3.797400000000000109e+00
3.876300000000000079e+00
3.739100000000000090e+00
4.055100000000000371e+00
3.825899999999999856e+00
3.875399999999999956e+00
3.863599999999999923e+00
3.728800000000000114e+00
3.790999999999999925e+00
3.773699999999999832e+00
4.055100000000000371e+00
3.732400000000000162e+00
4.055100000000000371e+00
3.971299999999999830e+00
3.828100000000000058e+00
4.055100000000000371e+00
3.668899999999999828e+00
3.792199999999999793e+00
3.748499999999999943e+00
4.055100000000000371e+00
3.855999999999999872e+00
3.868900000000000006e+00
4.011800000000000033e+00
3.686700000000000088e+00
3.668899999999999828e+00
3.950800000000000090e+00
4.018500000000000405e+00
3.683399999999999785e+00
3.713000000000000078e+00
3.668899999999999828e+00
3.721400000000000041e+00
3.910499999999999865e+00
3.779199999999999893e+00
3.737299999999999844e+00
3.668899999999999828e+00
3.668899999999999828e+00
3.843399999999999928e+00
3.738399999999999945e+00
3.783700000000000063e+00
3.994899999999999896e+00
3.668899999999999828e+00
4.055100000000000371e+00
4.055100000000000371e+00
3.791100000000000136e+00
3.753299999999999859e+00
3.946499999999999897e+00
3.932700000000000085e+00
3.771900000000000031e+00
3.930800000000000072e+00
4.051999999999999602e+00
3.713900000000000201e+00
3.738399999999999945e+00
3.834600000000000009e+00
3.740200000000000191e+00
4.031799999999999606e+00
3.688800000000000079e+00
3.920900000000000052e+00
3.758100000000000218e+00
4.055100000000000371e+00
3.915000000000000036e+00
4.024300000000000210e+00
3.668899999999999828e+00
4.055100000000000371e+00
3.668899999999999828e+00
3.838299999999999823e+00
3.833200000000000163e+00
4.055100000000000371e+00
3.921800000000000175e+00
3.953399999999999803e+00
3.674399999999999888e+00
3.719700000000000006e+00
3.886400000000000077e+00
