6.661100000000000243e+00
6.652800000000000047e+00
6.234099999999999753e+00
5.533999999999999808e+00
5.001199999999999868e+00
4.689099999999999824e+00
4.519899999999999807e+00
4.340700000000000003e+00
3.974000000000000199e+00
4.184499999999999886e+00
4.020400000000000418e+00
3.511299999999999866e+00
3.772499999999999964e+00
3.403799999999999937e+00
3.492100000000000204e+00
3.286999999999999922e+00
3.477199999999999847e+00
3.357200000000000184e+00
3.286999999999999922e+00
3.630500000000000060e+00
3.576900000000000190e+00
3.286999999999999922e+00
3.289600000000000080e+00
3.286999999999999922e+00
3.286999999999999922e+00
3.587499999999999911e+00
3.286999999999999922e+00
3.460700000000000109e+00
3.475000000000000089e+00
3.465599999999999792e+00
3.503600000000000048e+00
3.633000000000000007e+00
3.633000000000000007e+00
3.344700000000000006e+00
3.429600000000000204e+00
3.577599999999999891e+00
3.345299999999999940e+00
3.575899999999999856e+00
3.286999999999999922e+00
3.490000000000000213e+00
3.562800000000000189e+00
3.481500000000000039e+00
3.555400000000000116e+00
3.554800000000000182e+00
3.440700000000000092e+00
3.366699999999999804e+00
3.576499999999999790e+00
3.478600000000000136e+00
3.457699999999999996e+00
3.286999999999999922e+00
3.556099999999999817e+00
3.633000000000000007e+00
3.608999999999999986e+00
3.581900000000000084e+00
3.310400000000000009e+00
3.466499999999999915e+00
3.336199999999999832e+00
3.633000000000000007e+00
3.539000000000000146e+00
3.464199999999999946e+00
3.633000000000000007e+00
3.381699999999999928e+00
3.330299999999999816e+00
3.393299999999999983e+00
3.286999999999999922e+00
3.426600000000000090e+00
3.369200000000000195e+00
3.286999999999999922e+00
3.336199999999999832e+00
3.488999999999999879e+00
3.633000000000000007e+00
3.495400000000000063e+00
3.518699999999999939e+00
3.286999999999999922e+00
3.345699999999999896e+00
3.286999999999999922e+00
3.411799999999999944e+00
3.633000000000000007e+00
3.633000000000000007e+00
3.439799999999999969e+00
3.329899999999999860e+00
3.406499999999999861e+00
3.452199999999999935e+00
3.479400000000000048e+00
3.286999999999999922e+00
3.588499999999999801e+00
3.599099999999999966e+00
3.633000000000000007e+00
3.567400000000000126e+00
3.516199999999999992e+00
3.633000000000000007e+00
3.504700000000000149e+00
3.627099999999999991e+00
3.286999999999999922e+00
3.567800000000000082e+00
3.286999999999999922e+00
3.633000000000000007e+00
3.460199999999999942e+00
3.633000000000000007e+00
3.501900000000000013e+00
