6.716599999999999682e+00
6.409900000000000375e+00
5.232599999999999696e+00
4.780300000000000438e+00
4.560399999999999565e+00
4.405000000000000249e+00
3.868500000000000050e+00
3.606300000000000061e+00
3.578199999999999825e+00
3.534100000000000019e+00
3.711300000000000043e+00
3.680400000000000116e+00
3.736800000000000122e+00
3.380900000000000016e+00
3.380900000000000016e+00
3.736800000000000122e+00
3.548999999999999932e+00
3.736800000000000122e+00
3.595699999999999896e+00
3.736800000000000122e+00
3.419799999999999951e+00
3.727100000000000080e+00
3.557100000000000151e+00
3.490000000000000213e+00
3.690500000000000114e+00
3.557199999999999918e+00
3.537199999999999900e+00
3.394400000000000084e+00
3.492300000000000182e+00
3.380900000000000016e+00
3.534600000000000186e+00
3.589599999999999902e+00
3.736800000000000122e+00
3.662199999999999900e+00
3.563499999999999890e+00
3.736800000000000122e+00
3.736800000000000122e+00
3.520900000000000141e+00
3.603400000000000158e+00
3.500300000000000189e+00
3.736800000000000122e+00
3.380900000000000016e+00
3.609700000000000131e+00
3.380900000000000016e+00
3.380900000000000016e+00
3.380900000000000016e+00
3.696899999999999853e+00
3.736800000000000122e+00
3.567099999999999937e+00
3.527800000000000047e+00
3.736800000000000122e+00
3.736800000000000122e+00
3.380900000000000016e+00
3.736800000000000122e+00
3.425699999999999967e+00
3.506800000000000139e+00
3.736800000000000122e+00
3.663300000000000001e+00
3.380900000000000016e+00
3.566100000000000048e+00
3.641599999999999948e+00
3.541900000000000048e+00
3.710599999999999898e+00
3.605900000000000105e+00
3.580200000000000049e+00
3.494099999999999984e+00
3.555699999999999861e+00
3.629900000000000126e+00
3.380900000000000016e+00
3.611299999999999955e+00
3.380900000000000016e+00
3.613599999999999923e+00
3.487000000000000099e+00
3.660099999999999909e+00
3.649700000000000166e+00
3.380900000000000016e+00
3.736800000000000122e+00
3.380900000000000016e+00
3.574800000000000200e+00
3.721900000000000208e+00
3.730300000000000171e+00
3.623699999999999921e+00
3.385299999999999976e+00
3.560599999999999987e+00
3.624899999999999789e+00
3.380900000000000016e+00
3.646300000000000097e+00
3.499899999999999789e+00
3.601799999999999891e+00
3.633599999999999941e+00
3.393899999999999917e+00
3.484700000000000131e+00
3.542600000000000193e+00
3.722399999999999931e+00
3.736800000000000122e+00
3.380900000000000016e+00
3.539400000000000102e+00
3.380900000000000016e+00
3.522699999999999942e+00
3.380900000000000016e+00
