6.441799999999999748e+00
6.556799999999999962e+00
5.703999999999999737e+00
5.097000000000000419e+00
5.189199999999999591e+00
4.596000000000000085e+00
4.545600000000000307e+00
3.894299999999999873e+00
3.931200000000000028e+00
3.916399999999999881e+00
3.902000000000000135e+00
3.506099999999999994e+00
3.834000000000000075e+00
3.814599999999999991e+00
3.875199999999999978e+00
3.637799999999999923e+00
3.506099999999999994e+00
3.521100000000000119e+00
3.610500000000000043e+00
3.715899999999999981e+00
3.506099999999999994e+00
3.565700000000000092e+00
3.875199999999999978e+00
3.506099999999999994e+00
3.790700000000000180e+00
3.769400000000000084e+00
3.780100000000000016e+00
3.506099999999999994e+00
3.743399999999999839e+00
3.506099999999999994e+00
3.506099999999999994e+00
3.781699999999999839e+00
3.830700000000000216e+00
3.648800000000000043e+00
3.506099999999999994e+00
3.506099999999999994e+00
3.875199999999999978e+00
3.620800000000000018e+00
3.539800000000000058e+00
3.704800000000000093e+00
3.717299999999999827e+00
3.648499999999999854e+00
3.506099999999999994e+00
3.506099999999999994e+00
3.506099999999999994e+00
3.528099999999999792e+00
3.875199999999999978e+00
3.743900000000000006e+00
3.777800000000000047e+00
3.718199999999999950e+00
3.812100000000000044e+00
3.589799999999999880e+00
3.875199999999999978e+00
3.506099999999999994e+00
3.699500000000000011e+00
3.506099999999999994e+00
3.875199999999999978e+00
3.669099999999999806e+00
3.629799999999999915e+00
3.875199999999999978e+00
3.875199999999999978e+00
3.788400000000000212e+00
3.830900000000000194e+00
3.506099999999999994e+00
3.604800000000000004e+00
3.615099999999999980e+00
3.838699999999999779e+00
3.875199999999999978e+00
3.519200000000000106e+00
3.506099999999999994e+00
3.821600000000000108e+00
3.875199999999999978e+00
3.703500000000000014e+00
3.506099999999999994e+00
3.506099999999999994e+00
3.702599999999999891e+00
3.541199999999999903e+00
3.875199999999999978e+00
3.875199999999999978e+00
3.875199999999999978e+00
3.632299999999999862e+00
3.875199999999999978e+00
3.761699999999999822e+00
3.875199999999999978e+00
3.875199999999999978e+00
3.528000000000000025e+00
3.762999999999999901e+00
3.875199999999999978e+00
3.643200000000000216e+00
3.875199999999999978e+00
3.851900000000000102e+00
3.618300000000000072e+00
3.535099999999999909e+00
3.871799999999999908e+00
3.697900000000000187e+00
3.722999999999999865e+00
3.875199999999999978e+00
3.673000000000000043e+00
3.506099999999999994e+00
3.562300000000000022e+00
