6.441799999999999748e+00
6.038100000000000023e+00
5.659600000000000186e+00
5.645800000000000374e+00
5.367300000000000182e+00
5.186799999999999855e+00
4.578599999999999781e+00
4.521099999999999675e+00
4.300399999999999778e+00
4.123099999999999987e+00
4.051099999999999923e+00
4.009000000000000341e+00
4.276699999999999946e+00
4.290399999999999991e+00
3.881800000000000139e+00
4.290399999999999991e+00
3.980199999999999960e+00
4.041199999999999903e+00
4.176000000000000156e+00
3.881800000000000139e+00
4.050600000000000200e+00
4.290399999999999991e+00
3.881800000000000139e+00
3.968300000000000161e+00
4.059300000000000352e+00
4.290399999999999991e+00
4.051899999999999835e+00
3.881800000000000139e+00
3.959999999999999964e+00
4.117499999999999716e+00
3.881800000000000139e+00
4.155400000000000205e+00
3.881800000000000139e+00
4.063100000000000378e+00
4.015799999999999592e+00
4.238800000000000345e+00
3.881800000000000139e+00
3.881800000000000139e+00
3.988199999999999967e+00
4.171499999999999986e+00
4.152400000000000091e+00
4.217299999999999827e+00
4.054400000000000226e+00
4.278100000000000236e+00
4.103500000000000369e+00
4.290399999999999991e+00
4.290399999999999991e+00
3.905100000000000016e+00
4.021300000000000097e+00
4.290399999999999991e+00
4.290399999999999991e+00
3.973800000000000221e+00
4.207099999999999618e+00
4.290399999999999991e+00
4.168400000000000105e+00
4.126599999999999824e+00
4.078599999999999781e+00
3.993300000000000072e+00
4.005200000000000315e+00
4.030999999999999694e+00
4.081400000000000361e+00
4.287600000000000300e+00
3.881800000000000139e+00
3.881800000000000139e+00
4.163599999999999746e+00
4.125700000000000145e+00
3.881800000000000139e+00
4.171400000000000219e+00
4.250099999999999767e+00
4.065299999999999692e+00
4.165399999999999991e+00
4.051400000000000112e+00
4.033800000000000274e+00
4.072300000000000253e+00
3.951099999999999834e+00
4.022400000000000198e+00
4.201900000000000190e+00
4.290399999999999991e+00
4.062100000000000044e+00
4.289699999999999847e+00
4.063799999999999635e+00
4.252900000000000347e+00
4.110299999999999621e+00
4.046599999999999753e+00
4.136000000000000121e+00
3.908599999999999852e+00
4.118900000000000006e+00
4.214999999999999858e+00
3.887199999999999989e+00
4.193699999999999761e+00
4.290099999999999802e+00
3.881800000000000139e+00
4.107800000000000118e+00
4.290399999999999991e+00
4.146899999999999586e+00
4.225399999999999601e+00
4.093099999999999739e+00
4.284900000000000375e+00
4.290399999999999991e+00
3.923500000000000210e+00
