7.119900000000000340e+00
6.035099999999999909e+00
5.677200000000000024e+00
5.117899999999999672e+00
4.769499999999999851e+00
4.467500000000000249e+00
4.597999999999999865e+00
4.152000000000000135e+00
4.053399999999999892e+00
3.724200000000000177e+00
3.807900000000000063e+00
3.631299999999999972e+00
3.803700000000000081e+00
3.945399999999999796e+00
3.742599999999999927e+00
4.013600000000000279e+00
3.797699999999999854e+00
3.784800000000000164e+00
3.837200000000000166e+00
3.829299999999999926e+00
3.764499999999999957e+00
3.914099999999999913e+00
3.932999999999999829e+00
4.013600000000000279e+00
3.631299999999999972e+00
4.013600000000000279e+00
3.977199999999999847e+00
3.631299999999999972e+00
3.631299999999999972e+00
3.763700000000000045e+00
3.936799999999999855e+00
3.840399999999999814e+00
3.714500000000000135e+00
3.678900000000000059e+00
3.804899999999999949e+00
4.013600000000000279e+00
3.752499999999999947e+00
4.013600000000000279e+00
3.757200000000000095e+00
3.631299999999999972e+00
4.013600000000000279e+00
3.742300000000000182e+00
3.755500000000000060e+00
3.654999999999999805e+00
3.711899999999999977e+00
3.956199999999999939e+00
3.631299999999999972e+00
3.631299999999999972e+00
3.967299999999999827e+00
3.978499999999999925e+00
3.941399999999999793e+00
3.689299999999999802e+00
3.708499999999999908e+00
3.803799999999999848e+00
3.631299999999999972e+00
3.941199999999999815e+00
3.700299999999999923e+00
4.013600000000000279e+00
3.660299999999999887e+00
3.631299999999999972e+00
3.902099999999999902e+00
3.631299999999999972e+00
4.013600000000000279e+00
3.891599999999999948e+00
3.694799999999999862e+00
4.013600000000000279e+00
4.013600000000000279e+00
4.000499999999999723e+00
3.845499999999999918e+00
4.013600000000000279e+00
4.013600000000000279e+00
3.800800000000000178e+00
3.631299999999999972e+00
3.631299999999999972e+00
3.921699999999999964e+00
3.631299999999999972e+00
3.759900000000000020e+00
3.631299999999999972e+00
3.762000000000000011e+00
3.631299999999999972e+00
3.884500000000000064e+00
3.631299999999999972e+00
3.972300000000000164e+00
3.878099999999999881e+00
3.631299999999999972e+00
3.769499999999999851e+00
3.894899999999999807e+00
3.893200000000000216e+00
3.799799999999999844e+00
4.013600000000000279e+00
3.959200000000000053e+00
4.013600000000000279e+00
3.916199999999999903e+00
3.631299999999999972e+00
3.789499999999999869e+00
3.998699999999999921e+00
4.013600000000000279e+00
3.894299999999999873e+00
3.638599999999999834e+00
3.882699999999999818e+00
