6.728699999999999903e+00
5.921499999999999986e+00
6.030300000000000438e+00
5.419599999999999973e+00
4.780499999999999972e+00
4.849800000000000111e+00
4.506700000000000372e+00
4.279700000000000060e+00
3.813000000000000167e+00
4.118999999999999773e+00
3.703300000000000036e+00
3.870099999999999874e+00
3.794500000000000206e+00
3.795999999999999819e+00
3.923500000000000210e+00
3.933800000000000185e+00
3.977700000000000014e+00
3.931299999999999795e+00
3.887599999999999945e+00
3.831100000000000172e+00
3.731599999999999806e+00
3.970299999999999940e+00
3.729200000000000070e+00
4.008799999999999919e+00
3.902299999999999880e+00
3.913699999999999957e+00
3.947200000000000042e+00
3.847399999999999931e+00
4.043099999999999916e+00
3.917400000000000215e+00
3.703300000000000036e+00
3.749499999999999833e+00
3.715300000000000047e+00
3.783500000000000085e+00
4.093200000000000394e+00
3.713000000000000078e+00
3.943499999999999783e+00
4.093200000000000394e+00
4.093200000000000394e+00
4.093200000000000394e+00
3.765899999999999803e+00
4.065299999999999692e+00
3.851399999999999935e+00
3.796899999999999942e+00
4.093200000000000394e+00
3.722599999999999909e+00
3.703300000000000036e+00
4.093200000000000394e+00
3.751599999999999824e+00
3.854299999999999837e+00
4.093200000000000394e+00
4.093200000000000394e+00
3.825099999999999945e+00
3.703300000000000036e+00
3.757000000000000117e+00
4.081000000000000405e+00
3.908700000000000063e+00
3.954600000000000115e+00
3.749600000000000044e+00
3.992100000000000204e+00
4.093200000000000394e+00
4.093200000000000394e+00
3.959799999999999986e+00
3.907500000000000195e+00
4.093099999999999739e+00
3.703300000000000036e+00
4.093200000000000394e+00
4.093200000000000394e+00
3.703300000000000036e+00
3.809000000000000163e+00
3.754000000000000004e+00
4.083599999999999675e+00
3.913100000000000023e+00
4.093200000000000394e+00
3.737899999999999778e+00
3.746199999999999974e+00
3.703300000000000036e+00
4.093200000000000394e+00
3.979200000000000070e+00
3.747599999999999820e+00
4.025000000000000355e+00
3.854800000000000004e+00
3.786300000000000221e+00
3.703300000000000036e+00
3.703300000000000036e+00
4.013300000000000090e+00
4.014199999999999768e+00
3.982400000000000162e+00
3.777200000000000113e+00
3.931099999999999817e+00
3.706599999999999895e+00
3.982800000000000118e+00
3.869400000000000173e+00
3.710500000000000131e+00
4.093200000000000394e+00
3.823399999999999910e+00
3.703300000000000036e+00
4.089199999999999946e+00
3.703300000000000036e+00
3.911099999999999799e+00
