6.441799999999999748e+00
5.621299999999999741e+00
5.471099999999999852e+00
4.724899999999999878e+00
4.419999999999999929e+00
3.875900000000000123e+00
3.978299999999999947e+00
4.053700000000000081e+00
3.877200000000000202e+00
4.152000000000000135e+00
4.125899999999999679e+00
3.857899999999999885e+00
3.756499999999999950e+00
4.078299999999999592e+00
3.877499999999999947e+00
4.076399999999999579e+00
3.977500000000000036e+00
4.152000000000000135e+00
3.880799999999999805e+00
4.018099999999999561e+00
3.956500000000000128e+00
3.839999999999999858e+00
3.756499999999999950e+00
4.051899999999999835e+00
3.756499999999999950e+00
4.032700000000000173e+00
3.983900000000000219e+00
3.967400000000000038e+00
4.078599999999999781e+00
3.756499999999999950e+00
3.923200000000000021e+00
3.756499999999999950e+00
4.152000000000000135e+00
3.961100000000000065e+00
3.756499999999999950e+00
4.102800000000000225e+00
3.838799999999999990e+00
3.756499999999999950e+00
3.898200000000000109e+00
3.913699999999999957e+00
3.775199999999999889e+00
3.756499999999999950e+00
4.096499999999999808e+00
3.842000000000000082e+00
3.886699999999999822e+00
3.782000000000000028e+00
4.152000000000000135e+00
3.953800000000000203e+00
3.766900000000000137e+00
3.856500000000000039e+00
3.772299999999999986e+00
4.152000000000000135e+00
3.941899999999999959e+00
3.951200000000000045e+00
3.756499999999999950e+00
3.894000000000000128e+00
4.009400000000000297e+00
3.995800000000000018e+00
3.766300000000000203e+00
3.835500000000000131e+00
3.770300000000000207e+00
4.152000000000000135e+00
3.852700000000000014e+00
3.942499999999999893e+00
4.101899999999999658e+00
3.882400000000000073e+00
3.758700000000000152e+00
3.756499999999999950e+00
4.014400000000000190e+00
4.056300000000000239e+00
3.888799999999999812e+00
3.756499999999999950e+00
3.965399999999999814e+00
3.932999999999999829e+00
3.885099999999999998e+00
3.782900000000000151e+00
4.148100000000000342e+00
4.049800000000000288e+00
3.756499999999999950e+00
3.877299999999999969e+00
4.054199999999999804e+00
4.001299999999999635e+00
3.756499999999999950e+00
4.152000000000000135e+00
3.870899999999999785e+00
4.152000000000000135e+00
3.998600000000000154e+00
4.152000000000000135e+00
3.981899999999999995e+00
3.861099999999999977e+00
4.063699999999999868e+00
3.969100000000000072e+00
4.070700000000000429e+00
4.063200000000000145e+00
4.141899999999999693e+00
3.789499999999999869e+00
3.871500000000000163e+00
3.892700000000000049e+00
4.075499999999999901e+00
4.152000000000000135e+00
