6.948000000000000398e+00
6.080899999999999750e+00
6.132500000000000284e+00
5.353200000000000180e+00
5.168899999999999828e+00
4.914100000000000357e+00
4.715399999999999814e+00
4.148600000000000065e+00
4.284799999999999720e+00
4.047200000000000131e+00
4.015200000000000102e+00
3.821200000000000152e+00
3.794099999999999806e+00
3.840599999999999792e+00
3.573799999999999866e+00
3.776899999999999924e+00
3.495200000000000085e+00
3.638900000000000023e+00
3.620499999999999829e+00
3.702799999999999869e+00
3.610500000000000043e+00
3.511600000000000055e+00
3.792600000000000193e+00
3.840599999999999792e+00
3.833200000000000163e+00
3.753600000000000048e+00
3.840599999999999792e+00
3.702999999999999847e+00
3.603200000000000180e+00
3.840599999999999792e+00
3.840599999999999792e+00
3.474800000000000111e+00
3.585199999999999942e+00
3.840599999999999792e+00
3.840599999999999792e+00
3.728499999999999925e+00
3.840599999999999792e+00
3.518899999999999917e+00
3.504000000000000004e+00
3.840599999999999792e+00
3.788600000000000190e+00
3.840599999999999792e+00
3.836699999999999999e+00
3.474800000000000111e+00
3.474800000000000111e+00
3.474800000000000111e+00
3.474800000000000111e+00
3.619699999999999918e+00
3.840599999999999792e+00
3.840599999999999792e+00
3.474800000000000111e+00
3.474800000000000111e+00
3.840599999999999792e+00
3.840599999999999792e+00
3.672699999999999854e+00
3.738999999999999879e+00
3.756200000000000205e+00
3.793200000000000127e+00
3.474800000000000111e+00
3.638900000000000023e+00
3.708899999999999864e+00
3.840599999999999792e+00
3.474800000000000111e+00
3.474800000000000111e+00
3.649199999999999999e+00
3.516500000000000181e+00
3.643299999999999983e+00
3.474800000000000111e+00
3.485500000000000043e+00
3.840599999999999792e+00
3.621900000000000119e+00
3.840599999999999792e+00
3.754500000000000171e+00
3.762900000000000134e+00
3.840599999999999792e+00
3.486899999999999888e+00
3.566699999999999982e+00
3.636499999999999844e+00
3.840599999999999792e+00
3.620699999999999807e+00
3.480500000000000149e+00
3.487200000000000077e+00
3.840599999999999792e+00
3.831500000000000128e+00
3.735399999999999832e+00
3.797099999999999920e+00
3.840599999999999792e+00
3.591499999999999915e+00
3.474800000000000111e+00
3.710199999999999942e+00
3.840599999999999792e+00
3.840599999999999792e+00
3.730799999999999894e+00
3.679499999999999993e+00
3.474800000000000111e+00
3.598700000000000010e+00
3.474800000000000111e+00
3.646799999999999820e+00
3.812300000000000022e+00
3.737499999999999822e+00
