7.119900000000000340e+00
5.865700000000000358e+00
5.362899999999999778e+00
5.276099999999999568e+00
4.606300000000000061e+00
4.644199999999999662e+00
4.564499999999999780e+00
4.327600000000000335e+00
3.990699999999999914e+00
4.252900000000000347e+00
3.975699999999999790e+00
4.123899999999999899e+00
4.394199999999999662e+00
4.015900000000000247e+00
3.999299999999999855e+00
4.223799999999999777e+00
3.975699999999999790e+00
4.189499999999999780e+00
4.394199999999999662e+00
4.124699999999999811e+00
4.203100000000000058e+00
4.002900000000000347e+00
4.008399999999999963e+00
4.058200000000000252e+00
3.975699999999999790e+00
4.017699999999999605e+00
4.185399999999999565e+00
3.975699999999999790e+00
4.388300000000000090e+00
4.359700000000000131e+00
4.091999999999999638e+00
4.249299999999999855e+00
4.085300000000000153e+00
4.156399999999999650e+00
4.394199999999999662e+00
3.975699999999999790e+00
4.201200000000000045e+00
3.975699999999999790e+00
4.260399999999999743e+00
4.295499999999999652e+00
4.196900000000000297e+00
3.975699999999999790e+00
4.315000000000000391e+00
4.151699999999999946e+00
4.280599999999999739e+00
4.162399999999999878e+00
4.064700000000000202e+00
4.394199999999999662e+00
3.975699999999999790e+00
4.333999999999999631e+00
4.138099999999999667e+00
4.025599999999999845e+00
4.333499999999999908e+00
4.261899999999999800e+00
4.172600000000000087e+00
4.268399999999999750e+00
3.975699999999999790e+00
3.975699999999999790e+00
4.233200000000000074e+00
4.011000000000000121e+00
3.975699999999999790e+00
4.008000000000000007e+00
3.975699999999999790e+00
4.080899999999999750e+00
4.056300000000000239e+00
4.155800000000000161e+00
4.394199999999999662e+00
4.042799999999999727e+00
4.122700000000000031e+00
3.990499999999999936e+00
3.975699999999999790e+00
3.976700000000000124e+00
4.319099999999999717e+00
4.083099999999999952e+00
4.037899999999999601e+00
4.240599999999999703e+00
4.192999999999999616e+00
3.975699999999999790e+00
4.321399999999999686e+00
3.975699999999999790e+00
4.394199999999999662e+00
4.196399999999999686e+00
4.338199999999999612e+00
4.091099999999999959e+00
3.975699999999999790e+00
4.133399999999999963e+00
4.101700000000000124e+00
4.101700000000000124e+00
4.394199999999999662e+00
4.136300000000000310e+00
4.394199999999999662e+00
4.174500000000000099e+00
3.975699999999999790e+00
3.975699999999999790e+00
3.975699999999999790e+00
4.030899999999999928e+00
4.394199999999999662e+00
4.371100000000000207e+00
4.394199999999999662e+00
4.051199999999999690e+00
