6.502500000000000391e+00
6.387199999999999989e+00
5.232300000000000395e+00
4.893699999999999939e+00
4.487199999999999633e+00
4.450400000000000134e+00
3.987999999999999989e+00
3.725400000000000045e+00
3.631299999999999972e+00
4.013600000000000279e+00
4.013600000000000279e+00
3.631299999999999972e+00
4.004299999999999748e+00
3.631299999999999972e+00
3.790700000000000180e+00
3.969899999999999984e+00
4.013600000000000279e+00
3.749200000000000088e+00
3.905299999999999994e+00
3.824100000000000055e+00
3.679499999999999993e+00
3.977100000000000080e+00
3.815700000000000092e+00
3.879599999999999937e+00
4.013600000000000279e+00
3.631299999999999972e+00
3.915799999999999947e+00
3.631299999999999972e+00
3.631299999999999972e+00
4.013600000000000279e+00
4.013600000000000279e+00
4.013600000000000279e+00
3.804699999999999971e+00
4.013600000000000279e+00
3.879399999999999959e+00
3.968599999999999905e+00
3.798099999999999810e+00
3.676400000000000112e+00
3.912599999999999856e+00
4.010299999999999976e+00
3.631299999999999972e+00
3.808699999999999974e+00
3.631299999999999972e+00
3.825099999999999945e+00
3.736099999999999977e+00
3.653599999999999959e+00
3.865400000000000169e+00
3.911300000000000221e+00
3.631299999999999972e+00
4.013600000000000279e+00
4.013600000000000279e+00
3.631299999999999972e+00
3.631299999999999972e+00
3.818499999999999783e+00
3.692400000000000126e+00
3.631299999999999972e+00
3.927299999999999791e+00
3.661099999999999799e+00
3.631299999999999972e+00
3.809699999999999864e+00
3.728600000000000136e+00
3.856799999999999784e+00
3.967099999999999849e+00
3.813699999999999868e+00
3.926499999999999879e+00
3.694399999999999906e+00
3.631299999999999972e+00
3.749000000000000110e+00
4.013600000000000279e+00
3.846200000000000063e+00
3.631299999999999972e+00
3.765400000000000080e+00
3.826999999999999957e+00
3.989199999999999857e+00
3.776299999999999990e+00
3.895799999999999930e+00
3.872399999999999842e+00
3.877899999999999903e+00
3.668400000000000105e+00
4.013600000000000279e+00
4.013600000000000279e+00
3.647499999999999964e+00
3.631299999999999972e+00
3.781899999999999817e+00
3.703800000000000203e+00
3.782700000000000173e+00
3.988500000000000156e+00
3.861600000000000144e+00
4.013600000000000279e+00
4.013600000000000279e+00
3.631299999999999972e+00
3.924100000000000144e+00
3.989399999999999835e+00
3.924399999999999888e+00
3.631299999999999972e+00
3.791199999999999903e+00
4.013600000000000279e+00
3.681999999999999940e+00
3.631299999999999972e+00
3.709200000000000053e+00
