6.687700000000000422e+00
6.082200000000000273e+00
5.685399999999999565e+00
5.275599999999999845e+00
5.074300000000000033e+00
4.840600000000000236e+00
4.157600000000000406e+00
4.183799999999999741e+00
4.030000000000000249e+00
3.703699999999999992e+00
3.704600000000000115e+00
3.506099999999999994e+00
3.603400000000000158e+00
3.645500000000000185e+00
3.506099999999999994e+00
3.788499999999999979e+00
3.875199999999999978e+00
3.662700000000000067e+00
3.875199999999999978e+00
3.816300000000000026e+00
3.616600000000000037e+00
3.741499999999999826e+00
3.875199999999999978e+00
3.847900000000000098e+00
3.875199999999999978e+00
3.831100000000000172e+00
3.856199999999999850e+00
3.568200000000000038e+00
3.875199999999999978e+00
3.875199999999999978e+00
3.640000000000000124e+00
3.784699999999999953e+00
3.623699999999999921e+00
3.875199999999999978e+00
3.785000000000000142e+00
3.541999999999999815e+00
3.524799999999999933e+00
3.506099999999999994e+00
3.506099999999999994e+00
3.875199999999999978e+00
3.687300000000000022e+00
3.590300000000000047e+00
3.747100000000000097e+00
3.506099999999999994e+00
3.684299999999999908e+00
3.676899999999999835e+00
3.824100000000000055e+00
3.717299999999999827e+00
3.598300000000000054e+00
3.875199999999999978e+00
3.875199999999999978e+00
3.875199999999999978e+00
3.875199999999999978e+00
3.863300000000000178e+00
3.875199999999999978e+00
3.633399999999999963e+00
3.777699999999999836e+00
3.647100000000000009e+00
3.875199999999999978e+00
3.710300000000000153e+00
3.697900000000000187e+00
3.600400000000000045e+00
3.525599999999999845e+00
3.597999999999999865e+00
3.875199999999999978e+00
3.866499999999999826e+00
3.758999999999999897e+00
3.621799999999999908e+00
3.506099999999999994e+00
3.590300000000000047e+00
3.506099999999999994e+00
3.875199999999999978e+00
3.582800000000000207e+00
3.506099999999999994e+00
3.781899999999999817e+00
3.797099999999999920e+00
3.710900000000000087e+00
3.506099999999999994e+00
3.506099999999999994e+00
3.755900000000000016e+00
3.729699999999999793e+00
3.506099999999999994e+00
3.700299999999999923e+00
3.525300000000000100e+00
3.584799999999999986e+00
3.704699999999999882e+00
3.535299999999999887e+00
3.506099999999999994e+00
3.506099999999999994e+00
3.698799999999999866e+00
3.875199999999999978e+00
3.703699999999999992e+00
3.691199999999999815e+00
3.546400000000000219e+00
3.875199999999999978e+00
3.779199999999999893e+00
3.831799999999999873e+00
3.747199999999999864e+00
3.740299999999999958e+00
3.864599999999999813e+00
