6.964999999999999858e+00
5.916999999999999815e+00
4.463000000000000078e+00
3.867599999999999927e+00
3.620600000000000041e+00
3.292499999999999982e+00
2.960599999999999898e+00
3.006699999999999928e+00
3.033500000000000085e+00
3.183199999999999807e+00
2.980300000000000171e+00
2.879999999999999893e+00
3.082599999999999785e+00
3.108900000000000219e+00
3.183199999999999807e+00
2.968100000000000183e+00
3.049700000000000077e+00
3.077700000000000102e+00
2.947999999999999954e+00
3.183199999999999807e+00
3.044099999999999806e+00
2.975400000000000045e+00
2.925800000000000178e+00
2.879999999999999893e+00
3.183199999999999807e+00
2.930299999999999905e+00
3.073100000000000165e+00
3.131699999999999928e+00
3.062500000000000000e+00
2.990200000000000191e+00
3.183199999999999807e+00
3.183199999999999807e+00
2.879999999999999893e+00
2.879999999999999893e+00
2.896599999999999842e+00
3.148499999999999854e+00
2.879999999999999893e+00
3.147899999999999920e+00
2.879999999999999893e+00
2.879999999999999893e+00
3.062800000000000189e+00
3.167100000000000026e+00
2.901199999999999779e+00
2.879999999999999893e+00
3.137300000000000200e+00
3.024000000000000021e+00
2.963799999999999990e+00
3.063400000000000123e+00
2.879999999999999893e+00
3.044399999999999995e+00
2.879999999999999893e+00
3.132400000000000073e+00
2.879999999999999893e+00
3.161700000000000177e+00
3.045399999999999885e+00
2.888300000000000090e+00
3.012100000000000222e+00
3.024900000000000144e+00
3.183199999999999807e+00
2.966800000000000104e+00
2.991400000000000059e+00
3.031899999999999817e+00
3.117900000000000116e+00
2.879999999999999893e+00
2.879999999999999893e+00
3.144600000000000062e+00
3.045999999999999819e+00
2.879999999999999893e+00
3.132299999999999862e+00
2.895599999999999952e+00
3.183199999999999807e+00
2.895900000000000141e+00
2.970200000000000173e+00
3.100600000000000023e+00
2.879999999999999893e+00
2.990099999999999980e+00
2.879999999999999893e+00
3.137500000000000178e+00
3.149399999999999977e+00
3.183199999999999807e+00
3.183199999999999807e+00
3.047699999999999854e+00
2.963799999999999990e+00
2.879999999999999893e+00
3.072999999999999954e+00
2.879999999999999893e+00
3.013300000000000090e+00
2.963999999999999968e+00
2.973300000000000054e+00
3.183199999999999807e+00
3.027800000000000047e+00
2.905800000000000161e+00
2.979900000000000215e+00
3.120699999999999807e+00
3.183199999999999807e+00
2.879999999999999893e+00
3.049599999999999866e+00
3.183199999999999807e+00
2.979600000000000026e+00
3.177200000000000024e+00
