6.714299999999999713e+00
6.250099999999999767e+00
5.805200000000000138e+00
4.927500000000000213e+00
4.549199999999999910e+00
4.163199999999999790e+00
3.871599999999999930e+00
3.670799999999999841e+00
3.468100000000000183e+00
3.792100000000000026e+00
3.547200000000000131e+00
3.744099999999999984e+00
3.431000000000000050e+00
3.475900000000000212e+00
3.431000000000000050e+00
3.792100000000000026e+00
3.790799999999999947e+00
3.724699999999999900e+00
3.732499999999999929e+00
3.461199999999999832e+00
3.581399999999999917e+00
3.716499999999999915e+00
3.431000000000000050e+00
3.791900000000000048e+00
3.441699999999999982e+00
3.719800000000000217e+00
3.431000000000000050e+00
3.431000000000000050e+00
3.462600000000000122e+00
3.656600000000000072e+00
3.621599999999999930e+00
3.431000000000000050e+00
3.483299999999999841e+00
3.492500000000000160e+00
3.462800000000000100e+00
3.555800000000000072e+00
3.507600000000000051e+00
3.762199999999999989e+00
3.641799999999999926e+00
3.585599999999999898e+00
3.529199999999999893e+00
3.792100000000000026e+00
3.586399999999999810e+00
3.792100000000000026e+00
3.778599999999999959e+00
3.431000000000000050e+00
3.536500000000000199e+00
3.545799999999999841e+00
3.792100000000000026e+00
3.643200000000000216e+00
3.431000000000000050e+00
3.431000000000000050e+00
3.760299999999999976e+00
3.597999999999999865e+00
3.431000000000000050e+00
3.609700000000000131e+00
3.792100000000000026e+00
3.431000000000000050e+00
3.792100000000000026e+00
3.602599999999999802e+00
3.492100000000000204e+00
3.741699999999999804e+00
3.555499999999999883e+00
3.521399999999999864e+00
3.431000000000000050e+00
3.674399999999999888e+00
3.762300000000000200e+00
3.597500000000000142e+00
3.494000000000000217e+00
3.431000000000000050e+00
3.605300000000000171e+00
3.431000000000000050e+00
3.635400000000000187e+00
3.431000000000000050e+00
3.709000000000000075e+00
3.644699999999999829e+00
3.703599999999999781e+00
3.431000000000000050e+00
3.743799999999999795e+00
3.704099999999999948e+00
3.431000000000000050e+00
3.587699999999999889e+00
3.599400000000000155e+00
3.431000000000000050e+00
3.508500000000000174e+00
3.535600000000000076e+00
3.792100000000000026e+00
3.547600000000000087e+00
3.693000000000000060e+00
3.792100000000000026e+00
3.431000000000000050e+00
3.661200000000000010e+00
3.585500000000000131e+00
3.561799999999999855e+00
3.604099999999999859e+00
3.501900000000000013e+00
3.792100000000000026e+00
3.431000000000000050e+00
3.688600000000000101e+00
3.558399999999999785e+00
