7.119900000000000340e+00
6.157099999999999795e+00
5.711299999999999599e+00
5.395699999999999719e+00
4.974199999999999733e+00
4.688299999999999912e+00
4.467200000000000060e+00
4.334600000000000009e+00
3.989599999999999813e+00
4.027300000000000324e+00
4.202700000000000102e+00
3.881800000000000139e+00
4.290399999999999991e+00
3.895599999999999952e+00
4.186899999999999622e+00
4.231600000000000250e+00
3.885800000000000143e+00
3.881800000000000139e+00
4.106200000000000294e+00
4.290399999999999991e+00
3.983200000000000074e+00
4.113599999999999923e+00
4.290399999999999991e+00
4.290399999999999991e+00
4.005600000000000271e+00
4.290399999999999991e+00
3.969399999999999817e+00
4.149099999999999788e+00
4.285899999999999821e+00
4.290399999999999991e+00
4.102299999999999613e+00
4.290399999999999991e+00
4.023900000000000254e+00
3.881800000000000139e+00
4.176800000000000068e+00
4.262500000000000178e+00
4.205499999999999794e+00
4.290399999999999991e+00
4.288899999999999935e+00
3.908799999999999830e+00
3.918099999999999916e+00
4.008200000000000429e+00
4.227199999999999847e+00
4.227100000000000080e+00
4.215099999999999625e+00
4.290399999999999991e+00
4.105699999999999683e+00
3.954400000000000137e+00
3.924199999999999910e+00
4.290399999999999991e+00
3.982099999999999973e+00
4.155300000000000438e+00
4.290399999999999991e+00
4.110100000000000087e+00
4.177999999999999936e+00
3.922699999999999854e+00
4.165899999999999714e+00
4.058300000000000018e+00
3.896799999999999820e+00
4.290399999999999991e+00
4.152400000000000091e+00
4.118999999999999773e+00
3.899599999999999955e+00
3.881800000000000139e+00
4.290399999999999991e+00
4.004400000000000404e+00
4.140799999999999592e+00
3.988900000000000112e+00
4.127600000000000158e+00
4.180600000000000094e+00
3.919399999999999995e+00
4.165700000000000180e+00
4.093899999999999650e+00
4.290399999999999991e+00
3.881800000000000139e+00
4.032300000000000217e+00
4.217999999999999972e+00
4.290399999999999991e+00
4.290399999999999991e+00
4.139999999999999680e+00
4.007900000000000240e+00
4.024499999999999744e+00
3.926000000000000156e+00
4.163800000000000168e+00
4.140900000000000247e+00
3.881800000000000139e+00
3.914800000000000058e+00
4.028400000000000425e+00
4.124399999999999622e+00
4.130799999999999805e+00
4.290399999999999991e+00
4.068999999999999950e+00
4.290399999999999991e+00
4.290399999999999991e+00
4.228600000000000136e+00
4.247300000000000075e+00
4.131800000000000139e+00
4.290399999999999991e+00
4.203999999999999737e+00
3.972399999999999931e+00
