7.095900000000000318e+00
6.287799999999999834e+00
5.797900000000000276e+00
5.534699999999999953e+00
5.530700000000000394e+00
4.859399999999999942e+00
4.655000000000000249e+00
4.478200000000000180e+00
4.072499999999999787e+00
4.171299999999999564e+00
3.877699999999999925e+00
3.736400000000000166e+00
3.862600000000000033e+00
3.521100000000000119e+00
3.650700000000000056e+00
3.860500000000000043e+00
3.796800000000000175e+00
3.506099999999999994e+00
3.612699999999999800e+00
3.726199999999999957e+00
3.803100000000000147e+00
3.610500000000000043e+00
3.875199999999999978e+00
3.625900000000000123e+00
3.695199999999999818e+00
3.506099999999999994e+00
3.875199999999999978e+00
3.674399999999999888e+00
3.646500000000000075e+00
3.801600000000000090e+00
3.757000000000000117e+00
3.728000000000000203e+00
3.729299999999999837e+00
3.736800000000000122e+00
3.875199999999999978e+00
3.729499999999999815e+00
3.598800000000000221e+00
3.815599999999999881e+00
3.875199999999999978e+00
3.799399999999999888e+00
3.790299999999999780e+00
3.866699999999999804e+00
3.799300000000000122e+00
3.706100000000000172e+00
3.506099999999999994e+00
3.875199999999999978e+00
3.726399999999999935e+00
3.628400000000000070e+00
3.780400000000000205e+00
3.598700000000000010e+00
3.506099999999999994e+00
3.506099999999999994e+00
3.651299999999999990e+00
3.776899999999999924e+00
3.558699999999999974e+00
3.506099999999999994e+00
3.506099999999999994e+00
3.743399999999999839e+00
3.642799999999999816e+00
3.546800000000000175e+00
3.558399999999999785e+00
3.875199999999999978e+00
3.703199999999999825e+00
3.747700000000000031e+00
3.875199999999999978e+00
3.875199999999999978e+00
3.506099999999999994e+00
3.619800000000000129e+00
3.711100000000000065e+00
3.737400000000000055e+00
3.588000000000000078e+00
3.506099999999999994e+00
3.859799999999999898e+00
3.815199999999999925e+00
3.875199999999999978e+00
3.875199999999999978e+00
3.625300000000000189e+00
3.605599999999999916e+00
3.506099999999999994e+00
3.754500000000000171e+00
3.534899999999999931e+00
3.875199999999999978e+00
3.506099999999999994e+00
3.506099999999999994e+00
3.601799999999999891e+00
3.875199999999999978e+00
3.562500000000000000e+00
3.823799999999999866e+00
3.875199999999999978e+00
3.618300000000000072e+00
3.506099999999999994e+00
3.506099999999999994e+00
3.772200000000000220e+00
3.564400000000000013e+00
3.594800000000000217e+00
3.649099999999999788e+00
3.506099999999999994e+00
3.726700000000000124e+00
3.709000000000000075e+00
3.711699999999999999e+00
