6.831900000000000084e+00
6.056400000000000006e+00
5.471300000000000274e+00
5.389000000000000234e+00
4.695000000000000284e+00
4.379500000000000171e+00
4.545600000000000307e+00
4.127799999999999692e+00
4.031900000000000261e+00
3.666900000000000048e+00
3.763900000000000023e+00
3.599600000000000133e+00
3.580400000000000027e+00
3.748200000000000198e+00
3.727700000000000014e+00
3.622199999999999864e+00
3.562699999999999978e+00
3.707199999999999829e+00
3.598500000000000032e+00
3.772800000000000153e+00
3.875199999999999978e+00
3.601999999999999869e+00
3.619699999999999918e+00
3.770099999999999785e+00
3.506099999999999994e+00
3.604400000000000048e+00
3.506099999999999994e+00
3.875199999999999978e+00
3.506099999999999994e+00
3.574500000000000011e+00
3.875199999999999978e+00
3.804600000000000204e+00
3.763700000000000045e+00
3.516399999999999970e+00
3.808100000000000041e+00
3.534299999999999997e+00
3.506099999999999994e+00
3.687100000000000044e+00
3.506099999999999994e+00
3.656800000000000050e+00
3.875199999999999978e+00
3.609599999999999920e+00
3.778799999999999937e+00
3.506099999999999994e+00
3.585100000000000176e+00
3.506099999999999994e+00
3.875199999999999978e+00
3.875199999999999978e+00
3.549900000000000055e+00
3.634100000000000108e+00
3.545199999999999907e+00
3.871500000000000163e+00
3.543899999999999828e+00
3.875199999999999978e+00
3.875199999999999978e+00
3.825899999999999856e+00
3.875199999999999978e+00
3.695699999999999985e+00
3.844199999999999839e+00
3.705200000000000049e+00
3.875199999999999978e+00
3.506099999999999994e+00
3.568099999999999827e+00
3.753299999999999859e+00
3.649599999999999955e+00
3.875199999999999978e+00
3.875199999999999978e+00
3.520300000000000207e+00
3.875199999999999978e+00
3.875199999999999978e+00
3.659499999999999975e+00
3.752099999999999991e+00
3.875199999999999978e+00
3.836500000000000021e+00
3.600999999999999979e+00
3.706500000000000128e+00
3.506099999999999994e+00
3.751100000000000101e+00
3.875199999999999978e+00
3.732499999999999929e+00
3.677200000000000024e+00
3.836899999999999977e+00
3.814599999999999991e+00
3.506099999999999994e+00
3.740499999999999936e+00
3.612499999999999822e+00
3.814700000000000202e+00
3.875199999999999978e+00
3.621700000000000141e+00
3.506099999999999994e+00
3.845200000000000173e+00
3.662399999999999878e+00
3.875199999999999978e+00
3.863500000000000156e+00
3.841299999999999937e+00
3.875199999999999978e+00
3.875199999999999978e+00
3.733900000000000219e+00
3.869400000000000173e+00
3.758999999999999897e+00
