6.936700000000000088e+00
6.117399999999999949e+00
5.383899999999999686e+00
5.142699999999999605e+00
4.441399999999999793e+00
4.019000000000000128e+00
3.861400000000000166e+00
3.905699999999999950e+00
3.506099999999999994e+00
3.597500000000000142e+00
3.557300000000000129e+00
3.834200000000000053e+00
3.667400000000000215e+00
3.506099999999999994e+00
3.552200000000000024e+00
3.625700000000000145e+00
3.669900000000000162e+00
3.844100000000000072e+00
3.756299999999999972e+00
3.591699999999999893e+00
3.838900000000000201e+00
3.718100000000000183e+00
3.506099999999999994e+00
3.508700000000000152e+00
3.846900000000000208e+00
3.761099999999999888e+00
3.700000000000000178e+00
3.596099999999999852e+00
3.734199999999999964e+00
3.755799999999999805e+00
3.875199999999999978e+00
3.564200000000000035e+00
3.589100000000000179e+00
3.870000000000000107e+00
3.531499999999999861e+00
3.629500000000000171e+00
3.576400000000000023e+00
3.506099999999999994e+00
3.506099999999999994e+00
3.623899999999999899e+00
3.782900000000000151e+00
3.755799999999999805e+00
3.683100000000000041e+00
3.582800000000000207e+00
3.748400000000000176e+00
3.875199999999999978e+00
3.875199999999999978e+00
3.875199999999999978e+00
3.699899999999999967e+00
3.525199999999999889e+00
3.594100000000000072e+00
3.682599999999999874e+00
3.875199999999999978e+00
3.875199999999999978e+00
3.506099999999999994e+00
3.568299999999999805e+00
3.662399999999999878e+00
3.546300000000000008e+00
3.603000000000000203e+00
3.619200000000000195e+00
3.875199999999999978e+00
3.506099999999999994e+00
3.646399999999999864e+00
3.647600000000000176e+00
3.682799999999999851e+00
3.738900000000000112e+00
3.506099999999999994e+00
3.506099999999999994e+00
3.506099999999999994e+00
3.799100000000000144e+00
3.787700000000000067e+00
3.626199999999999868e+00
3.514200000000000212e+00
3.875199999999999978e+00
3.774199999999999999e+00
3.748499999999999943e+00
3.799599999999999866e+00
3.719899999999999984e+00
3.677599999999999980e+00
3.855500000000000149e+00
3.786500000000000199e+00
3.629100000000000215e+00
3.506099999999999994e+00
3.840899999999999981e+00
3.826600000000000001e+00
3.511200000000000099e+00
3.677200000000000024e+00
3.875199999999999978e+00
3.588999999999999968e+00
3.585999999999999854e+00
3.584400000000000031e+00
3.666999999999999815e+00
3.587200000000000166e+00
3.644400000000000084e+00
3.668600000000000083e+00
3.711899999999999977e+00
3.848399999999999821e+00
3.787100000000000133e+00
3.659899999999999931e+00
3.875199999999999978e+00
