6.846099999999999852e+00
5.925799999999999734e+00
5.656100000000000350e+00
5.504100000000000215e+00
4.972500000000000142e+00
4.811399999999999899e+00
4.229599999999999582e+00
4.156100000000000350e+00
3.689700000000000202e+00
3.942299999999999915e+00
3.493100000000000094e+00
3.746799999999999908e+00
3.773099999999999898e+00
3.817899999999999849e+00
3.763700000000000045e+00
3.833699999999999886e+00
3.833699999999999886e+00
3.606199999999999850e+00
3.557900000000000063e+00
3.698700000000000099e+00
3.510899999999999910e+00
3.558100000000000041e+00
3.625999999999999890e+00
3.672200000000000131e+00
3.775900000000000034e+00
3.529700000000000060e+00
3.621799999999999908e+00
3.833699999999999886e+00
3.468500000000000139e+00
3.785800000000000054e+00
3.468500000000000139e+00
3.468500000000000139e+00
3.827100000000000168e+00
3.833699999999999886e+00
3.734300000000000175e+00
3.642700000000000049e+00
3.609999999999999876e+00
3.833699999999999886e+00
3.576400000000000023e+00
3.468500000000000139e+00
3.468500000000000139e+00
3.779100000000000126e+00
3.524900000000000144e+00
3.833699999999999886e+00
3.468500000000000139e+00
3.735399999999999832e+00
3.833699999999999886e+00
3.562500000000000000e+00
3.775199999999999889e+00
3.812600000000000211e+00
3.566399999999999793e+00
3.575499999999999901e+00
3.802000000000000046e+00
3.618199999999999861e+00
3.803700000000000081e+00
3.833699999999999886e+00
3.468500000000000139e+00
3.669099999999999806e+00
3.468500000000000139e+00
3.747799999999999798e+00
3.468500000000000139e+00
3.468500000000000139e+00
3.833699999999999886e+00
3.786799999999999944e+00
3.620800000000000018e+00
3.685700000000000198e+00
3.614900000000000002e+00
3.785400000000000098e+00
3.545700000000000074e+00
3.489599999999999813e+00
3.468500000000000139e+00
3.468500000000000139e+00
3.833699999999999886e+00
3.592999999999999972e+00
3.469800000000000217e+00
3.468500000000000139e+00
3.735700000000000021e+00
3.748600000000000154e+00
3.608000000000000096e+00
3.620499999999999829e+00
3.720299999999999940e+00
3.468500000000000139e+00
3.532700000000000173e+00
3.663300000000000001e+00
3.801600000000000090e+00
3.821800000000000086e+00
3.609900000000000109e+00
3.469599999999999795e+00
3.745699999999999807e+00
3.818099999999999827e+00
3.730199999999999960e+00
3.799999999999999822e+00
3.617999999999999883e+00
3.833699999999999886e+00
3.504599999999999937e+00
3.628800000000000026e+00
3.751399999999999846e+00
3.501500000000000057e+00
3.571600000000000108e+00
3.496799999999999908e+00
