6.441799999999999748e+00
5.793899999999999828e+00
5.471099999999999852e+00
4.855100000000000193e+00
4.213400000000000034e+00
3.888599999999999834e+00
4.031600000000000072e+00
3.930000000000000160e+00
3.997100000000000097e+00
3.791799999999999837e+00
4.152000000000000135e+00
3.756499999999999950e+00
3.901299999999999990e+00
4.009500000000000064e+00
4.099000000000000199e+00
3.925800000000000178e+00
3.756499999999999950e+00
3.756499999999999950e+00
3.994299999999999962e+00
3.764800000000000146e+00
3.981599999999999806e+00
3.779100000000000126e+00
4.152000000000000135e+00
3.941899999999999959e+00
3.813800000000000079e+00
4.152000000000000135e+00
3.859300000000000175e+00
3.802099999999999813e+00
4.152000000000000135e+00
4.152000000000000135e+00
3.973700000000000010e+00
4.152000000000000135e+00
4.152000000000000135e+00
4.152000000000000135e+00
3.898899999999999810e+00
3.756499999999999950e+00
3.756499999999999950e+00
3.905499999999999972e+00
3.756499999999999950e+00
3.756499999999999950e+00
4.152000000000000135e+00
3.984900000000000109e+00
4.152000000000000135e+00
4.010699999999999932e+00
4.103399999999999714e+00
4.007299999999999862e+00
3.899300000000000210e+00
3.984999999999999876e+00
4.152000000000000135e+00
3.832800000000000207e+00
3.876300000000000079e+00
4.152000000000000135e+00
3.914899999999999824e+00
3.900500000000000078e+00
4.006800000000000139e+00
3.756499999999999950e+00
3.841899999999999871e+00
4.016600000000000392e+00
3.796400000000000219e+00
4.100799999999999557e+00
3.935599999999999987e+00
3.756499999999999950e+00
3.806000000000000050e+00
3.983800000000000008e+00
3.814700000000000202e+00
3.922400000000000109e+00
3.857800000000000118e+00
3.763100000000000112e+00
3.756499999999999950e+00
4.152000000000000135e+00
3.894299999999999873e+00
4.092999999999999972e+00
3.847300000000000164e+00
3.756499999999999950e+00
4.088000000000000078e+00
4.045200000000000351e+00
4.032300000000000217e+00
3.982899999999999885e+00
3.826799999999999979e+00
4.146899999999999586e+00
3.938299999999999912e+00
3.759199999999999875e+00
3.911200000000000010e+00
3.876999999999999780e+00
3.962899999999999867e+00
4.152000000000000135e+00
3.814000000000000057e+00
4.071299999999999919e+00
4.069300000000000139e+00
3.854900000000000215e+00
3.902800000000000047e+00
3.779399999999999871e+00
3.756499999999999950e+00
4.008700000000000152e+00
3.764100000000000001e+00
3.899500000000000188e+00
4.152000000000000135e+00
3.763900000000000023e+00
3.944100000000000161e+00
3.926099999999999923e+00
