7.119900000000000340e+00
6.419100000000000250e+00
6.149200000000000443e+00
5.284399999999999764e+00
5.197499999999999787e+00
4.520599999999999952e+00
4.250200000000000422e+00
4.103399999999999714e+00
3.882299999999999862e+00
3.787799999999999834e+00
3.582100000000000062e+00
3.720800000000000107e+00
3.507400000000000073e+00
3.622100000000000097e+00
3.349600000000000133e+00
3.391500000000000181e+00
3.560200000000000031e+00
3.349600000000000133e+00
3.349600000000000133e+00
3.559600000000000097e+00
3.349600000000000133e+00
3.638799999999999812e+00
3.469599999999999795e+00
3.702199999999999935e+00
3.679600000000000204e+00
3.485500000000000043e+00
3.349600000000000133e+00
3.450800000000000090e+00
3.349600000000000133e+00
3.596400000000000041e+00
3.450899999999999856e+00
3.702199999999999935e+00
3.702199999999999935e+00
3.358400000000000052e+00
3.446099999999999941e+00
3.486499999999999932e+00
3.673299999999999788e+00
3.349600000000000133e+00
3.349600000000000133e+00
3.491499999999999826e+00
3.349600000000000133e+00
3.349600000000000133e+00
3.349600000000000133e+00
3.702199999999999935e+00
3.349600000000000133e+00
3.349600000000000133e+00
3.349600000000000133e+00
3.702199999999999935e+00
3.589700000000000113e+00
3.702199999999999935e+00
3.702199999999999935e+00
3.412900000000000045e+00
3.661000000000000032e+00
3.691800000000000193e+00
3.349600000000000133e+00
3.477100000000000080e+00
3.702199999999999935e+00
3.538199999999999790e+00
3.568299999999999805e+00
3.406400000000000095e+00
3.434099999999999930e+00
3.651100000000000012e+00
3.398200000000000109e+00
3.524999999999999911e+00
3.466699999999999893e+00
3.510499999999999954e+00
3.634399999999999853e+00
3.349600000000000133e+00
3.581100000000000172e+00
3.588900000000000201e+00
3.674900000000000055e+00
3.472900000000000098e+00
3.702199999999999935e+00
3.349600000000000133e+00
3.686100000000000154e+00
3.349600000000000133e+00
3.702199999999999935e+00
3.580900000000000194e+00
3.381899999999999906e+00
3.349600000000000133e+00
3.470299999999999940e+00
3.624099999999999877e+00
3.690500000000000114e+00
3.349600000000000133e+00
3.656200000000000117e+00
3.556400000000000006e+00
3.405800000000000161e+00
3.668800000000000061e+00
3.644200000000000106e+00
3.465199999999999836e+00
3.460300000000000153e+00
3.702199999999999935e+00
3.552200000000000024e+00
3.611600000000000144e+00
3.702199999999999935e+00
3.349600000000000133e+00
3.542100000000000026e+00
3.349600000000000133e+00
3.584000000000000075e+00
3.404300000000000104e+00
