6.785899999999999821e+00
6.408100000000000129e+00
5.239600000000000257e+00
4.955599999999999561e+00
4.639199999999999768e+00
4.105599999999999916e+00
3.865699999999999914e+00
4.126699999999999591e+00
3.816100000000000048e+00
3.693900000000000183e+00
3.947099999999999831e+00
3.772100000000000009e+00
3.857099999999999973e+00
4.060399999999999565e+00
3.869499999999999940e+00
3.693900000000000183e+00
3.693900000000000183e+00
3.921499999999999986e+00
3.738199999999999967e+00
4.021600000000000286e+00
3.693900000000000183e+00
4.082799999999999763e+00
3.693900000000000183e+00
4.082799999999999763e+00
3.745099999999999874e+00
4.012999999999999901e+00
3.869200000000000195e+00
4.082799999999999763e+00
3.820600000000000218e+00
4.082799999999999763e+00
4.058099999999999596e+00
4.082799999999999763e+00
3.752099999999999991e+00
3.750599999999999934e+00
3.842600000000000016e+00
4.047100000000000364e+00
4.048799999999999955e+00
3.908700000000000063e+00
3.996900000000000119e+00
3.693900000000000183e+00
4.082799999999999763e+00
3.937500000000000000e+00
3.763100000000000112e+00
3.693900000000000183e+00
4.038999999999999702e+00
3.855199999999999960e+00
4.082799999999999763e+00
3.996199999999999974e+00
3.693900000000000183e+00
3.954000000000000181e+00
3.979099999999999859e+00
3.812500000000000000e+00
3.948500000000000121e+00
4.082799999999999763e+00
3.877099999999999991e+00
4.001199999999999868e+00
3.693900000000000183e+00
3.951999999999999957e+00
3.693900000000000183e+00
4.021499999999999631e+00
3.994899999999999896e+00
4.061700000000000088e+00
4.002500000000000391e+00
3.840800000000000214e+00
3.949399999999999800e+00
3.976700000000000124e+00
3.933399999999999785e+00
3.878699999999999815e+00
3.918600000000000083e+00
3.708800000000000097e+00
3.979299999999999837e+00
3.710500000000000131e+00
3.707300000000000040e+00
3.727500000000000036e+00
3.960199999999999942e+00
3.741000000000000103e+00
4.082799999999999763e+00
4.061799999999999855e+00
3.960399999999999920e+00
3.693900000000000183e+00
3.729000000000000092e+00
4.082799999999999763e+00
4.082799999999999763e+00
4.082799999999999763e+00
4.082799999999999763e+00
3.782700000000000173e+00
4.030599999999999739e+00
3.865400000000000169e+00
3.947400000000000020e+00
3.693900000000000183e+00
3.721799999999999997e+00
3.745400000000000063e+00
4.082799999999999763e+00
3.777400000000000091e+00
3.693900000000000183e+00
3.744000000000000217e+00
4.031299999999999883e+00
4.082799999999999763e+00
4.004800000000000360e+00
4.030800000000000161e+00
