6.441799999999999748e+00
6.133700000000000152e+00
5.956299999999999706e+00
5.870499999999999829e+00
5.187899999999999956e+00
5.219699999999999562e+00
4.717699999999999783e+00
4.772999999999999687e+00
4.503099999999999881e+00
4.303499999999999659e+00
4.431600000000000428e+00
4.020400000000000418e+00
4.348099999999999632e+00
4.225399999999999601e+00
3.881800000000000139e+00
4.104099999999999859e+00
4.290399999999999991e+00
4.111399999999999721e+00
3.989799999999999791e+00
3.881800000000000139e+00
4.142599999999999838e+00
4.217500000000000249e+00
4.290399999999999991e+00
4.290399999999999991e+00
4.020699999999999719e+00
4.290399999999999991e+00
3.967099999999999849e+00
4.062899999999999956e+00
4.029399999999999871e+00
4.110000000000000320e+00
3.881800000000000139e+00
3.887199999999999989e+00
4.014199999999999768e+00
3.999600000000000044e+00
4.037200000000000344e+00
3.944500000000000117e+00
4.097000000000000419e+00
4.268099999999999561e+00
4.072799999999999976e+00
4.082699999999999996e+00
4.128499999999999837e+00
4.226899999999999658e+00
3.881800000000000139e+00
4.290399999999999991e+00
4.290399999999999991e+00
4.256999999999999673e+00
4.207799999999999763e+00
4.150100000000000122e+00
4.040899999999999714e+00
3.910499999999999865e+00
3.923700000000000188e+00
4.176899999999999835e+00
4.290399999999999991e+00
4.272899999999999920e+00
4.290399999999999991e+00
4.140399999999999636e+00
4.290399999999999991e+00
3.912399999999999878e+00
3.881800000000000139e+00
4.244699999999999918e+00
4.246500000000000163e+00
4.101700000000000124e+00
4.097400000000000375e+00
3.975900000000000212e+00
3.956999999999999851e+00
3.906099999999999905e+00
4.290399999999999991e+00
4.070800000000000196e+00
4.079299999999999926e+00
3.933800000000000185e+00
4.111299999999999955e+00
3.886600000000000055e+00
3.881800000000000139e+00
4.261700000000000266e+00
4.123599999999999710e+00
4.290399999999999991e+00
4.120099999999999874e+00
4.290399999999999991e+00
3.968500000000000139e+00
4.121500000000000163e+00
4.008300000000000196e+00
4.290399999999999991e+00
4.117099999999999760e+00
4.087699999999999889e+00
4.290399999999999991e+00
4.197700000000000209e+00
3.881800000000000139e+00
4.268200000000000216e+00
3.881800000000000139e+00
4.032799999999999940e+00
4.290399999999999991e+00
4.005099999999999660e+00
4.013799999999999812e+00
4.170399999999999885e+00
3.995600000000000041e+00
4.182299999999999685e+00
4.059599999999999653e+00
4.290399999999999991e+00
3.931099999999999817e+00
4.108399999999999608e+00
