6.660700000000000287e+00
6.045499999999999652e+00
5.642299999999999649e+00
4.810900000000000176e+00
4.422399999999999665e+00
4.302500000000000213e+00
3.897100000000000009e+00
3.858499999999999819e+00
3.843500000000000139e+00
3.849800000000000111e+00
3.875199999999999978e+00
3.705499999999999794e+00
3.875199999999999978e+00
3.875199999999999978e+00
3.745499999999999829e+00
3.618199999999999861e+00
3.819900000000000073e+00
3.875199999999999978e+00
3.783199999999999896e+00
3.875199999999999978e+00
3.663800000000000168e+00
3.733299999999999841e+00
3.549199999999999910e+00
3.506099999999999994e+00
3.506099999999999994e+00
3.817099999999999937e+00
3.754900000000000126e+00
3.801899999999999835e+00
3.702399999999999913e+00
3.668899999999999828e+00
3.758300000000000196e+00
3.875199999999999978e+00
3.829400000000000137e+00
3.701900000000000190e+00
3.623099999999999987e+00
3.651800000000000157e+00
3.590100000000000069e+00
3.713000000000000078e+00
3.711899999999999977e+00
3.875199999999999978e+00
3.802000000000000046e+00
3.599099999999999966e+00
3.604299999999999837e+00
3.836500000000000021e+00
3.506099999999999994e+00
3.799199999999999910e+00
3.575299999999999923e+00
3.675499999999999989e+00
3.817400000000000126e+00
3.719199999999999839e+00
3.506200000000000205e+00
3.624800000000000022e+00
3.875199999999999978e+00
3.805299999999999905e+00
3.808199999999999807e+00
3.572799999999999976e+00
3.525900000000000034e+00
3.555299999999999905e+00
3.875199999999999978e+00
3.506099999999999994e+00
3.576700000000000212e+00
3.516599999999999948e+00
3.804499999999999993e+00
3.675800000000000178e+00
3.857899999999999885e+00
3.603499999999999925e+00
3.674500000000000099e+00
3.506099999999999994e+00
3.608000000000000096e+00
3.665000000000000036e+00
3.595400000000000151e+00
3.719899999999999984e+00
3.731700000000000017e+00
3.751999999999999780e+00
3.543200000000000127e+00
3.634700000000000042e+00
3.875199999999999978e+00
3.506099999999999994e+00
3.506099999999999994e+00
3.795100000000000140e+00
3.546199999999999797e+00
3.875199999999999978e+00
3.875199999999999978e+00
3.798299999999999788e+00
3.875199999999999978e+00
3.506099999999999994e+00
3.693999999999999950e+00
3.508700000000000152e+00
3.685599999999999987e+00
3.506099999999999994e+00
3.858099999999999863e+00
3.506099999999999994e+00
3.875199999999999978e+00
3.524599999999999955e+00
3.772699999999999942e+00
3.506099999999999994e+00
3.534699999999999953e+00
3.820899999999999963e+00
3.855399999999999938e+00
3.875199999999999978e+00
