7.058300000000000018e+00
5.848799999999999777e+00
5.534699999999999953e+00
4.848200000000000287e+00
4.410099999999999909e+00
3.918899999999999828e+00
3.689599999999999991e+00
3.906600000000000072e+00
3.728099999999999969e+00
3.599200000000000177e+00
3.532900000000000151e+00
3.681900000000000173e+00
3.513900000000000023e+00
3.506099999999999994e+00
3.506099999999999994e+00
3.627099999999999991e+00
3.731599999999999806e+00
3.576900000000000190e+00
3.582500000000000018e+00
3.735399999999999832e+00
3.537599999999999856e+00
3.617199999999999971e+00
3.802000000000000046e+00
3.506099999999999994e+00
3.631699999999999928e+00
3.623400000000000176e+00
3.633399999999999963e+00
3.614199999999999857e+00
3.506099999999999994e+00
3.581399999999999917e+00
3.875199999999999978e+00
3.541700000000000070e+00
3.506099999999999994e+00
3.721900000000000208e+00
3.636299999999999866e+00
3.778000000000000025e+00
3.638199999999999878e+00
3.727899999999999991e+00
3.783199999999999896e+00
3.634599999999999831e+00
3.672000000000000153e+00
3.690100000000000158e+00
3.707300000000000040e+00
3.671699999999999964e+00
3.622799999999999798e+00
3.875199999999999978e+00
3.650300000000000100e+00
3.637999999999999901e+00
3.623400000000000176e+00
3.506099999999999994e+00
3.506099999999999994e+00
3.875199999999999978e+00
3.764400000000000190e+00
3.875199999999999978e+00
3.550899999999999945e+00
3.824500000000000011e+00
3.820500000000000007e+00
3.618799999999999795e+00
3.506099999999999994e+00
3.541599999999999859e+00
3.852399999999999824e+00
3.863399999999999945e+00
3.506099999999999994e+00
3.814000000000000057e+00
3.713299999999999823e+00
3.664600000000000080e+00
3.704299999999999926e+00
3.506099999999999994e+00
3.869099999999999984e+00
3.611600000000000144e+00
3.675499999999999989e+00
3.617599999999999927e+00
3.506099999999999994e+00
3.609900000000000109e+00
3.770700000000000163e+00
3.713600000000000012e+00
3.875199999999999978e+00
3.639299999999999979e+00
3.759799999999999809e+00
3.846699999999999786e+00
3.819700000000000095e+00
3.875199999999999978e+00
3.833499999999999908e+00
3.683100000000000041e+00
3.506099999999999994e+00
3.577100000000000168e+00
3.758000000000000007e+00
3.559899999999999842e+00
3.624499999999999833e+00
3.698799999999999866e+00
3.676099999999999923e+00
3.839700000000000113e+00
3.726300000000000168e+00
3.679600000000000204e+00
3.645099999999999785e+00
3.851300000000000168e+00
3.875199999999999978e+00
3.824399999999999800e+00
3.735300000000000065e+00
3.847599999999999909e+00
