6.441799999999999748e+00
5.961199999999999832e+00
5.372700000000000031e+00
5.106499999999999595e+00
4.344000000000000306e+00
4.353299999999999947e+00
4.016700000000000159e+00
3.850499999999999812e+00
3.850499999999999812e+00
4.211999999999999744e+00
3.996500000000000163e+00
4.177100000000000257e+00
4.178799999999999848e+00
4.108500000000000263e+00
4.255799999999999805e+00
4.033900000000000041e+00
3.850499999999999812e+00
4.144899999999999807e+00
4.037499999999999645e+00
4.165199999999999569e+00
3.850499999999999812e+00
4.255799999999999805e+00
4.250099999999999767e+00
4.088400000000000034e+00
4.054299999999999571e+00
4.255799999999999805e+00
4.254999999999999893e+00
4.054599999999999760e+00
4.197199999999999598e+00
4.194300000000000139e+00
3.962800000000000100e+00
4.203599999999999781e+00
3.920399999999999885e+00
4.016399999999999970e+00
4.110000000000000320e+00
3.850499999999999812e+00
4.255799999999999805e+00
3.850499999999999812e+00
3.994899999999999896e+00
3.850499999999999812e+00
4.183600000000000207e+00
3.850499999999999812e+00
3.988999999999999879e+00
4.255799999999999805e+00
4.117399999999999949e+00
4.061200000000000365e+00
4.181600000000000428e+00
3.964300000000000157e+00
4.133399999999999963e+00
4.255799999999999805e+00
3.850499999999999812e+00
4.092100000000000293e+00
4.255799999999999805e+00
4.255799999999999805e+00
3.850499999999999812e+00
4.070599999999999774e+00
4.120400000000000063e+00
3.850499999999999812e+00
4.182000000000000384e+00
3.850499999999999812e+00
4.216000000000000192e+00
3.850499999999999812e+00
4.152000000000000135e+00
4.255799999999999805e+00
4.141899999999999693e+00
3.850499999999999812e+00
4.001000000000000334e+00
3.850499999999999812e+00
4.255799999999999805e+00
3.850499999999999812e+00
4.120599999999999596e+00
4.101899999999999658e+00
3.933300000000000018e+00
3.850499999999999812e+00
3.852899999999999991e+00
4.255799999999999805e+00
4.204900000000000304e+00
3.936999999999999833e+00
3.998299999999999965e+00
4.150500000000000078e+00
4.255799999999999805e+00
3.940500000000000114e+00
3.853699999999999903e+00
4.255799999999999805e+00
4.035400000000000098e+00
4.210399999999999920e+00
3.850499999999999812e+00
4.172600000000000087e+00
3.872300000000000075e+00
3.999600000000000044e+00
4.255799999999999805e+00
4.137500000000000178e+00
4.255799999999999805e+00
3.872199999999999864e+00
4.255799999999999805e+00
4.150500000000000078e+00
3.850499999999999812e+00
4.081500000000000128e+00
4.255799999999999805e+00
4.255799999999999805e+00
