6.753099999999999881e+00
6.168400000000000105e+00
5.703899999999999970e+00
5.180799999999999628e+00
5.189199999999999591e+00
4.379500000000000171e+00
4.112700000000000244e+00
4.067999999999999616e+00
3.740499999999999936e+00
3.772200000000000220e+00
3.826099999999999834e+00
3.690799999999999859e+00
3.673799999999999955e+00
3.706199999999999939e+00
3.593199999999999950e+00
3.875199999999999978e+00
3.633399999999999963e+00
3.663300000000000001e+00
3.586399999999999810e+00
3.875199999999999978e+00
3.575899999999999856e+00
3.751300000000000079e+00
3.691399999999999793e+00
3.875199999999999978e+00
3.531400000000000095e+00
3.875199999999999978e+00
3.757699999999999818e+00
3.506099999999999994e+00
3.663899999999999935e+00
3.576600000000000001e+00
3.677900000000000169e+00
3.674700000000000077e+00
3.514400000000000190e+00
3.674300000000000122e+00
3.695300000000000029e+00
3.875199999999999978e+00
3.642700000000000049e+00
3.791700000000000070e+00
3.627099999999999991e+00
3.604600000000000026e+00
3.533100000000000129e+00
3.875199999999999978e+00
3.506099999999999994e+00
3.674100000000000144e+00
3.875199999999999978e+00
3.645300000000000207e+00
3.509300000000000086e+00
3.838699999999999779e+00
3.694799999999999862e+00
3.627899999999999903e+00
3.789000000000000146e+00
3.700200000000000156e+00
3.875199999999999978e+00
3.595400000000000151e+00
3.708699999999999886e+00
3.662300000000000111e+00
3.540599999999999969e+00
3.638999999999999790e+00
3.663899999999999935e+00
3.656099999999999905e+00
3.582399999999999807e+00
3.853099999999999969e+00
3.862800000000000011e+00
3.728200000000000180e+00
3.875199999999999978e+00
3.646100000000000119e+00
3.753899999999999793e+00
3.607699999999999907e+00
3.754700000000000149e+00
3.875199999999999978e+00
3.542899999999999938e+00
3.875199999999999978e+00
3.643800000000000150e+00
3.823999999999999844e+00
3.875199999999999978e+00
3.506099999999999994e+00
3.661900000000000155e+00
3.875199999999999978e+00
3.875199999999999978e+00
3.614199999999999857e+00
3.624000000000000110e+00
3.640800000000000036e+00
3.506099999999999994e+00
3.614500000000000046e+00
3.525300000000000100e+00
3.875199999999999978e+00
3.586100000000000065e+00
3.654999999999999805e+00
3.585799999999999876e+00
3.716299999999999937e+00
3.799799999999999844e+00
3.506099999999999994e+00
3.678900000000000059e+00
3.787399999999999878e+00
3.684600000000000097e+00
3.786900000000000155e+00
3.875199999999999978e+00
3.549700000000000077e+00
3.771999999999999797e+00
3.544299999999999784e+00
