6.937700000000000422e+00
6.303899999999999615e+00
5.653400000000000425e+00
4.957300000000000040e+00
4.450800000000000090e+00
4.192099999999999937e+00
3.669200000000000017e+00
3.560200000000000031e+00
3.767900000000000027e+00
3.452399999999999913e+00
3.435900000000000176e+00
3.607800000000000118e+00
3.447499999999999787e+00
3.537199999999999900e+00
3.767900000000000027e+00
3.767900000000000027e+00
3.428999999999999826e+00
3.644899999999999807e+00
3.489900000000000002e+00
3.754799999999999915e+00
3.409100000000000019e+00
3.409100000000000019e+00
3.589700000000000113e+00
3.685900000000000176e+00
3.767900000000000027e+00
3.409100000000000019e+00
3.519400000000000084e+00
3.504300000000000193e+00
3.574699999999999989e+00
3.545999999999999819e+00
3.767900000000000027e+00
3.679800000000000182e+00
3.598700000000000010e+00
3.765800000000000036e+00
3.447599999999999998e+00
3.487499999999999822e+00
3.683899999999999952e+00
3.739300000000000068e+00
3.767900000000000027e+00
3.417199999999999793e+00
3.549199999999999910e+00
3.767900000000000027e+00
3.498499999999999943e+00
3.734599999999999920e+00
3.409100000000000019e+00
3.409100000000000019e+00
3.500399999999999956e+00
3.497199999999999864e+00
3.447900000000000187e+00
3.480199999999999960e+00
3.744800000000000129e+00
3.568099999999999827e+00
3.767900000000000027e+00
3.424900000000000055e+00
3.603699999999999903e+00
3.409100000000000019e+00
3.767900000000000027e+00
3.409100000000000019e+00
3.767900000000000027e+00
3.409100000000000019e+00
3.700800000000000090e+00
3.767900000000000027e+00
3.524399999999999977e+00
3.767900000000000027e+00
3.409100000000000019e+00
3.442400000000000126e+00
3.745000000000000107e+00
3.409100000000000019e+00
3.580900000000000194e+00
3.673799999999999955e+00
3.684000000000000163e+00
3.442499999999999893e+00
3.413199999999999790e+00
3.556099999999999817e+00
3.752899999999999903e+00
3.546800000000000175e+00
3.767900000000000027e+00
3.767900000000000027e+00
3.482000000000000206e+00
3.409100000000000019e+00
3.460199999999999942e+00
3.767900000000000027e+00
3.585100000000000176e+00
3.409100000000000019e+00
3.767900000000000027e+00
3.454899999999999860e+00
3.615800000000000125e+00
3.574500000000000011e+00
3.655499999999999972e+00
3.625300000000000189e+00
3.679399999999999782e+00
3.762500000000000178e+00
3.649900000000000144e+00
3.506600000000000161e+00
3.409100000000000019e+00
3.421800000000000175e+00
3.767900000000000027e+00
3.767900000000000027e+00
3.767900000000000027e+00
3.409100000000000019e+00
