6.441799999999999748e+00
5.917500000000000426e+00
5.079100000000000392e+00
4.138499999999999623e+00
3.774099999999999788e+00
3.561599999999999877e+00
3.431099999999999817e+00
3.340700000000000003e+00
3.323700000000000099e+00
3.251700000000000035e+00
3.130500000000000060e+00
3.253099999999999881e+00
3.226799999999999891e+00
3.316399999999999793e+00
3.130500000000000060e+00
3.326299999999999812e+00
3.130500000000000060e+00
3.355700000000000127e+00
3.257099999999999884e+00
3.344500000000000028e+00
3.130500000000000060e+00
3.346799999999999997e+00
3.228899999999999881e+00
3.405299999999999994e+00
3.409699999999999953e+00
3.320699999999999985e+00
3.459999999999999964e+00
3.261899999999999800e+00
3.372799999999999798e+00
3.180699999999999861e+00
3.130500000000000060e+00
3.459999999999999964e+00
3.264400000000000190e+00
3.459999999999999964e+00
3.337899999999999867e+00
3.146100000000000119e+00
3.259300000000000086e+00
3.292699999999999960e+00
3.459999999999999964e+00
3.345899999999999874e+00
3.130500000000000060e+00
3.459999999999999964e+00
3.130500000000000060e+00
3.459999999999999964e+00
3.130500000000000060e+00
3.366699999999999804e+00
3.449500000000000011e+00
3.459299999999999820e+00
3.459999999999999964e+00
3.238500000000000156e+00
3.286700000000000177e+00
3.385800000000000143e+00
3.130500000000000060e+00
3.130500000000000060e+00
3.130500000000000060e+00
3.130500000000000060e+00
3.249000000000000110e+00
3.459999999999999964e+00
3.222599999999999909e+00
3.410699999999999843e+00
3.459999999999999964e+00
3.130500000000000060e+00
3.233900000000000219e+00
3.459999999999999964e+00
3.303399999999999892e+00
3.457699999999999996e+00
3.261400000000000077e+00
3.413699999999999957e+00
3.459999999999999964e+00
3.130500000000000060e+00
3.459999999999999964e+00
3.248800000000000132e+00
3.381499999999999950e+00
3.372599999999999820e+00
3.459999999999999964e+00
3.459999999999999964e+00
3.376900000000000013e+00
3.130500000000000060e+00
3.348500000000000032e+00
3.459999999999999964e+00
3.184299999999999908e+00
3.459999999999999964e+00
3.130500000000000060e+00
3.459999999999999964e+00
3.459999999999999964e+00
3.459999999999999964e+00
3.322099999999999831e+00
3.287999999999999812e+00
3.130500000000000060e+00
3.374699999999999811e+00
3.303700000000000081e+00
3.130500000000000060e+00
3.459999999999999964e+00
3.323100000000000165e+00
3.244299999999999962e+00
3.459999999999999964e+00
3.459999999999999964e+00
3.239900000000000002e+00
3.201099999999999834e+00
3.324500000000000011e+00
