6.735500000000000043e+00
6.228600000000000136e+00
5.464999999999999858e+00
5.098799999999999777e+00
4.745000000000000107e+00
4.729199999999999626e+00
4.372799999999999798e+00
4.061099999999999710e+00
4.141899999999999693e+00
3.896599999999999842e+00
3.736699999999999910e+00
3.878000000000000114e+00
3.755500000000000060e+00
3.874600000000000044e+00
3.938800000000000079e+00
4.027099999999999902e+00
3.813200000000000145e+00
3.997700000000000031e+00
3.916799999999999837e+00
3.766700000000000159e+00
3.858299999999999841e+00
3.800600000000000200e+00
3.728400000000000158e+00
3.728400000000000158e+00
4.075599999999999667e+00
3.833899999999999864e+00
4.046700000000000408e+00
4.120800000000000018e+00
3.923500000000000210e+00
3.979299999999999837e+00
3.894000000000000128e+00
3.728400000000000158e+00
3.883599999999999941e+00
4.120800000000000018e+00
3.807900000000000063e+00
3.989500000000000046e+00
3.728400000000000158e+00
4.100900000000000212e+00
3.728400000000000158e+00
3.904599999999999849e+00
3.729099999999999859e+00
4.078700000000000436e+00
3.834999999999999964e+00
3.728400000000000158e+00
3.844500000000000028e+00
3.925600000000000200e+00
3.728400000000000158e+00
4.003499999999999837e+00
4.100299999999999834e+00
4.120800000000000018e+00
3.728400000000000158e+00
4.120800000000000018e+00
4.120800000000000018e+00
3.915000000000000036e+00
4.064300000000000246e+00
4.120800000000000018e+00
3.928900000000000059e+00
3.827700000000000102e+00
4.106700000000000017e+00
3.749899999999999789e+00
3.728400000000000158e+00
3.947200000000000042e+00
3.728400000000000158e+00
3.728400000000000158e+00
3.728400000000000158e+00
3.883799999999999919e+00
3.985199999999999854e+00
3.758900000000000130e+00
3.728400000000000158e+00
3.869899999999999896e+00
4.120800000000000018e+00
3.988500000000000156e+00
4.106099999999999639e+00
4.013799999999999812e+00
4.120800000000000018e+00
3.959499999999999797e+00
3.826200000000000045e+00
4.120800000000000018e+00
3.970899999999999874e+00
3.974099999999999966e+00
4.011899999999999800e+00
3.833699999999999886e+00
3.813299999999999912e+00
3.888599999999999834e+00
3.818299999999999805e+00
3.850800000000000001e+00
3.728400000000000158e+00
3.793899999999999828e+00
3.942899999999999849e+00
4.031299999999999883e+00
4.120800000000000018e+00
3.912599999999999856e+00
3.730500000000000149e+00
3.925399999999999778e+00
3.892599999999999838e+00
3.948399999999999910e+00
3.728400000000000158e+00
4.120800000000000018e+00
3.790200000000000014e+00
3.728400000000000158e+00
