7.014800000000000146e+00
6.369699999999999918e+00
6.139599999999999724e+00
5.525400000000000311e+00
5.043599999999999639e+00
4.773500000000000298e+00
4.951900000000000190e+00
4.473700000000000010e+00
4.591000000000000192e+00
4.378700000000000259e+00
4.235400000000000276e+00
3.931799999999999962e+00
3.772400000000000198e+00
3.862099999999999866e+00
4.122799999999999798e+00
3.756499999999999950e+00
4.151099999999999568e+00
4.135200000000000209e+00
4.114200000000000301e+00
3.971099999999999852e+00
3.930499999999999883e+00
4.041000000000000369e+00
3.913699999999999957e+00
3.993799999999999795e+00
3.907500000000000195e+00
4.111799999999999677e+00
3.968500000000000139e+00
3.782599999999999962e+00
4.027000000000000135e+00
4.108399999999999608e+00
3.939900000000000180e+00
3.756499999999999950e+00
4.020400000000000418e+00
3.945500000000000007e+00
3.953399999999999803e+00
3.788400000000000212e+00
4.139999999999999680e+00
3.842099999999999849e+00
4.031100000000000350e+00
4.152000000000000135e+00
4.050399999999999778e+00
3.897800000000000153e+00
3.848300000000000054e+00
4.152000000000000135e+00
3.942299999999999915e+00
3.814799999999999969e+00
3.796600000000000197e+00
3.756499999999999950e+00
4.152000000000000135e+00
4.152000000000000135e+00
3.955499999999999794e+00
4.079299999999999926e+00
3.756499999999999950e+00
4.040199999999999569e+00
3.765000000000000124e+00
4.089199999999999946e+00
3.756499999999999950e+00
3.894499999999999851e+00
4.130600000000000271e+00
4.152000000000000135e+00
4.072799999999999976e+00
4.152000000000000135e+00
3.972300000000000164e+00
4.024700000000000166e+00
4.152000000000000135e+00
3.867500000000000160e+00
3.756499999999999950e+00
4.118400000000000283e+00
4.152000000000000135e+00
3.888300000000000090e+00
3.994499999999999940e+00
3.874200000000000088e+00
4.060999999999999943e+00
3.943200000000000038e+00
3.756499999999999950e+00
4.011800000000000033e+00
3.756499999999999950e+00
4.152000000000000135e+00
3.756499999999999950e+00
4.091899999999999871e+00
3.756499999999999950e+00
3.865000000000000213e+00
3.959900000000000198e+00
3.891999999999999904e+00
3.957199999999999829e+00
4.152000000000000135e+00
3.920300000000000118e+00
4.083599999999999675e+00
4.152000000000000135e+00
3.756499999999999950e+00
3.923900000000000166e+00
3.812899999999999956e+00
4.011899999999999800e+00
3.756499999999999950e+00
3.756499999999999950e+00
4.097400000000000375e+00
3.756499999999999950e+00
4.152000000000000135e+00
3.945500000000000007e+00
3.915200000000000014e+00
