6.477999999999999758e+00
6.556799999999999962e+00
5.486500000000000377e+00
5.116999999999999993e+00
5.189199999999999591e+00
4.724000000000000199e+00
4.545600000000000307e+00
4.109200000000000408e+00
3.892399999999999860e+00
3.850000000000000089e+00
3.625500000000000167e+00
3.506099999999999994e+00
3.808300000000000018e+00
3.506099999999999994e+00
3.506099999999999994e+00
3.717799999999999994e+00
3.705900000000000194e+00
3.552599999999999980e+00
3.506099999999999994e+00
3.728000000000000203e+00
3.506099999999999994e+00
3.506099999999999994e+00
3.711500000000000021e+00
3.506099999999999994e+00
3.506099999999999994e+00
3.775799999999999823e+00
3.592000000000000082e+00
3.781499999999999861e+00
3.506099999999999994e+00
3.856899999999999995e+00
3.875199999999999978e+00
3.561199999999999921e+00
3.506099999999999994e+00
3.609300000000000175e+00
3.633799999999999919e+00
3.875199999999999978e+00
3.552200000000000024e+00
3.728899999999999881e+00
3.603600000000000136e+00
3.849400000000000155e+00
3.523800000000000043e+00
3.506099999999999994e+00
3.579600000000000115e+00
3.515899999999999803e+00
3.669299999999999784e+00
3.602300000000000058e+00
3.506099999999999994e+00
3.631899999999999906e+00
3.875199999999999978e+00
3.506099999999999994e+00
3.827100000000000168e+00
3.809899999999999842e+00
3.616400000000000059e+00
3.609700000000000131e+00
3.620000000000000107e+00
3.506099999999999994e+00
3.506099999999999994e+00
3.754399999999999959e+00
3.672299999999999898e+00
3.875199999999999978e+00
3.541300000000000114e+00
3.541399999999999881e+00
3.875199999999999978e+00
3.724600000000000133e+00
3.607200000000000184e+00
3.846999999999999975e+00
3.653999999999999915e+00
3.745699999999999807e+00
3.699399999999999800e+00
3.694599999999999884e+00
3.525300000000000100e+00
3.615699999999999914e+00
3.506099999999999994e+00
3.557700000000000085e+00
3.517599999999999838e+00
3.866200000000000081e+00
3.506099999999999994e+00
3.549599999999999866e+00
3.506099999999999994e+00
3.815900000000000070e+00
3.605799999999999894e+00
3.875199999999999978e+00
3.719700000000000006e+00
3.624800000000000022e+00
3.517199999999999882e+00
3.665099999999999802e+00
3.713799999999999990e+00
3.592200000000000060e+00
3.875199999999999978e+00
3.784699999999999953e+00
3.538400000000000212e+00
3.780100000000000016e+00
3.810299999999999798e+00
3.570300000000000029e+00
3.664600000000000080e+00
3.545599999999999863e+00
3.591600000000000126e+00
3.582100000000000062e+00
3.846799999999999997e+00
3.569199999999999928e+00
