6.983900000000000219e+00
6.069200000000000372e+00
5.273200000000000109e+00
4.708400000000000141e+00
4.027599999999999625e+00
4.028800000000000381e+00
3.727300000000000058e+00
3.493799999999999795e+00
3.620999999999999996e+00
3.754100000000000215e+00
3.673799999999999955e+00
3.635699999999999932e+00
3.741999999999999993e+00
3.754100000000000215e+00
3.418600000000000083e+00
3.689099999999999824e+00
3.583099999999999952e+00
3.656600000000000072e+00
3.476700000000000124e+00
3.655899999999999928e+00
3.622100000000000097e+00
3.430099999999999927e+00
3.517300000000000093e+00
3.565300000000000136e+00
3.396500000000000075e+00
3.547200000000000131e+00
3.712200000000000166e+00
3.439999999999999947e+00
3.454099999999999948e+00
3.505399999999999849e+00
3.597500000000000142e+00
3.396500000000000075e+00
3.547099999999999920e+00
3.426099999999999923e+00
3.754100000000000215e+00
3.680600000000000094e+00
3.603699999999999903e+00
3.685099999999999820e+00
3.589300000000000157e+00
3.500900000000000123e+00
3.451799999999999979e+00
3.537100000000000133e+00
3.754100000000000215e+00
3.547400000000000109e+00
3.396500000000000075e+00
3.545900000000000052e+00
3.612899999999999778e+00
3.754100000000000215e+00
3.754100000000000215e+00
3.467799999999999994e+00
3.543099999999999916e+00
3.455900000000000194e+00
3.452900000000000080e+00
3.554399999999999782e+00
3.396500000000000075e+00
3.538300000000000001e+00
3.727599999999999802e+00
3.520700000000000163e+00
3.521599999999999842e+00
3.644699999999999829e+00
3.484399999999999942e+00
3.625799999999999912e+00
3.396500000000000075e+00
3.581100000000000172e+00
3.754100000000000215e+00
3.754100000000000215e+00
3.719700000000000006e+00
3.705400000000000027e+00
3.552599999999999980e+00
3.668899999999999828e+00
3.531600000000000072e+00
3.396500000000000075e+00
3.754100000000000215e+00
3.396500000000000075e+00
3.754100000000000215e+00
3.644800000000000040e+00
3.754100000000000215e+00
3.613799999999999901e+00
3.421699999999999964e+00
3.754100000000000215e+00
3.581500000000000128e+00
3.519400000000000084e+00
3.616999999999999993e+00
3.427999999999999936e+00
3.396500000000000075e+00
3.396500000000000075e+00
3.754100000000000215e+00
3.484399999999999942e+00
3.754100000000000215e+00
3.464900000000000091e+00
3.600499999999999812e+00
3.451099999999999834e+00
3.501500000000000057e+00
3.670100000000000140e+00
3.539600000000000080e+00
3.675300000000000011e+00
3.754100000000000215e+00
3.594100000000000072e+00
3.658399999999999874e+00
3.445300000000000029e+00
