7.119900000000000340e+00
6.395100000000000229e+00
5.293099999999999916e+00
5.020999999999999908e+00
4.350999999999999979e+00
4.167900000000000382e+00
3.994499999999999940e+00
3.755999999999999783e+00
3.809899999999999842e+00
3.900399999999999867e+00
3.750799999999999912e+00
3.939900000000000180e+00
3.946200000000000152e+00
3.867900000000000116e+00
4.003499999999999837e+00
3.643800000000000150e+00
3.839399999999999924e+00
3.739599999999999813e+00
3.877499999999999947e+00
3.792600000000000193e+00
3.784499999999999975e+00
3.643800000000000150e+00
4.027400000000000091e+00
3.643800000000000150e+00
3.956199999999999939e+00
3.955099999999999838e+00
3.667300000000000004e+00
3.643800000000000150e+00
4.027400000000000091e+00
3.860700000000000021e+00
3.968500000000000139e+00
4.027400000000000091e+00
3.643800000000000150e+00
4.027400000000000091e+00
3.786099999999999799e+00
3.643800000000000150e+00
3.994299999999999962e+00
3.850000000000000089e+00
3.643800000000000150e+00
3.643800000000000150e+00
3.643800000000000150e+00
3.813099999999999934e+00
3.879100000000000215e+00
3.643800000000000150e+00
3.645099999999999785e+00
3.894600000000000062e+00
3.953899999999999970e+00
3.749400000000000066e+00
3.818900000000000183e+00
3.686700000000000088e+00
3.940700000000000092e+00
3.687100000000000044e+00
3.785400000000000098e+00
3.643800000000000150e+00
3.977199999999999847e+00
3.848700000000000010e+00
3.946499999999999897e+00
3.713900000000000201e+00
3.643800000000000150e+00
3.764600000000000168e+00
3.852799999999999780e+00
3.914499999999999869e+00
3.757600000000000051e+00
3.643800000000000150e+00
4.027400000000000091e+00
3.676800000000000068e+00
3.643800000000000150e+00
3.963799999999999990e+00
3.796199999999999797e+00
3.643800000000000150e+00
3.837499999999999911e+00
3.643800000000000150e+00
3.929800000000000182e+00
3.894000000000000128e+00
3.982299999999999951e+00
3.825499999999999901e+00
3.643800000000000150e+00
4.027400000000000091e+00
3.643800000000000150e+00
3.910299999999999887e+00
3.840399999999999814e+00
3.936100000000000154e+00
3.824500000000000011e+00
4.027400000000000091e+00
3.857800000000000118e+00
3.945899999999999963e+00
3.643800000000000150e+00
3.849000000000000199e+00
3.781600000000000072e+00
3.737499999999999822e+00
3.796600000000000197e+00
3.872399999999999842e+00
3.643800000000000150e+00
4.027400000000000091e+00
3.924799999999999844e+00
3.851199999999999957e+00
4.027400000000000091e+00
3.847399999999999931e+00
3.959099999999999842e+00
3.932199999999999918e+00
