7.119900000000000340e+00
6.049900000000000055e+00
6.248400000000000176e+00
5.347100000000000186e+00
5.036299999999999777e+00
5.066799999999999748e+00
4.676400000000000112e+00
4.265900000000000247e+00
4.490899999999999892e+00
3.887500000000000178e+00
3.766099999999999781e+00
3.980799999999999894e+00
3.887000000000000011e+00
3.709999999999999964e+00
3.414400000000000102e+00
3.400900000000000034e+00
3.621700000000000141e+00
3.721999999999999975e+00
3.758900000000000130e+00
3.708400000000000141e+00
3.466400000000000148e+00
3.400900000000000034e+00
3.656299999999999883e+00
3.665299999999999780e+00
3.400900000000000034e+00
3.400900000000000034e+00
3.621700000000000141e+00
3.758900000000000130e+00
3.706900000000000084e+00
3.608200000000000074e+00
3.597599999999999909e+00
3.540900000000000158e+00
3.553700000000000081e+00
3.673900000000000166e+00
3.740099999999999980e+00
3.400900000000000034e+00
3.720699999999999896e+00
3.676899999999999835e+00
3.632899999999999796e+00
3.519299999999999873e+00
3.553399999999999892e+00
3.510699999999999932e+00
3.698799999999999866e+00
3.400900000000000034e+00
3.758900000000000130e+00
3.758900000000000130e+00
3.532799999999999940e+00
3.454800000000000093e+00
3.624899999999999789e+00
3.404599999999999849e+00
3.758900000000000130e+00
3.717099999999999849e+00
3.502800000000000136e+00
3.495000000000000107e+00
3.400900000000000034e+00
3.536999999999999922e+00
3.493199999999999861e+00
3.680200000000000138e+00
3.460500000000000131e+00
3.503699999999999815e+00
3.429199999999999804e+00
3.720699999999999896e+00
3.689599999999999991e+00
3.633500000000000174e+00
3.688800000000000079e+00
3.758900000000000130e+00
3.625599999999999934e+00
3.434400000000000119e+00
3.621100000000000207e+00
3.530299999999999994e+00
3.400900000000000034e+00
3.758900000000000130e+00
3.400900000000000034e+00
3.668000000000000149e+00
3.604200000000000070e+00
3.758900000000000130e+00
3.535800000000000054e+00
3.630300000000000082e+00
3.400900000000000034e+00
3.458299999999999930e+00
3.400900000000000034e+00
3.608200000000000074e+00
3.501799999999999802e+00
3.400900000000000034e+00
3.400900000000000034e+00
3.400900000000000034e+00
3.442800000000000082e+00
3.400900000000000034e+00
3.758900000000000130e+00
3.597999999999999865e+00
3.516799999999999926e+00
3.402499999999999858e+00
3.655299999999999994e+00
3.758900000000000130e+00
3.619099999999999984e+00
3.586399999999999810e+00
3.596600000000000019e+00
3.595699999999999896e+00
3.487699999999999800e+00
3.680200000000000138e+00
