7.054899999999999949e+00
5.810399999999999565e+00
5.453999999999999737e+00
4.829299999999999926e+00
4.283000000000000362e+00
3.783799999999999830e+00
3.498299999999999965e+00
3.616499999999999826e+00
3.364500000000000046e+00
3.364500000000000046e+00
3.642999999999999794e+00
3.632400000000000073e+00
3.592799999999999994e+00
3.522699999999999942e+00
3.496900000000000119e+00
3.664800000000000058e+00
3.364500000000000046e+00
3.718599999999999905e+00
3.439400000000000013e+00
3.717799999999999994e+00
3.631800000000000139e+00
3.718599999999999905e+00
3.657999999999999918e+00
3.385200000000000209e+00
3.516399999999999970e+00
3.673099999999999810e+00
3.364500000000000046e+00
3.599299999999999944e+00
3.596999999999999975e+00
3.468900000000000095e+00
3.554600000000000204e+00
3.718599999999999905e+00
3.459200000000000053e+00
3.718599999999999905e+00
3.421300000000000008e+00
3.480999999999999872e+00
3.525100000000000122e+00
3.573599999999999888e+00
3.539499999999999869e+00
3.543200000000000127e+00
3.364500000000000046e+00
3.646799999999999820e+00
3.621599999999999930e+00
3.566100000000000048e+00
3.364500000000000046e+00
3.598199999999999843e+00
3.718599999999999905e+00
3.562500000000000000e+00
3.520500000000000185e+00
3.718599999999999905e+00
3.566899999999999959e+00
3.601599999999999913e+00
3.554800000000000182e+00
3.718599999999999905e+00
3.645999999999999908e+00
3.718599999999999905e+00
3.447499999999999787e+00
3.718599999999999905e+00
3.684200000000000141e+00
3.718100000000000183e+00
3.389100000000000001e+00
3.592000000000000082e+00
3.364500000000000046e+00
3.503400000000000070e+00
3.718599999999999905e+00
3.364500000000000046e+00
3.607800000000000118e+00
3.499000000000000110e+00
3.520099999999999785e+00
3.416199999999999903e+00
3.696299999999999919e+00
3.718599999999999905e+00
3.581199999999999939e+00
3.653500000000000192e+00
3.617700000000000138e+00
3.424199999999999910e+00
3.714599999999999902e+00
3.364500000000000046e+00
3.501900000000000013e+00
3.460300000000000153e+00
3.668099999999999916e+00
3.718599999999999905e+00
3.656600000000000072e+00
3.569199999999999928e+00
3.718599999999999905e+00
3.496500000000000163e+00
3.573199999999999932e+00
3.679300000000000015e+00
3.529500000000000082e+00
3.364500000000000046e+00
3.595899999999999874e+00
3.443799999999999972e+00
3.661900000000000155e+00
3.718599999999999905e+00
3.526899999999999924e+00
3.544900000000000162e+00
3.718599999999999905e+00
3.515200000000000102e+00
3.583499999999999908e+00
3.638199999999999878e+00
