6.441799999999999748e+00
6.569300000000000139e+00
6.072099999999999831e+00
5.347100000000000186e+00
5.267299999999999649e+00
4.885299999999999976e+00
4.624299999999999855e+00
4.411500000000000199e+00
4.374100000000000321e+00
4.122700000000000031e+00
4.132399999999999629e+00
3.769000000000000128e+00
3.818499999999999783e+00
3.612299999999999844e+00
3.773899999999999810e+00
3.400900000000000034e+00
3.400900000000000034e+00
3.758900000000000130e+00
3.419200000000000017e+00
3.662399999999999878e+00
3.645799999999999930e+00
3.400900000000000034e+00
3.758900000000000130e+00
3.498600000000000154e+00
3.621599999999999930e+00
3.460100000000000176e+00
3.758900000000000130e+00
3.758900000000000130e+00
3.567499999999999893e+00
3.475000000000000089e+00
3.752600000000000158e+00
3.663400000000000212e+00
3.466200000000000170e+00
3.758900000000000130e+00
3.697299999999999809e+00
3.456700000000000106e+00
3.680600000000000094e+00
3.541300000000000114e+00
3.704400000000000137e+00
3.758900000000000130e+00
3.572999999999999954e+00
3.549900000000000055e+00
3.400900000000000034e+00
3.400900000000000034e+00
3.630599999999999827e+00
3.741499999999999826e+00
3.400900000000000034e+00
3.640000000000000124e+00
3.651600000000000179e+00
3.458299999999999930e+00
3.501799999999999802e+00
3.400900000000000034e+00
3.428399999999999892e+00
3.406600000000000072e+00
3.534400000000000208e+00
3.565500000000000114e+00
3.561300000000000132e+00
3.667199999999999793e+00
3.416500000000000092e+00
3.758900000000000130e+00
3.491600000000000037e+00
3.758900000000000130e+00
3.758900000000000130e+00
3.582100000000000062e+00
3.758900000000000130e+00
3.713200000000000056e+00
3.400900000000000034e+00
3.435200000000000031e+00
3.487999999999999989e+00
3.626300000000000079e+00
3.537700000000000067e+00
3.658799999999999830e+00
3.555899999999999839e+00
3.758900000000000130e+00
3.613999999999999879e+00
3.758900000000000130e+00
3.400900000000000034e+00
3.635099999999999998e+00
3.758900000000000130e+00
3.758900000000000130e+00
3.400900000000000034e+00
3.613599999999999923e+00
3.750100000000000211e+00
3.758900000000000130e+00
3.400900000000000034e+00
3.400900000000000034e+00
3.442800000000000082e+00
3.634300000000000086e+00
3.400900000000000034e+00
3.687199999999999811e+00
3.758900000000000130e+00
3.758900000000000130e+00
3.441699999999999982e+00
3.518400000000000194e+00
3.758900000000000130e+00
3.754199999999999982e+00
3.548599999999999977e+00
3.606899999999999995e+00
3.712499999999999911e+00
3.758900000000000130e+00
