6.554000000000000270e+00
6.514499999999999957e+00
5.631999999999999673e+00
4.971499999999999808e+00
4.611699999999999910e+00
4.279600000000000293e+00
4.020100000000000229e+00
3.949300000000000033e+00
3.904500000000000082e+00
3.841299999999999937e+00
3.933399999999999785e+00
3.852799999999999780e+00
3.683199999999999807e+00
3.738799999999999901e+00
3.558800000000000185e+00
3.714999999999999858e+00
3.730300000000000171e+00
3.743700000000000028e+00
3.716000000000000192e+00
3.627800000000000136e+00
3.864599999999999813e+00
3.645999999999999908e+00
3.670700000000000074e+00
3.559499999999999886e+00
3.638999999999999790e+00
3.613700000000000134e+00
3.558800000000000185e+00
3.933399999999999785e+00
3.933399999999999785e+00
3.740099999999999980e+00
3.833000000000000185e+00
3.933399999999999785e+00
3.558800000000000185e+00
3.613999999999999879e+00
3.821400000000000130e+00
3.564900000000000180e+00
3.809000000000000163e+00
3.752899999999999903e+00
3.823599999999999888e+00
3.886099999999999888e+00
3.656200000000000117e+00
3.795999999999999819e+00
3.812300000000000022e+00
3.657599999999999962e+00
3.708699999999999886e+00
3.848300000000000054e+00
3.558800000000000185e+00
3.788899999999999935e+00
3.766500000000000181e+00
3.933399999999999785e+00
3.933399999999999785e+00
3.686900000000000066e+00
3.637599999999999945e+00
3.558800000000000185e+00
3.833600000000000119e+00
3.850600000000000023e+00
3.666999999999999815e+00
3.558800000000000185e+00
3.705600000000000005e+00
3.558800000000000185e+00
3.713499999999999801e+00
3.933399999999999785e+00
3.593900000000000095e+00
3.600600000000000023e+00
3.857000000000000206e+00
3.788400000000000212e+00
3.558800000000000185e+00
3.655400000000000205e+00
3.805699999999999861e+00
3.933399999999999785e+00
3.933399999999999785e+00
3.815100000000000158e+00
3.933399999999999785e+00
3.558800000000000185e+00
3.734700000000000131e+00
3.579400000000000137e+00
3.687100000000000044e+00
3.694700000000000095e+00
3.842799999999999994e+00
3.749499999999999833e+00
3.559800000000000075e+00
3.743500000000000050e+00
3.607000000000000206e+00
3.830000000000000071e+00
3.753299999999999859e+00
3.786200000000000010e+00
3.707899999999999974e+00
3.855700000000000127e+00
3.933399999999999785e+00
3.933399999999999785e+00
3.862999999999999989e+00
3.558800000000000185e+00
3.643100000000000005e+00
3.675300000000000011e+00
3.655299999999999994e+00
3.933399999999999785e+00
3.909199999999999786e+00
3.933399999999999785e+00
3.558800000000000185e+00
3.611400000000000166e+00
