6.919400000000000439e+00
6.181400000000000006e+00
5.780899999999999928e+00
5.891700000000000159e+00
5.032300000000000217e+00
4.966700000000000337e+00
4.995499999999999829e+00
4.311600000000000321e+00
4.570700000000000429e+00
3.991200000000000081e+00
4.259100000000000108e+00
3.822999999999999954e+00
3.817400000000000126e+00
3.734900000000000109e+00
3.792800000000000171e+00
4.016700000000000159e+00
4.128099999999999881e+00
3.961699999999999999e+00
4.128099999999999881e+00
3.945800000000000196e+00
4.128099999999999881e+00
3.848599999999999799e+00
4.128099999999999881e+00
3.972199999999999953e+00
4.128099999999999881e+00
4.128099999999999881e+00
3.995400000000000063e+00
3.734900000000000109e+00
3.884999999999999787e+00
3.898800000000000043e+00
3.940399999999999903e+00
3.984599999999999920e+00
3.967999999999999972e+00
4.092600000000000016e+00
3.734900000000000109e+00
3.843100000000000183e+00
3.734900000000000109e+00
4.070400000000000240e+00
4.014000000000000234e+00
4.128099999999999881e+00
3.987600000000000033e+00
3.895599999999999952e+00
3.971299999999999830e+00
3.734900000000000109e+00
3.844599999999999795e+00
3.734900000000000109e+00
4.128099999999999881e+00
3.734900000000000109e+00
3.797600000000000087e+00
3.908500000000000085e+00
4.023799999999999599e+00
3.911599999999999966e+00
4.094899999999999984e+00
4.040799999999999947e+00
4.054999999999999716e+00
3.734900000000000109e+00
3.794000000000000039e+00
3.846999999999999975e+00
3.874699999999999811e+00
4.049999999999999822e+00
4.115199999999999747e+00
4.128099999999999881e+00
3.890200000000000102e+00
3.926400000000000112e+00
3.734900000000000109e+00
4.074600000000000222e+00
3.734900000000000109e+00
3.874099999999999877e+00
4.128099999999999881e+00
3.907399999999999984e+00
4.108299999999999841e+00
4.128099999999999881e+00
3.853299999999999947e+00
3.787199999999999900e+00
3.814400000000000013e+00
3.964399999999999924e+00
4.128099999999999881e+00
3.908700000000000063e+00
4.128099999999999881e+00
4.086000000000000298e+00
3.857899999999999885e+00
4.045799999999999841e+00
4.128099999999999881e+00
3.826200000000000045e+00
3.734900000000000109e+00
4.033299999999999663e+00
4.128099999999999881e+00
4.128099999999999881e+00
3.824300000000000033e+00
4.039100000000000357e+00
3.947299999999999809e+00
4.066200000000000259e+00
4.029200000000000337e+00
4.058799999999999741e+00
4.128099999999999881e+00
4.106399999999999828e+00
4.128099999999999881e+00
3.819799999999999862e+00
4.059099999999999930e+00
4.128099999999999881e+00
