6.742499999999999716e+00
6.046199999999999797e+00
5.660800000000000054e+00
4.966400000000000148e+00
4.940999999999999837e+00
4.599800000000000111e+00
4.129900000000000126e+00
3.724000000000000199e+00
3.888999999999999790e+00
3.413400000000000212e+00
3.444100000000000161e+00
3.376999999999999780e+00
3.557100000000000151e+00
3.466699999999999893e+00
3.637799999999999923e+00
3.604099999999999859e+00
3.658199999999999896e+00
3.440399999999999903e+00
3.658199999999999896e+00
3.391999999999999904e+00
3.309800000000000075e+00
3.527400000000000091e+00
3.309800000000000075e+00
3.420300000000000118e+00
3.471099999999999852e+00
3.559099999999999930e+00
3.505100000000000104e+00
3.309800000000000075e+00
3.532599999999999962e+00
3.309800000000000075e+00
3.467099999999999849e+00
3.551400000000000112e+00
3.658199999999999896e+00
3.309800000000000075e+00
3.309800000000000075e+00
3.309800000000000075e+00
3.567099999999999937e+00
3.488599999999999923e+00
3.375900000000000123e+00
3.456799999999999873e+00
3.309800000000000075e+00
3.380900000000000016e+00
3.549500000000000099e+00
3.309800000000000075e+00
3.591699999999999893e+00
3.365099999999999980e+00
3.658199999999999896e+00
3.309800000000000075e+00
3.512199999999999989e+00
3.318099999999999827e+00
3.499899999999999789e+00
3.358299999999999841e+00
3.516700000000000159e+00
3.316199999999999815e+00
3.503299999999999859e+00
3.388799999999999812e+00
3.565399999999999903e+00
3.595400000000000151e+00
3.325800000000000090e+00
3.658199999999999896e+00
3.309800000000000075e+00
3.588400000000000034e+00
3.601100000000000190e+00
3.468199999999999950e+00
3.480599999999999916e+00
3.403099999999999792e+00
3.309800000000000075e+00
3.309800000000000075e+00
3.436199999999999921e+00
3.658199999999999896e+00
3.422299999999999898e+00
3.309800000000000075e+00
3.381699999999999928e+00
3.309800000000000075e+00
3.562600000000000211e+00
3.309800000000000075e+00
3.545700000000000074e+00
3.598500000000000032e+00
3.601599999999999913e+00
3.432199999999999918e+00
3.309800000000000075e+00
3.351199999999999957e+00
3.386200000000000099e+00
3.309800000000000075e+00
3.325600000000000112e+00
3.452700000000000102e+00
3.658199999999999896e+00
3.483200000000000074e+00
3.417899999999999938e+00
3.658199999999999896e+00
3.377299999999999969e+00
3.658199999999999896e+00
3.626900000000000013e+00
3.658199999999999896e+00
3.551600000000000090e+00
3.309800000000000075e+00
3.386000000000000121e+00
3.460199999999999942e+00
3.430200000000000138e+00
3.389800000000000146e+00
