6.952200000000000379e+00
6.030599999999999739e+00
4.841899999999999871e+00
4.235599999999999810e+00
3.825400000000000134e+00
3.852300000000000058e+00
3.487899999999999778e+00
3.400900000000000034e+00
3.710500000000000131e+00
3.632499999999999840e+00
3.589300000000000157e+00
3.598399999999999821e+00
3.400900000000000034e+00
3.758900000000000130e+00
3.460500000000000131e+00
3.493500000000000050e+00
3.441600000000000215e+00
3.407599999999999962e+00
3.593199999999999950e+00
3.587600000000000122e+00
3.400900000000000034e+00
3.439200000000000035e+00
3.511299999999999866e+00
3.758900000000000130e+00
3.639899999999999913e+00
3.732600000000000140e+00
3.557300000000000129e+00
3.400900000000000034e+00
3.758900000000000130e+00
3.486200000000000188e+00
3.527699999999999836e+00
3.593300000000000161e+00
3.601500000000000146e+00
3.721699999999999786e+00
3.448999999999999844e+00
3.629999999999999893e+00
3.758900000000000130e+00
3.659899999999999931e+00
3.572999999999999954e+00
3.716299999999999937e+00
3.630399999999999849e+00
3.436999999999999833e+00
3.509500000000000064e+00
3.716499999999999915e+00
3.758900000000000130e+00
3.758900000000000130e+00
3.644499999999999851e+00
3.649700000000000166e+00
3.758900000000000130e+00
3.758900000000000130e+00
3.620400000000000063e+00
3.584099999999999842e+00
3.617799999999999905e+00
3.610799999999999788e+00
3.758900000000000130e+00
3.620400000000000063e+00
3.560200000000000031e+00
3.758900000000000130e+00
3.450800000000000090e+00
3.540799999999999947e+00
3.431500000000000217e+00
3.758900000000000130e+00
3.726599999999999913e+00
3.657799999999999940e+00
3.491999999999999993e+00
3.707399999999999807e+00
3.758900000000000130e+00
3.512500000000000178e+00
3.758900000000000130e+00
3.616600000000000037e+00
3.400900000000000034e+00
3.693499999999999783e+00
3.754399999999999959e+00
3.758900000000000130e+00
3.666599999999999859e+00
3.704299999999999926e+00
3.556400000000000006e+00
3.634700000000000042e+00
3.758900000000000130e+00
3.583400000000000141e+00
3.485700000000000021e+00
3.662500000000000089e+00
3.511499999999999844e+00
3.412500000000000089e+00
3.681700000000000195e+00
3.684200000000000141e+00
3.547800000000000065e+00
3.400900000000000034e+00
3.401699999999999946e+00
3.491600000000000037e+00
3.747300000000000075e+00
3.546400000000000219e+00
3.539400000000000102e+00
3.565199999999999925e+00
3.758900000000000130e+00
3.677099999999999813e+00
3.400900000000000034e+00
3.566899999999999959e+00
3.512900000000000134e+00
3.758900000000000130e+00
