6.624900000000000233e+00
6.675399999999999778e+00
5.909200000000000230e+00
5.625000000000000000e+00
5.122899999999999565e+00
5.226700000000000124e+00
4.475699999999999790e+00
4.557400000000000340e+00
4.245099999999999874e+00
4.304700000000000415e+00
3.876300000000000079e+00
3.898600000000000065e+00
3.581999999999999851e+00
3.537300000000000111e+00
3.660299999999999887e+00
3.540099999999999802e+00
3.704699999999999882e+00
3.893200000000000216e+00
3.711399999999999810e+00
3.749299999999999855e+00
3.800399999999999778e+00
3.723199999999999843e+00
3.893200000000000216e+00
3.785299999999999887e+00
3.805499999999999883e+00
3.781699999999999839e+00
3.745099999999999874e+00
3.522400000000000198e+00
3.709900000000000198e+00
3.781699999999999839e+00
3.722100000000000186e+00
3.565599999999999881e+00
3.531499999999999861e+00
3.892399999999999860e+00
3.893200000000000216e+00
3.522400000000000198e+00
3.687899999999999956e+00
3.522400000000000198e+00
3.893200000000000216e+00
3.893200000000000216e+00
3.853499999999999925e+00
3.893200000000000216e+00
3.577199999999999935e+00
3.522400000000000198e+00
3.751199999999999868e+00
3.640800000000000036e+00
3.522400000000000198e+00
3.801000000000000156e+00
3.765099999999999891e+00
3.870000000000000107e+00
3.855399999999999938e+00
3.813400000000000123e+00
3.644899999999999807e+00
3.603699999999999903e+00
3.705900000000000194e+00
3.689599999999999991e+00
3.522400000000000198e+00
3.802799999999999958e+00
3.893200000000000216e+00
3.748000000000000220e+00
3.883399999999999963e+00
3.662999999999999812e+00
3.685000000000000053e+00
3.543400000000000105e+00
3.832699999999999996e+00
3.865800000000000125e+00
3.623299999999999965e+00
3.522400000000000198e+00
3.647899999999999920e+00
3.522400000000000198e+00
3.625199999999999978e+00
3.564700000000000202e+00
3.888700000000000045e+00
3.775700000000000056e+00
3.621300000000000185e+00
3.522400000000000198e+00
3.639499999999999957e+00
3.761000000000000121e+00
3.796300000000000008e+00
3.522400000000000198e+00
3.639400000000000190e+00
3.766500000000000181e+00
3.581799999999999873e+00
3.893200000000000216e+00
3.522400000000000198e+00
3.737200000000000077e+00
3.893200000000000216e+00
3.634500000000000064e+00
3.640600000000000058e+00
3.814599999999999991e+00
3.616000000000000103e+00
3.863399999999999945e+00
3.893200000000000216e+00
3.564599999999999991e+00
3.678399999999999892e+00
3.893200000000000216e+00
3.791199999999999903e+00
3.522400000000000198e+00
3.791599999999999859e+00
3.893200000000000216e+00
