6.723200000000000287e+00
6.012599999999999945e+00
5.734799999999999898e+00
4.969500000000000028e+00
4.505899999999999572e+00
4.395800000000000374e+00
4.266899999999999693e+00
3.973399999999999821e+00
3.533399999999999874e+00
3.460500000000000131e+00
3.215300000000000047e+00
3.326999999999999957e+00
3.524000000000000021e+00
3.524000000000000021e+00
3.375700000000000145e+00
3.258599999999999941e+00
3.377600000000000158e+00
3.524000000000000021e+00
3.375300000000000189e+00
3.260800000000000143e+00
3.502099999999999991e+00
3.313699999999999868e+00
3.188400000000000123e+00
3.237099999999999866e+00
3.331100000000000172e+00
3.335399999999999920e+00
3.188400000000000123e+00
3.188400000000000123e+00
3.188400000000000123e+00
3.524000000000000021e+00
3.444700000000000095e+00
3.369600000000000151e+00
3.437800000000000189e+00
3.466200000000000170e+00
3.232400000000000162e+00
3.524000000000000021e+00
3.446299999999999919e+00
3.325400000000000134e+00
3.188400000000000123e+00
3.495200000000000085e+00
3.277800000000000047e+00
3.278300000000000214e+00
3.188400000000000123e+00
3.380100000000000104e+00
3.524000000000000021e+00
3.248400000000000176e+00
3.393499999999999961e+00
3.188400000000000123e+00
3.490200000000000191e+00
3.238700000000000134e+00
3.207899999999999974e+00
3.388100000000000112e+00
3.236600000000000144e+00
3.509799999999999809e+00
3.524000000000000021e+00
3.419399999999999995e+00
3.321800000000000086e+00
3.393499999999999961e+00
3.524000000000000021e+00
3.272600000000000176e+00
3.321600000000000108e+00
3.188400000000000123e+00
3.208800000000000097e+00
3.383999999999999897e+00
3.235100000000000087e+00
3.524000000000000021e+00
3.222100000000000186e+00
3.482899999999999885e+00
3.208200000000000163e+00
3.524000000000000021e+00
3.275700000000000056e+00
3.395199999999999996e+00
3.323799999999999866e+00
3.329099999999999948e+00
3.236600000000000144e+00
3.188400000000000123e+00
3.524000000000000021e+00
3.339900000000000091e+00
3.524000000000000021e+00
3.524000000000000021e+00
3.524000000000000021e+00
3.342099999999999849e+00
3.188400000000000123e+00
3.261800000000000033e+00
3.524000000000000021e+00
3.196200000000000152e+00
3.397200000000000220e+00
3.353000000000000203e+00
3.188400000000000123e+00
3.524000000000000021e+00
3.524000000000000021e+00
3.455600000000000005e+00
3.345099999999999962e+00
3.410000000000000142e+00
3.188400000000000123e+00
3.469300000000000050e+00
3.406800000000000050e+00
3.396399999999999864e+00
3.524000000000000021e+00
3.479600000000000026e+00
