7.047799999999999621e+00
6.103399999999999714e+00
5.774600000000000399e+00
5.385200000000000209e+00
5.466700000000000337e+00
5.234700000000000131e+00
4.968899999999999650e+00
4.714900000000000091e+00
4.063200000000000145e+00
3.967499999999999805e+00
3.924700000000000077e+00
3.997900000000000009e+00
3.726300000000000168e+00
3.664200000000000124e+00
3.619499999999999940e+00
3.758900000000000130e+00
3.730999999999999872e+00
3.758900000000000130e+00
3.655199999999999783e+00
3.400900000000000034e+00
3.490499999999999936e+00
3.572499999999999787e+00
3.400900000000000034e+00
3.582300000000000040e+00
3.599899999999999878e+00
3.758900000000000130e+00
3.758900000000000130e+00
3.522200000000000220e+00
3.482200000000000184e+00
3.482000000000000206e+00
3.642799999999999816e+00
3.453599999999999781e+00
3.582100000000000062e+00
3.616499999999999826e+00
3.758900000000000130e+00
3.461199999999999832e+00
3.400900000000000034e+00
3.704699999999999882e+00
3.758900000000000130e+00
3.490899999999999892e+00
3.663899999999999935e+00
3.552900000000000169e+00
3.639600000000000168e+00
3.758900000000000130e+00
3.400900000000000034e+00
3.758900000000000130e+00
3.758900000000000130e+00
3.743599999999999817e+00
3.758900000000000130e+00
3.624400000000000066e+00
3.758900000000000130e+00
3.758900000000000130e+00
3.623499999999999943e+00
3.616000000000000103e+00
3.409800000000000164e+00
3.532799999999999940e+00
3.400900000000000034e+00
3.758900000000000130e+00
3.690999999999999837e+00
3.533399999999999874e+00
3.758900000000000130e+00
3.465599999999999792e+00
3.735300000000000065e+00
3.758900000000000130e+00
3.400900000000000034e+00
3.606199999999999850e+00
3.741400000000000059e+00
3.706900000000000084e+00
3.400900000000000034e+00
3.629999999999999893e+00
3.479600000000000026e+00
3.587600000000000122e+00
3.649700000000000166e+00
3.576600000000000001e+00
3.677000000000000046e+00
3.715500000000000025e+00
3.594500000000000028e+00
3.450099999999999945e+00
3.400900000000000034e+00
3.400900000000000034e+00
3.458299999999999930e+00
3.568000000000000060e+00
3.758900000000000130e+00
3.467999999999999972e+00
3.610899999999999999e+00
3.400900000000000034e+00
3.494299999999999962e+00
3.540700000000000180e+00
3.758900000000000130e+00
3.647100000000000009e+00
3.444100000000000161e+00
3.699100000000000055e+00
3.758900000000000130e+00
3.440900000000000070e+00
3.515699999999999825e+00
3.554800000000000182e+00
3.400900000000000034e+00
3.694599999999999884e+00
3.610100000000000087e+00
3.597100000000000186e+00
