6.754800000000000360e+00
6.046000000000000263e+00
5.776099999999999568e+00
5.589900000000000091e+00
5.178200000000000358e+00
4.735599999999999810e+00
4.624799999999999578e+00
4.353399999999999714e+00
4.304199999999999804e+00
3.915399999999999991e+00
4.089199999999999946e+00
3.657200000000000006e+00
3.685700000000000198e+00
3.663600000000000190e+00
3.615099999999999980e+00
3.608200000000000074e+00
3.525999999999999801e+00
3.725400000000000045e+00
3.507600000000000051e+00
3.370600000000000041e+00
3.725400000000000045e+00
3.461699999999999999e+00
3.496900000000000119e+00
3.725400000000000045e+00
3.513700000000000045e+00
3.604999999999999982e+00
3.429899999999999949e+00
3.725400000000000045e+00
3.558399999999999785e+00
3.370600000000000041e+00
3.684699999999999864e+00
3.625799999999999912e+00
3.636299999999999866e+00
3.370600000000000041e+00
3.627499999999999947e+00
3.725400000000000045e+00
3.712000000000000188e+00
3.645099999999999785e+00
3.536500000000000199e+00
3.514200000000000212e+00
3.584999999999999964e+00
3.464799999999999880e+00
3.449300000000000033e+00
3.552200000000000024e+00
3.424599999999999866e+00
3.512100000000000222e+00
3.370600000000000041e+00
3.623800000000000132e+00
3.515099999999999891e+00
3.560400000000000009e+00
3.440199999999999925e+00
3.370600000000000041e+00
3.627499999999999947e+00
3.725400000000000045e+00
3.674100000000000144e+00
3.370600000000000041e+00
3.389100000000000001e+00
3.370600000000000041e+00
3.388900000000000023e+00
3.626599999999999824e+00
3.712000000000000188e+00
3.725400000000000045e+00
3.476500000000000146e+00
3.638999999999999790e+00
3.466099999999999959e+00
3.370600000000000041e+00
3.370600000000000041e+00
3.725400000000000045e+00
3.395799999999999930e+00
3.704000000000000181e+00
3.409100000000000019e+00
3.627400000000000180e+00
3.513500000000000068e+00
3.488399999999999945e+00
3.615400000000000169e+00
3.566600000000000215e+00
3.370600000000000041e+00
3.591699999999999893e+00
3.563400000000000123e+00
3.634100000000000108e+00
3.465599999999999792e+00
3.370600000000000041e+00
3.554699999999999971e+00
3.372599999999999820e+00
3.446099999999999941e+00
3.667600000000000193e+00
3.527099999999999902e+00
3.470000000000000195e+00
3.370600000000000041e+00
3.590199999999999836e+00
3.560599999999999987e+00
3.553599999999999870e+00
3.370600000000000041e+00
3.725400000000000045e+00
3.577199999999999935e+00
3.638500000000000068e+00
3.577199999999999935e+00
3.724800000000000111e+00
3.607200000000000184e+00
3.498499999999999943e+00
