7.119900000000000340e+00
5.859099999999999753e+00
5.465600000000000236e+00
5.057599999999999874e+00
4.415000000000000036e+00
4.262999999999999901e+00
4.095699999999999896e+00
3.427000000000000046e+00
3.198999999999999844e+00
3.114100000000000090e+00
3.174700000000000077e+00
3.115699999999999914e+00
2.795599999999999863e+00
2.868100000000000094e+00
2.963799999999999990e+00
3.087699999999999889e+00
2.793899999999999828e+00
3.044399999999999995e+00
3.087699999999999889e+00
3.043699999999999850e+00
2.813000000000000167e+00
3.087699999999999889e+00
2.940500000000000114e+00
2.793600000000000083e+00
2.898299999999999876e+00
3.055400000000000116e+00
2.845299999999999940e+00
3.087699999999999889e+00
2.960100000000000176e+00
3.009500000000000064e+00
3.087699999999999889e+00
3.057700000000000085e+00
3.008700000000000152e+00
2.793600000000000083e+00
2.893600000000000172e+00
2.960900000000000087e+00
3.032599999999999962e+00
2.878299999999999859e+00
2.901600000000000179e+00
2.973399999999999821e+00
2.955900000000000194e+00
3.087699999999999889e+00
3.087699999999999889e+00
3.021399999999999864e+00
2.931099999999999817e+00
2.939999999999999947e+00
3.087699999999999889e+00
2.807999999999999829e+00
3.087699999999999889e+00
3.087699999999999889e+00
2.796100000000000030e+00
3.036300000000000221e+00
3.087699999999999889e+00
2.915500000000000203e+00
3.087699999999999889e+00
3.029599999999999849e+00
2.890899999999999803e+00
3.087699999999999889e+00
2.957500000000000018e+00
2.793600000000000083e+00
2.947700000000000209e+00
2.793600000000000083e+00
2.793600000000000083e+00
2.942600000000000104e+00
2.941199999999999815e+00
2.978099999999999969e+00
3.087699999999999889e+00
2.900700000000000056e+00
2.902699999999999836e+00
2.971799999999999997e+00
3.020999999999999908e+00
2.844100000000000072e+00
2.800600000000000200e+00
2.793600000000000083e+00
2.793600000000000083e+00
3.075000000000000178e+00
2.863199999999999967e+00
3.041900000000000048e+00
2.796300000000000008e+00
3.087699999999999889e+00
3.087699999999999889e+00
2.793600000000000083e+00
2.793600000000000083e+00
2.995000000000000107e+00
3.087699999999999889e+00
3.087699999999999889e+00
2.933199999999999807e+00
2.828599999999999781e+00
2.874899999999999789e+00
3.068499999999999783e+00
3.012000000000000011e+00
2.798099999999999810e+00
2.793600000000000083e+00
2.972999999999999865e+00
2.793600000000000083e+00
2.954299999999999926e+00
3.009999999999999787e+00
3.087699999999999889e+00
3.084999999999999964e+00
3.010499999999999954e+00
