6.643299999999999983e+00
5.569300000000000139e+00
5.154399999999999871e+00
4.260500000000000398e+00
3.762900000000000134e+00
3.337800000000000100e+00
3.586800000000000210e+00
3.591099999999999959e+00
3.249099999999999877e+00
3.539000000000000146e+00
3.449600000000000222e+00
3.408399999999999874e+00
3.288100000000000023e+00
3.467099999999999849e+00
3.539400000000000102e+00
3.367599999999999927e+00
3.302799999999999958e+00
3.249099999999999877e+00
3.591099999999999959e+00
3.591099999999999959e+00
3.591099999999999959e+00
3.249099999999999877e+00
3.541100000000000136e+00
3.344700000000000006e+00
3.448999999999999844e+00
3.540200000000000014e+00
3.451700000000000212e+00
3.591099999999999959e+00
3.268800000000000150e+00
3.591099999999999959e+00
3.249099999999999877e+00
3.300800000000000178e+00
3.325299999999999923e+00
3.465599999999999792e+00
3.287599999999999856e+00
3.591099999999999959e+00
3.249099999999999877e+00
3.249099999999999877e+00
3.311500000000000110e+00
3.343799999999999883e+00
3.336300000000000043e+00
3.465700000000000003e+00
3.537100000000000133e+00
3.289600000000000080e+00
3.249099999999999877e+00
3.382800000000000029e+00
3.345499999999999918e+00
3.544500000000000206e+00
3.295500000000000096e+00
3.591099999999999959e+00
3.364599999999999813e+00
3.497599999999999820e+00
3.357800000000000118e+00
3.298700000000000188e+00
3.249099999999999877e+00
3.249099999999999877e+00
3.498099999999999987e+00
3.591099999999999959e+00
3.505900000000000016e+00
3.267900000000000027e+00
3.249099999999999877e+00
3.591099999999999959e+00
3.434200000000000141e+00
3.357899999999999885e+00
3.314599999999999991e+00
3.249200000000000088e+00
3.591099999999999959e+00
3.591099999999999959e+00
3.556599999999999984e+00
3.249099999999999877e+00
3.327100000000000168e+00
3.249099999999999877e+00
3.249099999999999877e+00
3.591099999999999959e+00
3.249099999999999877e+00
3.521799999999999820e+00
3.386699999999999822e+00
3.559099999999999930e+00
3.429600000000000204e+00
3.304399999999999782e+00
3.591099999999999959e+00
3.495400000000000063e+00
3.249099999999999877e+00
3.463799999999999990e+00
3.469399999999999817e+00
3.336800000000000210e+00
3.249099999999999877e+00
3.575200000000000156e+00
3.290799999999999947e+00
3.249099999999999877e+00
3.311700000000000088e+00
3.321299999999999919e+00
3.591099999999999959e+00
3.285000000000000142e+00
3.249099999999999877e+00
3.452799999999999869e+00
3.365600000000000147e+00
3.249099999999999877e+00
3.249099999999999877e+00
3.249099999999999877e+00
