7.062899999999999956e+00
6.341000000000000192e+00
6.029799999999999827e+00
5.569300000000000139e+00
5.097199999999999953e+00
4.930399999999999672e+00
4.679100000000000037e+00
4.375499999999999723e+00
4.279899999999999594e+00
4.213700000000000223e+00
4.203299999999999592e+00
4.182199999999999918e+00
3.765299999999999869e+00
4.019099999999999895e+00
3.765299999999999869e+00
3.788600000000000190e+00
4.072199999999999598e+00
3.765299999999999869e+00
3.935900000000000176e+00
3.765299999999999869e+00
4.144899999999999807e+00
3.895300000000000207e+00
4.053799999999999848e+00
4.161699999999999733e+00
4.037799999999999834e+00
3.765299999999999869e+00
3.888599999999999834e+00
3.972199999999999953e+00
4.067199999999999704e+00
3.813400000000000123e+00
3.978400000000000158e+00
3.853400000000000158e+00
3.952500000000000124e+00
3.921199999999999797e+00
3.907099999999999795e+00
3.848800000000000221e+00
3.923500000000000210e+00
4.118500000000000050e+00
3.765299999999999869e+00
3.801699999999999857e+00
3.765299999999999869e+00
3.835999999999999854e+00
3.827300000000000146e+00
4.128000000000000114e+00
3.846400000000000041e+00
3.857099999999999973e+00
3.934699999999999864e+00
4.092900000000000205e+00
3.958600000000000119e+00
3.826600000000000001e+00
4.151299999999999990e+00
3.911999999999999922e+00
4.161699999999999733e+00
3.782900000000000151e+00
3.820899999999999963e+00
3.889100000000000001e+00
3.765299999999999869e+00
4.109600000000000364e+00
3.992300000000000182e+00
4.064099999999999824e+00
4.161699999999999733e+00
3.765299999999999869e+00
3.968700000000000117e+00
4.161699999999999733e+00
4.032300000000000217e+00
3.765299999999999869e+00
4.096499999999999808e+00
3.765299999999999869e+00
4.078999999999999737e+00
4.094400000000000261e+00
3.910600000000000076e+00
3.798500000000000210e+00
3.765299999999999869e+00
3.903300000000000214e+00
3.941899999999999959e+00
3.765299999999999869e+00
4.126100000000000101e+00
4.102100000000000080e+00
3.765299999999999869e+00
4.071600000000000108e+00
3.896399999999999864e+00
3.935599999999999987e+00
3.765299999999999869e+00
3.765299999999999869e+00
3.765299999999999869e+00
3.960900000000000087e+00
3.765299999999999869e+00
4.161699999999999733e+00
4.139100000000000001e+00
3.765299999999999869e+00
4.081599999999999895e+00
3.827100000000000168e+00
4.123899999999999899e+00
3.995200000000000085e+00
4.161699999999999733e+00
3.876700000000000035e+00
4.021499999999999631e+00
4.161699999999999733e+00
3.765299999999999869e+00
4.033100000000000129e+00
