6.730999999999999872e+00
6.125799999999999912e+00
5.573500000000000121e+00
5.345900000000000318e+00
4.740999999999999659e+00
4.345900000000000318e+00
4.198000000000000398e+00
3.954499999999999904e+00
3.420500000000000096e+00
3.474400000000000155e+00
3.496700000000000141e+00
3.436300000000000132e+00
3.565500000000000114e+00
3.294599999999999973e+00
3.342999999999999972e+00
3.641500000000000181e+00
3.512100000000000222e+00
3.641500000000000181e+00
3.380500000000000060e+00
3.395399999999999974e+00
3.442899999999999849e+00
3.589300000000000157e+00
3.308199999999999807e+00
3.420799999999999841e+00
3.573300000000000143e+00
3.420599999999999863e+00
3.294599999999999973e+00
3.294599999999999973e+00
3.294599999999999973e+00
3.627699999999999925e+00
3.607099999999999973e+00
3.418499999999999872e+00
3.541599999999999859e+00
3.294599999999999973e+00
3.294599999999999973e+00
3.403799999999999937e+00
3.294599999999999973e+00
3.294599999999999973e+00
3.587200000000000166e+00
3.404300000000000104e+00
3.294599999999999973e+00
3.296899999999999942e+00
3.641500000000000181e+00
3.641500000000000181e+00
3.361499999999999932e+00
3.597999999999999865e+00
3.537399999999999878e+00
3.400700000000000056e+00
3.447599999999999998e+00
3.294599999999999973e+00
3.641500000000000181e+00
3.572299999999999809e+00
3.447200000000000042e+00
3.641500000000000181e+00
3.596999999999999975e+00
3.475299999999999834e+00
3.388700000000000045e+00
3.641500000000000181e+00
3.609300000000000175e+00
3.556700000000000195e+00
3.471299999999999830e+00
3.641500000000000181e+00
3.641500000000000181e+00
3.415799999999999947e+00
3.575800000000000090e+00
3.641500000000000181e+00
3.294599999999999973e+00
3.294599999999999973e+00
3.641500000000000181e+00
3.641500000000000181e+00
3.443599999999999994e+00
3.294599999999999973e+00
3.435099999999999820e+00
3.517999999999999794e+00
3.344599999999999795e+00
3.294599999999999973e+00
3.486200000000000188e+00
3.360199999999999854e+00
3.536599999999999966e+00
3.461500000000000021e+00
3.641500000000000181e+00
3.641500000000000181e+00
3.381400000000000183e+00
3.454499999999999904e+00
3.294599999999999973e+00
3.294599999999999973e+00
3.393299999999999983e+00
3.471499999999999808e+00
3.446000000000000174e+00
3.557100000000000151e+00
3.410400000000000098e+00
3.641500000000000181e+00
3.391999999999999904e+00
3.634199999999999875e+00
3.482000000000000206e+00
3.294599999999999973e+00
3.641500000000000181e+00
3.294599999999999973e+00
3.411700000000000177e+00
3.641500000000000181e+00
