7.119900000000000340e+00
6.228200000000000180e+00
4.952399999999999913e+00
4.856399999999999828e+00
4.366999999999999993e+00
3.870299999999999851e+00
3.827500000000000124e+00
3.576600000000000001e+00
3.409699999999999953e+00
3.664000000000000146e+00
3.627099999999999991e+00
3.581599999999999895e+00
3.758900000000000130e+00
3.729400000000000048e+00
3.579800000000000093e+00
3.400900000000000034e+00
3.638900000000000023e+00
3.711300000000000043e+00
3.723899999999999988e+00
3.475299999999999834e+00
3.651400000000000201e+00
3.758900000000000130e+00
3.400900000000000034e+00
3.400900000000000034e+00
3.711899999999999977e+00
3.719399999999999817e+00
3.700200000000000156e+00
3.758900000000000130e+00
3.758900000000000130e+00
3.542100000000000026e+00
3.623600000000000154e+00
3.758900000000000130e+00
3.718999999999999861e+00
3.639699999999999935e+00
3.697000000000000064e+00
3.646199999999999886e+00
3.400900000000000034e+00
3.483499999999999819e+00
3.627800000000000136e+00
3.758900000000000130e+00
3.525300000000000100e+00
3.569199999999999928e+00
3.400900000000000034e+00
3.442699999999999871e+00
3.578800000000000203e+00
3.758900000000000130e+00
3.599099999999999966e+00
3.400900000000000034e+00
3.758900000000000130e+00
3.400900000000000034e+00
3.637599999999999945e+00
3.528900000000000148e+00
3.400900000000000034e+00
3.612499999999999822e+00
3.592400000000000038e+00
3.400900000000000034e+00
3.478699999999999903e+00
3.488999999999999879e+00
3.428599999999999870e+00
3.605700000000000127e+00
3.400900000000000034e+00
3.440599999999999881e+00
3.400900000000000034e+00
3.595099999999999962e+00
3.509999999999999787e+00
3.758900000000000130e+00
3.647899999999999920e+00
3.400900000000000034e+00
3.444500000000000117e+00
3.517399999999999860e+00
3.409600000000000186e+00
3.617500000000000160e+00
3.758900000000000130e+00
3.684499999999999886e+00
3.617799999999999905e+00
3.502600000000000158e+00
3.729200000000000070e+00
3.427599999999999980e+00
3.400900000000000034e+00
3.630900000000000016e+00
3.625199999999999978e+00
3.503699999999999815e+00
3.758900000000000130e+00
3.400900000000000034e+00
3.590599999999999792e+00
3.661399999999999988e+00
3.505700000000000038e+00
3.400900000000000034e+00
3.482800000000000118e+00
3.758900000000000130e+00
3.588600000000000012e+00
3.758900000000000130e+00
3.622599999999999820e+00
3.400900000000000034e+00
3.490099999999999980e+00
3.476999999999999869e+00
3.400900000000000034e+00
3.461300000000000043e+00
3.568900000000000183e+00
3.758900000000000130e+00
