6.441799999999999748e+00
6.414500000000000313e+00
5.323599999999999888e+00
5.154700000000000060e+00
4.604800000000000004e+00
4.008200000000000429e+00
3.738799999999999901e+00
3.924900000000000055e+00
3.553199999999999914e+00
3.591899999999999871e+00
3.652000000000000135e+00
3.636899999999999800e+00
3.400900000000000034e+00
3.733900000000000219e+00
3.598500000000000032e+00
3.735599999999999810e+00
3.557199999999999918e+00
3.599600000000000133e+00
3.400900000000000034e+00
3.504500000000000171e+00
3.400900000000000034e+00
3.547499999999999876e+00
3.400900000000000034e+00
3.744400000000000173e+00
3.400900000000000034e+00
3.400900000000000034e+00
3.431099999999999817e+00
3.740400000000000169e+00
3.738799999999999901e+00
3.508100000000000218e+00
3.437800000000000189e+00
3.680499999999999883e+00
3.400900000000000034e+00
3.756800000000000139e+00
3.490499999999999936e+00
3.758900000000000130e+00
3.439400000000000013e+00
3.691500000000000004e+00
3.607699999999999907e+00
3.636299999999999866e+00
3.727799999999999780e+00
3.484500000000000153e+00
3.751399999999999846e+00
3.453300000000000036e+00
3.758900000000000130e+00
3.528200000000000003e+00
3.464799999999999880e+00
3.569199999999999928e+00
3.758900000000000130e+00
3.615299999999999958e+00
3.500799999999999912e+00
3.400900000000000034e+00
3.668200000000000127e+00
3.595899999999999874e+00
3.656699999999999839e+00
3.702599999999999891e+00
3.547099999999999920e+00
3.400900000000000034e+00
3.758900000000000130e+00
3.411200000000000010e+00
3.611499999999999932e+00
3.566699999999999982e+00
3.415500000000000203e+00
3.758900000000000130e+00
3.491299999999999848e+00
3.649700000000000166e+00
3.473300000000000054e+00
3.664000000000000146e+00
3.554199999999999804e+00
3.415000000000000036e+00
3.600299999999999834e+00
3.703500000000000014e+00
3.455700000000000216e+00
3.747500000000000053e+00
3.555499999999999883e+00
3.400900000000000034e+00
3.607800000000000118e+00
3.758900000000000130e+00
3.560000000000000053e+00
3.570899999999999963e+00
3.617599999999999927e+00
3.574100000000000055e+00
3.758900000000000130e+00
3.400900000000000034e+00
3.673200000000000021e+00
3.672600000000000087e+00
3.758900000000000130e+00
3.613599999999999923e+00
3.400900000000000034e+00
3.583899999999999864e+00
3.684400000000000119e+00
3.758900000000000130e+00
3.758900000000000130e+00
3.758900000000000130e+00
3.627299999999999969e+00
3.758900000000000130e+00
3.460100000000000176e+00
3.758900000000000130e+00
3.425300000000000011e+00
3.473500000000000032e+00
