7.074600000000000222e+00
6.194399999999999906e+00
6.009999999999999787e+00
5.168499999999999872e+00
4.776900000000000368e+00
4.549000000000000377e+00
4.221899999999999764e+00
4.288400000000000212e+00
3.927099999999999813e+00
4.096300000000000274e+00
3.995099999999999874e+00
3.929300000000000015e+00
4.027400000000000091e+00
3.936199999999999921e+00
4.001999999999999780e+00
3.643800000000000150e+00
3.643800000000000150e+00
3.643800000000000150e+00
3.964999999999999858e+00
3.837099999999999955e+00
3.709200000000000053e+00
4.027400000000000091e+00
3.659100000000000019e+00
3.835500000000000131e+00
3.871199999999999974e+00
4.027400000000000091e+00
3.798200000000000021e+00
3.682599999999999874e+00
3.758000000000000007e+00
3.643800000000000150e+00
3.972799999999999887e+00
3.738599999999999923e+00
3.799500000000000099e+00
4.027400000000000091e+00
3.680299999999999905e+00
3.698999999999999844e+00
3.850400000000000045e+00
3.881200000000000205e+00
4.027400000000000091e+00
3.774000000000000021e+00
3.643800000000000150e+00
3.643800000000000150e+00
3.924399999999999888e+00
3.771599999999999842e+00
3.826600000000000001e+00
3.995400000000000063e+00
3.712299999999999933e+00
3.643800000000000150e+00
3.783900000000000041e+00
3.882099999999999884e+00
3.813800000000000079e+00
4.026099999999999568e+00
3.918699999999999850e+00
3.723399999999999821e+00
3.674199999999999910e+00
4.027400000000000091e+00
3.643800000000000150e+00
3.778200000000000003e+00
3.879700000000000149e+00
4.027400000000000091e+00
3.821099999999999941e+00
3.643800000000000150e+00
3.968599999999999905e+00
3.719599999999999795e+00
3.786099999999999799e+00
3.811700000000000088e+00
4.027400000000000091e+00
4.027400000000000091e+00
3.981399999999999828e+00
4.027400000000000091e+00
3.664899999999999824e+00
3.904700000000000060e+00
3.730100000000000193e+00
3.643800000000000150e+00
4.027400000000000091e+00
3.839300000000000157e+00
3.647800000000000153e+00
4.027400000000000091e+00
3.764100000000000001e+00
3.675100000000000033e+00
4.027400000000000091e+00
3.643800000000000150e+00
4.027400000000000091e+00
3.643800000000000150e+00
3.813899999999999846e+00
3.799900000000000055e+00
3.709799999999999986e+00
3.778200000000000003e+00
3.793200000000000127e+00
4.027400000000000091e+00
3.643800000000000150e+00
3.785400000000000098e+00
3.897800000000000153e+00
3.668000000000000149e+00
3.886899999999999800e+00
4.027400000000000091e+00
3.743900000000000006e+00
3.938299999999999912e+00
3.693000000000000060e+00
3.704200000000000159e+00
