7.042099999999999582e+00
6.313299999999999912e+00
5.552200000000000024e+00
4.739300000000000068e+00
4.538800000000000168e+00
3.806200000000000028e+00
3.633300000000000196e+00
3.732099999999999973e+00
3.678399999999999892e+00
3.678399999999999892e+00
3.404100000000000126e+00
3.346400000000000041e+00
3.678399999999999892e+00
3.450800000000000090e+00
3.327999999999999847e+00
3.678399999999999892e+00
3.678399999999999892e+00
3.398299999999999876e+00
3.678399999999999892e+00
3.389299999999999979e+00
3.496100000000000207e+00
3.445600000000000218e+00
3.578300000000000036e+00
3.664699999999999847e+00
3.622799999999999798e+00
3.327999999999999847e+00
3.502400000000000180e+00
3.678399999999999892e+00
3.445600000000000218e+00
3.676699999999999857e+00
3.327999999999999847e+00
3.606399999999999828e+00
3.377899999999999903e+00
3.427799999999999958e+00
3.545700000000000074e+00
3.678399999999999892e+00
3.399599999999999955e+00
3.327999999999999847e+00
3.600099999999999856e+00
3.443999999999999950e+00
3.674100000000000144e+00
3.327999999999999847e+00
3.451200000000000045e+00
3.384199999999999875e+00
3.678399999999999892e+00
3.480599999999999916e+00
3.399399999999999977e+00
3.621500000000000163e+00
3.561700000000000088e+00
3.327999999999999847e+00
3.395399999999999974e+00
3.327999999999999847e+00
3.678399999999999892e+00
3.678399999999999892e+00
3.350400000000000045e+00
3.478899999999999881e+00
3.639800000000000146e+00
3.663899999999999935e+00
3.678399999999999892e+00
3.596600000000000019e+00
3.568599999999999994e+00
3.511200000000000099e+00
3.653099999999999792e+00
3.488700000000000134e+00
3.327999999999999847e+00
3.327999999999999847e+00
3.613199999999999967e+00
3.678399999999999892e+00
3.678399999999999892e+00
3.484500000000000153e+00
3.327999999999999847e+00
3.327999999999999847e+00
3.327999999999999847e+00
3.678399999999999892e+00
3.560099999999999820e+00
3.397499999999999964e+00
3.617900000000000116e+00
3.526499999999999968e+00
3.660499999999999865e+00
3.388700000000000045e+00
3.402200000000000113e+00
3.606199999999999850e+00
3.656200000000000117e+00
3.446699999999999875e+00
3.678399999999999892e+00
3.404300000000000104e+00
3.678399999999999892e+00
3.529999999999999805e+00
3.399700000000000166e+00
3.529999999999999805e+00
3.387700000000000156e+00
3.678399999999999892e+00
3.678399999999999892e+00
3.437100000000000044e+00
3.546199999999999797e+00
3.547499999999999876e+00
3.441600000000000215e+00
3.607499999999999929e+00
3.505599999999999827e+00
3.327999999999999847e+00
