6.933399999999999785e+00
5.930299999999999905e+00
5.007699999999999818e+00
4.456599999999999895e+00
3.959499999999999797e+00
4.001199999999999868e+00
3.463000000000000078e+00
3.758900000000000130e+00
3.649399999999999977e+00
3.758900000000000130e+00
3.758900000000000130e+00
3.629100000000000215e+00
3.400900000000000034e+00
3.619699999999999918e+00
3.505399999999999849e+00
3.758900000000000130e+00
3.400900000000000034e+00
3.567899999999999849e+00
3.604600000000000026e+00
3.543299999999999894e+00
3.404900000000000038e+00
3.677799999999999958e+00
3.756099999999999994e+00
3.400900000000000034e+00
3.758900000000000130e+00
3.657300000000000217e+00
3.496999999999999886e+00
3.758900000000000130e+00
3.519600000000000062e+00
3.572999999999999954e+00
3.726999999999999869e+00
3.758900000000000130e+00
3.673799999999999955e+00
3.538100000000000023e+00
3.540700000000000180e+00
3.400900000000000034e+00
3.578300000000000036e+00
3.486299999999999955e+00
3.510299999999999976e+00
3.758900000000000130e+00
3.400900000000000034e+00
3.465899999999999981e+00
3.622399999999999842e+00
3.679300000000000015e+00
3.589399999999999924e+00
3.400900000000000034e+00
3.593999999999999861e+00
3.702399999999999913e+00
3.406299999999999883e+00
3.419999999999999929e+00
3.400900000000000034e+00
3.543800000000000061e+00
3.400900000000000034e+00
3.400900000000000034e+00
3.712000000000000188e+00
3.521300000000000097e+00
3.675399999999999778e+00
3.510899999999999910e+00
3.693099999999999827e+00
3.758900000000000130e+00
3.470099999999999962e+00
3.454099999999999948e+00
3.400900000000000034e+00
3.758900000000000130e+00
3.617199999999999971e+00
3.400900000000000034e+00
3.451499999999999790e+00
3.646700000000000053e+00
3.758900000000000130e+00
3.758900000000000130e+00
3.531299999999999883e+00
3.400900000000000034e+00
3.758900000000000130e+00
3.460599999999999898e+00
3.400900000000000034e+00
3.599499999999999922e+00
3.758900000000000130e+00
3.561500000000000110e+00
3.403399999999999981e+00
3.496700000000000141e+00
3.498499999999999943e+00
3.744299999999999962e+00
3.565599999999999881e+00
3.472300000000000164e+00
3.400900000000000034e+00
3.751300000000000079e+00
3.706399999999999917e+00
3.568400000000000016e+00
3.724800000000000111e+00
3.400900000000000034e+00
3.528500000000000192e+00
3.460500000000000131e+00
3.758900000000000130e+00
3.449699999999999989e+00
3.498299999999999965e+00
3.443099999999999827e+00
3.400900000000000034e+00
3.722700000000000120e+00
3.596499999999999808e+00
3.758900000000000130e+00
