6.556400000000000006e+00
5.731700000000000017e+00
5.130899999999999572e+00
4.730699999999999683e+00
4.533400000000000318e+00
4.164200000000000124e+00
4.117300000000000182e+00
3.857099999999999973e+00
4.117600000000000371e+00
4.161699999999999733e+00
4.161699999999999733e+00
3.924900000000000055e+00
4.054199999999999804e+00
4.048300000000000232e+00
4.132699999999999818e+00
3.963000000000000078e+00
3.797800000000000065e+00
3.765299999999999869e+00
4.161699999999999733e+00
3.800499999999999989e+00
3.834499999999999797e+00
4.155700000000000394e+00
3.765299999999999869e+00
4.161699999999999733e+00
3.765299999999999869e+00
3.943000000000000060e+00
4.161699999999999733e+00
4.012599999999999945e+00
3.765299999999999869e+00
3.907099999999999795e+00
3.765299999999999869e+00
3.765299999999999869e+00
4.005099999999999660e+00
3.767100000000000115e+00
4.134900000000000020e+00
3.834200000000000053e+00
3.883599999999999941e+00
4.125899999999999679e+00
3.993500000000000050e+00
3.809400000000000119e+00
3.883500000000000174e+00
4.161699999999999733e+00
3.876799999999999802e+00
3.847599999999999909e+00
3.880300000000000082e+00
3.938899999999999846e+00
3.827399999999999913e+00
4.059800000000000075e+00
4.103799999999999670e+00
4.161699999999999733e+00
3.876100000000000101e+00
4.050300000000000011e+00
4.161699999999999733e+00
3.765299999999999869e+00
3.765299999999999869e+00
3.811500000000000110e+00
3.933399999999999785e+00
4.161699999999999733e+00
3.979000000000000092e+00
4.037499999999999645e+00
4.148399999999999643e+00
3.882099999999999884e+00
4.080300000000000260e+00
3.962600000000000122e+00
4.016799999999999926e+00
3.765299999999999869e+00
3.765299999999999869e+00
3.871799999999999908e+00
4.040700000000000180e+00
3.775500000000000078e+00
3.872100000000000097e+00
3.991999999999999993e+00
4.085300000000000153e+00
3.979400000000000048e+00
4.161699999999999733e+00
4.086599999999999788e+00
4.161699999999999733e+00
3.851999999999999869e+00
3.878299999999999859e+00
3.917899999999999938e+00
3.993900000000000006e+00
4.161699999999999733e+00
3.877400000000000180e+00
4.161699999999999733e+00
4.161699999999999733e+00
4.161699999999999733e+00
3.765299999999999869e+00
3.844100000000000072e+00
4.061399999999999899e+00
4.161699999999999733e+00
4.029600000000000293e+00
3.765299999999999869e+00
3.765299999999999869e+00
3.895099999999999785e+00
4.079100000000000392e+00
3.867300000000000182e+00
4.027000000000000135e+00
3.787999999999999812e+00
3.856899999999999995e+00
4.161699999999999733e+00
