6.928499999999999659e+00
6.471099999999999852e+00
5.750499999999999723e+00
5.195100000000000051e+00
5.084200000000000053e+00
4.753099999999999881e+00
4.757699999999999818e+00
4.482300000000000395e+00
4.320299999999999585e+00
3.975900000000000212e+00
3.955700000000000216e+00
3.978800000000000114e+00
3.709099999999999842e+00
3.685500000000000220e+00
3.970400000000000151e+00
3.970400000000000151e+00
3.697099999999999831e+00
3.592200000000000060e+00
3.616299999999999848e+00
3.970400000000000151e+00
3.927599999999999980e+00
3.961199999999999832e+00
3.592200000000000060e+00
3.609900000000000109e+00
3.956300000000000150e+00
3.834999999999999964e+00
3.970400000000000151e+00
3.941800000000000193e+00
3.750799999999999912e+00
3.592200000000000060e+00
3.802599999999999980e+00
3.609999999999999876e+00
3.797400000000000109e+00
3.715300000000000047e+00
3.935900000000000176e+00
3.661599999999999966e+00
3.592200000000000060e+00
3.672699999999999854e+00
3.858900000000000219e+00
3.724899999999999878e+00
3.592200000000000060e+00
3.769200000000000106e+00
3.592200000000000060e+00
3.970400000000000151e+00
3.592200000000000060e+00
3.896100000000000119e+00
3.633999999999999897e+00
3.659600000000000186e+00
3.592200000000000060e+00
3.970400000000000151e+00
3.654700000000000060e+00
3.664499999999999869e+00
3.970400000000000151e+00
3.635600000000000165e+00
3.728899999999999881e+00
3.592200000000000060e+00
3.970400000000000151e+00
3.802299999999999791e+00
3.592200000000000060e+00
3.823500000000000121e+00
3.592200000000000060e+00
3.821200000000000152e+00
3.920399999999999885e+00
3.736400000000000166e+00
3.741099999999999870e+00
3.700899999999999856e+00
3.782000000000000028e+00
3.710700000000000109e+00
3.916399999999999881e+00
3.906099999999999905e+00
3.914099999999999913e+00
3.942200000000000149e+00
3.612400000000000055e+00
3.592200000000000060e+00
3.592200000000000060e+00
3.883599999999999941e+00
3.727799999999999780e+00
3.802900000000000169e+00
3.592200000000000060e+00
3.800199999999999800e+00
3.594899999999999984e+00
3.970400000000000151e+00
3.647200000000000220e+00
3.592200000000000060e+00
3.885699999999999932e+00
3.660000000000000142e+00
3.919599999999999973e+00
3.592200000000000060e+00
3.592200000000000060e+00
3.970400000000000151e+00
3.766599999999999948e+00
3.593999999999999861e+00
3.738999999999999879e+00
3.813099999999999934e+00
3.778300000000000214e+00
3.608499999999999819e+00
3.592200000000000060e+00
3.893600000000000172e+00
3.730300000000000171e+00
3.818400000000000016e+00
