6.594100000000000072e+00
6.094599999999999795e+00
5.752699999999999925e+00
5.692599999999999660e+00
5.084999999999999964e+00
4.752399999999999736e+00
4.968899999999999650e+00
4.265900000000000247e+00
4.332499999999999574e+00
4.296700000000000408e+00
4.132399999999999629e+00
3.997900000000000009e+00
3.699600000000000222e+00
3.810000000000000053e+00
3.414400000000000102e+00
3.608200000000000074e+00
3.531099999999999905e+00
3.606199999999999850e+00
3.400900000000000034e+00
3.507000000000000117e+00
3.758000000000000007e+00
3.512999999999999901e+00
3.540599999999999969e+00
3.758900000000000130e+00
3.758900000000000130e+00
3.745800000000000018e+00
3.758900000000000130e+00
3.468199999999999950e+00
3.476999999999999869e+00
3.689499999999999780e+00
3.400900000000000034e+00
3.758900000000000130e+00
3.423999999999999932e+00
3.569500000000000117e+00
3.400900000000000034e+00
3.521799999999999820e+00
3.758900000000000130e+00
3.758900000000000130e+00
3.401400000000000201e+00
3.605399999999999938e+00
3.508599999999999941e+00
3.719599999999999795e+00
3.562300000000000022e+00
3.512300000000000200e+00
3.732899999999999885e+00
3.643400000000000194e+00
3.400900000000000034e+00
3.533900000000000041e+00
3.400900000000000034e+00
3.758900000000000130e+00
3.553999999999999826e+00
3.437300000000000022e+00
3.400900000000000034e+00
3.593100000000000183e+00
3.512399999999999967e+00
3.706500000000000128e+00
3.547400000000000109e+00
3.400900000000000034e+00
3.400900000000000034e+00
3.459000000000000075e+00
3.748299999999999965e+00
3.758900000000000130e+00
3.521500000000000075e+00
3.400900000000000034e+00
3.505199999999999871e+00
3.758900000000000130e+00
3.758900000000000130e+00
3.758900000000000130e+00
3.758900000000000130e+00
3.632600000000000051e+00
3.400900000000000034e+00
3.501399999999999846e+00
3.540200000000000014e+00
3.521999999999999797e+00
3.400900000000000034e+00
3.758900000000000130e+00
3.749000000000000110e+00
3.662799999999999834e+00
3.643100000000000005e+00
3.758900000000000130e+00
3.622799999999999798e+00
3.673200000000000021e+00
3.559099999999999930e+00
3.626500000000000057e+00
3.529799999999999827e+00
3.663400000000000212e+00
3.758900000000000130e+00
3.758900000000000130e+00
3.730999999999999872e+00
3.758900000000000130e+00
3.400900000000000034e+00
3.758900000000000130e+00
3.758900000000000130e+00
3.726300000000000168e+00
3.758900000000000130e+00
3.542699999999999960e+00
3.653399999999999981e+00
3.400900000000000034e+00
3.758900000000000130e+00
3.758900000000000130e+00
