6.994399999999999729e+00
6.408500000000000085e+00
5.621000000000000441e+00
5.462500000000000355e+00
4.927399999999999558e+00
4.721499999999999808e+00
4.552900000000000169e+00
4.273699999999999832e+00
4.014700000000000379e+00
4.157799999999999940e+00
3.760200000000000209e+00
3.689000000000000057e+00
3.678500000000000103e+00
3.646700000000000053e+00
3.707199999999999829e+00
3.960300000000000153e+00
3.753000000000000114e+00
3.583099999999999952e+00
3.939900000000000180e+00
3.776699999999999946e+00
3.605199999999999960e+00
3.760099999999999998e+00
3.583099999999999952e+00
3.920300000000000118e+00
3.583099999999999952e+00
3.583099999999999952e+00
3.777800000000000047e+00
3.825000000000000178e+00
3.923000000000000043e+00
3.713299999999999823e+00
3.864900000000000002e+00
3.726100000000000190e+00
3.832300000000000040e+00
3.655400000000000205e+00
3.960300000000000153e+00
3.799100000000000144e+00
3.583099999999999952e+00
3.674700000000000077e+00
3.688000000000000167e+00
3.583099999999999952e+00
3.583099999999999952e+00
3.886699999999999822e+00
3.678100000000000147e+00
3.688099999999999934e+00
3.803700000000000081e+00
3.711500000000000021e+00
3.960300000000000153e+00
3.646700000000000053e+00
3.583099999999999952e+00
3.742700000000000138e+00
3.730999999999999872e+00
3.759999999999999787e+00
3.773099999999999898e+00
3.796100000000000030e+00
3.839300000000000157e+00
3.777800000000000047e+00
3.583099999999999952e+00
3.584499999999999797e+00
3.801200000000000134e+00
3.960300000000000153e+00
3.583099999999999952e+00
3.583099999999999952e+00
3.960300000000000153e+00
3.761600000000000055e+00
3.757800000000000029e+00
3.960300000000000153e+00
3.663600000000000190e+00
3.911500000000000199e+00
3.869600000000000151e+00
3.823300000000000143e+00
3.584799999999999986e+00
3.810299999999999798e+00
3.767199999999999882e+00
3.946000000000000174e+00
3.583099999999999952e+00
3.768200000000000216e+00
3.603499999999999925e+00
3.960300000000000153e+00
3.827700000000000102e+00
3.960300000000000153e+00
3.742199999999999971e+00
3.894200000000000106e+00
3.583099999999999952e+00
3.583099999999999952e+00
3.629000000000000004e+00
3.644600000000000062e+00
3.588499999999999801e+00
3.898099999999999898e+00
3.583099999999999952e+00
3.844199999999999839e+00
3.939700000000000202e+00
3.725400000000000045e+00
3.686500000000000110e+00
3.583099999999999952e+00
3.625300000000000189e+00
3.936199999999999921e+00
3.742900000000000116e+00
3.741899999999999782e+00
3.678900000000000059e+00
3.683899999999999952e+00
