6.683300000000000018e+00
6.335099999999999731e+00
5.130899999999999572e+00
5.127600000000000158e+00
4.705000000000000071e+00
4.050099999999999589e+00
4.129999999999999893e+00
4.089299999999999713e+00
4.145100000000000229e+00
3.903900000000000148e+00
3.848700000000000010e+00
4.161699999999999733e+00
3.847900000000000098e+00
3.787999999999999812e+00
4.019199999999999662e+00
4.025999999999999801e+00
3.978699999999999903e+00
3.920799999999999841e+00
3.765299999999999869e+00
4.086000000000000298e+00
3.765299999999999869e+00
3.823900000000000077e+00
4.025900000000000034e+00
4.011499999999999844e+00
4.115099999999999980e+00
4.022999999999999687e+00
3.765299999999999869e+00
4.161699999999999733e+00
4.070000000000000284e+00
3.765299999999999869e+00
3.882299999999999862e+00
3.989900000000000002e+00
4.058300000000000018e+00
3.892199999999999882e+00
4.161699999999999733e+00
4.161699999999999733e+00
3.904999999999999805e+00
3.960599999999999898e+00
4.161699999999999733e+00
3.911300000000000221e+00
3.839700000000000113e+00
4.104899999999999771e+00
3.948199999999999932e+00
3.899599999999999955e+00
4.006599999999999717e+00
3.978099999999999969e+00
4.161699999999999733e+00
4.157899999999999707e+00
3.765299999999999869e+00
4.038499999999999979e+00
3.898800000000000043e+00
4.161699999999999733e+00
4.161699999999999733e+00
4.161699999999999733e+00
3.835700000000000109e+00
4.161699999999999733e+00
4.141300000000000203e+00
3.841400000000000148e+00
3.926099999999999923e+00
3.927999999999999936e+00
3.765299999999999869e+00
4.125899999999999679e+00
3.962499999999999911e+00
3.765299999999999869e+00
4.100699999999999790e+00
3.770099999999999785e+00
4.036999999999999922e+00
3.765299999999999869e+00
3.945399999999999796e+00
4.119100000000000428e+00
3.765299999999999869e+00
3.789099999999999913e+00
3.786399999999999988e+00
3.857600000000000140e+00
3.879900000000000126e+00
3.894499999999999851e+00
4.161699999999999733e+00
4.076600000000000001e+00
4.161699999999999733e+00
4.161699999999999733e+00
3.849000000000000199e+00
3.810500000000000220e+00
3.995400000000000063e+00
4.098200000000000287e+00
4.161699999999999733e+00
4.161699999999999733e+00
3.765299999999999869e+00
4.054299999999999571e+00
3.845299999999999940e+00
3.862400000000000055e+00
3.765299999999999869e+00
4.161699999999999733e+00
3.831500000000000128e+00
4.161699999999999733e+00
4.161699999999999733e+00
3.765299999999999869e+00
3.765299999999999869e+00
3.765299999999999869e+00
4.145699999999999719e+00
4.101799999999999891e+00
