6.813799999999999635e+00
6.308600000000000207e+00
5.605400000000000382e+00
4.533299999999999663e+00
4.264999999999999680e+00
3.952399999999999913e+00
3.781400000000000095e+00
3.473100000000000076e+00
3.629399999999999959e+00
3.334400000000000031e+00
3.316800000000000193e+00
3.371999999999999886e+00
3.435700000000000198e+00
3.309800000000000075e+00
3.658199999999999896e+00
3.603000000000000203e+00
3.309800000000000075e+00
3.527899999999999814e+00
3.578899999999999970e+00
3.309800000000000075e+00
3.577100000000000168e+00
3.365299999999999958e+00
3.658199999999999896e+00
3.459900000000000198e+00
3.403799999999999937e+00
3.431299999999999795e+00
3.470299999999999940e+00
3.629599999999999937e+00
3.658199999999999896e+00
3.309800000000000075e+00
3.394800000000000040e+00
3.309800000000000075e+00
3.620999999999999996e+00
3.439900000000000180e+00
3.366400000000000059e+00
3.658199999999999896e+00
3.657000000000000028e+00
3.629399999999999959e+00
3.658199999999999896e+00
3.658199999999999896e+00
3.309800000000000075e+00
3.526800000000000157e+00
3.390400000000000080e+00
3.642999999999999794e+00
3.309800000000000075e+00
3.473300000000000054e+00
3.462299999999999933e+00
3.370400000000000063e+00
3.382699999999999818e+00
3.415599999999999969e+00
3.421300000000000008e+00
3.505799999999999805e+00
3.482600000000000140e+00
3.327300000000000146e+00
3.344700000000000006e+00
3.393499999999999961e+00
3.309800000000000075e+00
3.658199999999999896e+00
3.398499999999999854e+00
3.622599999999999820e+00
3.317000000000000171e+00
3.632499999999999840e+00
3.618500000000000050e+00
3.396500000000000075e+00
3.370800000000000018e+00
3.499499999999999833e+00
3.572700000000000209e+00
3.309800000000000075e+00
3.516500000000000181e+00
3.452999999999999847e+00
3.658199999999999896e+00
3.309800000000000075e+00
3.602300000000000058e+00
3.533700000000000063e+00
3.635400000000000187e+00
3.438800000000000079e+00
3.445100000000000051e+00
3.627299999999999969e+00
3.482000000000000206e+00
3.600699999999999790e+00
3.531200000000000117e+00
3.491499999999999826e+00
3.309800000000000075e+00
3.564000000000000057e+00
3.438899999999999846e+00
3.341699999999999893e+00
3.658199999999999896e+00
3.430600000000000094e+00
3.385299999999999976e+00
3.658199999999999896e+00
3.309800000000000075e+00
3.480999999999999872e+00
3.455299999999999816e+00
3.607099999999999973e+00
3.505599999999999827e+00
3.615299999999999958e+00
3.338900000000000201e+00
3.338000000000000078e+00
3.610399999999999832e+00
3.545500000000000096e+00
