6.625099999999999767e+00
6.336500000000000021e+00
5.740099999999999980e+00
5.452399999999999913e+00
4.591300000000000381e+00
4.399200000000000443e+00
4.079900000000000304e+00
3.721299999999999830e+00
3.607499999999999929e+00
3.451400000000000023e+00
3.683499999999999996e+00
3.612299999999999844e+00
3.654900000000000038e+00
3.654900000000000038e+00
3.654900000000000038e+00
3.306799999999999962e+00
3.306799999999999962e+00
3.450099999999999945e+00
3.481799999999999784e+00
3.581700000000000106e+00
3.498299999999999965e+00
3.306799999999999962e+00
3.484199999999999964e+00
3.574100000000000055e+00
3.494699999999999918e+00
3.555600000000000094e+00
3.429300000000000015e+00
3.417199999999999793e+00
3.306799999999999962e+00
3.487099999999999866e+00
3.407099999999999795e+00
3.306799999999999962e+00
3.635600000000000165e+00
3.561500000000000110e+00
3.654900000000000038e+00
3.325499999999999901e+00
3.629999999999999893e+00
3.480999999999999872e+00
3.306799999999999962e+00
3.523699999999999832e+00
3.489599999999999813e+00
3.587400000000000144e+00
3.317499999999999893e+00
3.633000000000000007e+00
3.468500000000000139e+00
3.443400000000000016e+00
3.654900000000000038e+00
3.398899999999999810e+00
3.549599999999999866e+00
3.496900000000000119e+00
3.548200000000000021e+00
3.306799999999999962e+00
3.339999999999999858e+00
3.554600000000000204e+00
3.611200000000000188e+00
3.478200000000000180e+00
3.425300000000000011e+00
3.654900000000000038e+00
3.395799999999999930e+00
3.391700000000000159e+00
3.654900000000000038e+00
3.376500000000000057e+00
3.473100000000000076e+00
3.434200000000000141e+00
3.350600000000000023e+00
3.306799999999999962e+00
3.473700000000000010e+00
3.317499999999999893e+00
3.474600000000000133e+00
3.639200000000000212e+00
3.613100000000000200e+00
3.609799999999999898e+00
3.398899999999999810e+00
3.435400000000000009e+00
3.506400000000000183e+00
3.654900000000000038e+00
3.360700000000000021e+00
3.590300000000000047e+00
3.306799999999999962e+00
3.306799999999999962e+00
3.495600000000000041e+00
3.576299999999999812e+00
3.573199999999999932e+00
3.654900000000000038e+00
3.306799999999999962e+00
3.515400000000000080e+00
3.501900000000000013e+00
3.654900000000000038e+00
3.403999999999999915e+00
3.306799999999999962e+00
3.375199999999999978e+00
3.654900000000000038e+00
3.381600000000000161e+00
3.654900000000000038e+00
3.527299999999999880e+00
3.338400000000000034e+00
3.654900000000000038e+00
3.486600000000000144e+00
3.551400000000000112e+00
3.405400000000000205e+00
