6.441799999999999748e+00
6.174999999999999822e+00
5.244200000000000195e+00
4.343300000000000161e+00
4.234600000000000364e+00
4.113299999999999734e+00
4.027400000000000091e+00
3.643800000000000150e+00
3.744099999999999984e+00
3.682199999999999918e+00
3.912700000000000067e+00
3.911799999999999944e+00
3.814400000000000013e+00
3.785400000000000098e+00
3.767199999999999882e+00
3.715700000000000003e+00
3.920700000000000074e+00
3.951499999999999790e+00
3.707199999999999829e+00
3.751900000000000013e+00
3.908399999999999874e+00
3.993799999999999795e+00
3.927999999999999936e+00
3.836500000000000021e+00
4.000600000000000378e+00
3.920799999999999841e+00
3.643800000000000150e+00
3.643800000000000150e+00
3.750799999999999912e+00
4.027400000000000091e+00
3.941699999999999982e+00
3.757499999999999840e+00
3.660600000000000076e+00
3.899199999999999999e+00
3.985799999999999788e+00
3.715199999999999836e+00
3.643800000000000150e+00
3.643800000000000150e+00
3.985899999999999999e+00
3.682399999999999896e+00
3.784100000000000019e+00
3.804800000000000182e+00
3.787199999999999900e+00
4.027400000000000091e+00
3.765899999999999803e+00
3.654399999999999871e+00
3.909400000000000208e+00
3.884399999999999853e+00
3.804199999999999804e+00
3.807900000000000063e+00
4.027400000000000091e+00
3.988799999999999901e+00
3.801600000000000090e+00
3.855300000000000171e+00
3.715800000000000214e+00
3.979699999999999793e+00
3.979900000000000215e+00
3.837499999999999911e+00
3.978200000000000180e+00
3.891900000000000137e+00
3.842299999999999827e+00
3.845699999999999896e+00
3.643800000000000150e+00
3.697099999999999831e+00
3.643800000000000150e+00
3.775700000000000056e+00
3.920599999999999863e+00
3.643800000000000150e+00
3.643800000000000150e+00
3.999800000000000022e+00
3.683300000000000018e+00
3.643800000000000150e+00
3.643800000000000150e+00
3.651499999999999968e+00
3.643800000000000150e+00
3.860799999999999788e+00
3.712800000000000100e+00
4.027400000000000091e+00
3.990499999999999936e+00
3.812500000000000000e+00
3.903799999999999937e+00
3.643800000000000150e+00
3.875599999999999934e+00
3.997199999999999864e+00
3.827500000000000124e+00
3.709499999999999797e+00
3.826900000000000190e+00
3.864199999999999857e+00
3.908700000000000063e+00
4.027400000000000091e+00
3.715300000000000047e+00
3.643800000000000150e+00
3.651600000000000179e+00
3.643800000000000150e+00
4.027400000000000091e+00
3.650900000000000034e+00
3.661900000000000155e+00
3.698599999999999888e+00
4.027400000000000091e+00
3.723199999999999843e+00
