7.119900000000000340e+00
5.994299999999999962e+00
5.818699999999999761e+00
5.141399999999999970e+00
4.562599999999999767e+00
4.369799999999999685e+00
4.052299999999999791e+00
3.741499999999999826e+00
3.656400000000000095e+00
3.786700000000000177e+00
3.662500000000000089e+00
3.603800000000000114e+00
3.682399999999999896e+00
3.588400000000000034e+00
3.692899999999999849e+00
3.758900000000000130e+00
3.758900000000000130e+00
3.400900000000000034e+00
3.701299999999999812e+00
3.605799999999999894e+00
3.592299999999999827e+00
3.542199999999999793e+00
3.400900000000000034e+00
3.500000000000000000e+00
3.666799999999999837e+00
3.698500000000000121e+00
3.758900000000000130e+00
3.400900000000000034e+00
3.536900000000000155e+00
3.758900000000000130e+00
3.487499999999999822e+00
3.614500000000000046e+00
3.561199999999999921e+00
3.400900000000000034e+00
3.545999999999999819e+00
3.533500000000000085e+00
3.419799999999999951e+00
3.741200000000000081e+00
3.758900000000000130e+00
3.743199999999999861e+00
3.654700000000000060e+00
3.615600000000000147e+00
3.481799999999999784e+00
3.758900000000000130e+00
3.726900000000000102e+00
3.400900000000000034e+00
3.758900000000000130e+00
3.532599999999999962e+00
3.400900000000000034e+00
3.758900000000000130e+00
3.641999999999999904e+00
3.758900000000000130e+00
3.638700000000000045e+00
3.676600000000000090e+00
3.430699999999999861e+00
3.400900000000000034e+00
3.572000000000000064e+00
3.400900000000000034e+00
3.516500000000000181e+00
3.479800000000000004e+00
3.745800000000000018e+00
3.758900000000000130e+00
3.400900000000000034e+00
3.726500000000000146e+00
3.729900000000000215e+00
3.656299999999999883e+00
3.637100000000000222e+00
3.525500000000000078e+00
3.758900000000000130e+00
3.400900000000000034e+00
3.758900000000000130e+00
3.582100000000000062e+00
3.400900000000000034e+00
3.748899999999999899e+00
3.400900000000000034e+00
3.685400000000000009e+00
3.672400000000000109e+00
3.642799999999999816e+00
3.574100000000000055e+00
3.758900000000000130e+00
3.546899999999999942e+00
3.400900000000000034e+00
3.633999999999999897e+00
3.400900000000000034e+00
3.541599999999999859e+00
3.676400000000000112e+00
3.434000000000000163e+00
3.611400000000000166e+00
3.537100000000000133e+00
3.577599999999999891e+00
3.400900000000000034e+00
3.454200000000000159e+00
3.716299999999999937e+00
3.758900000000000130e+00
3.400900000000000034e+00
3.614100000000000090e+00
3.492300000000000182e+00
3.539299999999999891e+00
3.400900000000000034e+00
3.674199999999999910e+00
