6.669100000000000250e+00
6.084800000000000431e+00
5.671299999999999564e+00
5.602699999999999569e+00
4.876000000000000334e+00
4.911599999999999966e+00
4.148500000000000298e+00
4.195599999999999774e+00
3.743900000000000006e+00
3.514800000000000146e+00
3.314499999999999780e+00
3.311700000000000088e+00
3.278999999999999915e+00
3.254500000000000171e+00
3.356199999999999850e+00
3.356199999999999850e+00
3.036500000000000199e+00
3.230399999999999938e+00
3.076700000000000212e+00
3.167400000000000215e+00
3.100099999999999856e+00
3.266799999999999926e+00
3.277099999999999902e+00
3.072299999999999809e+00
3.214100000000000179e+00
3.356199999999999850e+00
3.305899999999999839e+00
3.212000000000000188e+00
3.203399999999999803e+00
3.252499999999999947e+00
3.156600000000000072e+00
3.356199999999999850e+00
3.053799999999999848e+00
3.114799999999999791e+00
3.338600000000000012e+00
3.046300000000000008e+00
3.161700000000000177e+00
3.233099999999999863e+00
3.290399999999999991e+00
3.118900000000000006e+00
3.261699999999999822e+00
3.204000000000000181e+00
3.356199999999999850e+00
3.141900000000000137e+00
3.068999999999999950e+00
3.036500000000000199e+00
3.073399999999999910e+00
3.110399999999999832e+00
3.165599999999999969e+00
3.134100000000000108e+00
3.356199999999999850e+00
3.351700000000000124e+00
3.356199999999999850e+00
3.036500000000000199e+00
3.205799999999999983e+00
3.102399999999999824e+00
3.282900000000000151e+00
3.356199999999999850e+00
3.200600000000000112e+00
3.151199999999999779e+00
3.156800000000000050e+00
3.344399999999999817e+00
3.142500000000000071e+00
3.036500000000000199e+00
3.177099999999999813e+00
3.190399999999999903e+00
3.036500000000000199e+00
3.068200000000000038e+00
3.036500000000000199e+00
3.187100000000000044e+00
3.299999999999999822e+00
3.245600000000000041e+00
3.053300000000000125e+00
3.254100000000000215e+00
3.108400000000000052e+00
3.334099999999999842e+00
3.356199999999999850e+00
3.173700000000000188e+00
3.172499999999999876e+00
3.276499999999999968e+00
3.305400000000000116e+00
3.356199999999999850e+00
3.231500000000000039e+00
3.060099999999999820e+00
3.285899999999999821e+00
3.143699999999999939e+00
3.036500000000000199e+00
3.356199999999999850e+00
3.036500000000000199e+00
3.110100000000000087e+00
3.085700000000000109e+00
3.356199999999999850e+00
3.356199999999999850e+00
3.119499999999999940e+00
3.156699999999999839e+00
3.267199999999999882e+00
3.220499999999999918e+00
3.250199999999999978e+00
3.088400000000000034e+00
3.356199999999999850e+00
