6.708099999999999952e+00
6.526600000000000179e+00
5.936200000000000365e+00
5.224400000000000155e+00
5.121400000000000396e+00
4.322799999999999976e+00
4.218399999999999928e+00
4.055600000000000094e+00
3.795599999999999863e+00
3.644800000000000040e+00
3.840399999999999814e+00
3.997199999999999864e+00
3.932300000000000129e+00
3.799700000000000077e+00
3.732800000000000118e+00
3.683499999999999996e+00
3.616499999999999826e+00
3.882000000000000117e+00
3.769200000000000106e+00
3.951999999999999957e+00
3.764699999999999935e+00
3.616499999999999826e+00
3.734999999999999876e+00
3.963099999999999845e+00
3.730199999999999960e+00
3.912300000000000111e+00
3.650300000000000100e+00
3.783999999999999808e+00
3.690500000000000114e+00
3.997199999999999864e+00
3.616499999999999826e+00
3.949800000000000200e+00
3.616499999999999826e+00
3.635699999999999932e+00
3.616499999999999826e+00
3.845600000000000129e+00
3.616499999999999826e+00
3.616499999999999826e+00
3.799199999999999910e+00
3.616499999999999826e+00
3.616499999999999826e+00
3.997199999999999864e+00
3.616499999999999826e+00
3.616499999999999826e+00
3.634500000000000064e+00
3.807599999999999874e+00
3.997199999999999864e+00
3.903099999999999792e+00
3.829200000000000159e+00
3.616499999999999826e+00
3.725299999999999834e+00
3.844899999999999984e+00
3.997199999999999864e+00
3.682300000000000129e+00
3.804100000000000037e+00
3.616499999999999826e+00
3.873600000000000154e+00
3.898299999999999876e+00
3.616499999999999826e+00
3.719700000000000006e+00
3.616499999999999826e+00
3.616499999999999826e+00
3.669500000000000206e+00
3.681799999999999962e+00
3.974299999999999944e+00
3.875399999999999956e+00
3.997199999999999864e+00
3.755500000000000060e+00
3.817400000000000126e+00
3.616499999999999826e+00
3.826099999999999834e+00
3.763100000000000112e+00
3.915000000000000036e+00
3.830900000000000194e+00
3.784400000000000208e+00
3.814599999999999991e+00
3.997199999999999864e+00
3.966600000000000126e+00
3.879900000000000126e+00
3.778799999999999937e+00
3.727899999999999991e+00
3.815399999999999903e+00
3.818299999999999805e+00
3.666500000000000092e+00
3.616499999999999826e+00
3.722999999999999865e+00
3.627899999999999903e+00
3.987299999999999844e+00
3.923700000000000188e+00
3.832500000000000018e+00
3.616499999999999826e+00
3.772899999999999920e+00
3.915099999999999802e+00
3.997199999999999864e+00
3.775900000000000034e+00
3.997199999999999864e+00
3.678399999999999892e+00
3.666399999999999881e+00
3.997199999999999864e+00
3.858200000000000074e+00
