7.119900000000000340e+00
5.881300000000000416e+00
5.144899999999999807e+00
4.502799999999999692e+00
4.176800000000000068e+00
3.985300000000000065e+00
3.856399999999999828e+00
3.931999999999999940e+00
4.221400000000000041e+00
3.903799999999999937e+00
3.992599999999999927e+00
4.253499999999999837e+00
4.097999999999999865e+00
4.136400000000000077e+00
3.856399999999999828e+00
3.856399999999999828e+00
4.194899999999999629e+00
3.856399999999999828e+00
4.262299999999999756e+00
4.052500000000000213e+00
4.008799999999999919e+00
4.236699999999999910e+00
4.262299999999999756e+00
4.097900000000000098e+00
3.856399999999999828e+00
3.856399999999999828e+00
3.856399999999999828e+00
4.169100000000000250e+00
4.219199999999999839e+00
4.262299999999999756e+00
4.195000000000000284e+00
4.259400000000000297e+00
3.953699999999999992e+00
4.054400000000000226e+00
4.155899999999999928e+00
4.119600000000000151e+00
4.149000000000000021e+00
4.017900000000000027e+00
4.205799999999999983e+00
3.883000000000000007e+00
4.262299999999999756e+00
4.262299999999999756e+00
4.211599999999999788e+00
4.075700000000000323e+00
3.856399999999999828e+00
4.250799999999999912e+00
3.955200000000000049e+00
3.874099999999999877e+00
4.262299999999999756e+00
4.122200000000000308e+00
3.913300000000000001e+00
4.149700000000000166e+00
4.262299999999999756e+00
3.870999999999999996e+00
4.262299999999999756e+00
3.856399999999999828e+00
4.262299999999999756e+00
4.144899999999999807e+00
4.262299999999999756e+00
4.239399999999999835e+00
4.203899999999999970e+00
4.127399999999999736e+00
4.049699999999999633e+00
4.262299999999999756e+00
3.961300000000000043e+00
4.262299999999999756e+00
4.104400000000000048e+00
4.262299999999999756e+00
4.014300000000000423e+00
3.865600000000000147e+00
3.856399999999999828e+00
3.857600000000000140e+00
3.857800000000000118e+00
3.949899999999999967e+00
4.073800000000000310e+00
4.067499999999999893e+00
3.856399999999999828e+00
3.856399999999999828e+00
3.856399999999999828e+00
3.947000000000000064e+00
3.999800000000000022e+00
3.912100000000000133e+00
3.856399999999999828e+00
4.262299999999999756e+00
3.946299999999999919e+00
3.856399999999999828e+00
3.932799999999999851e+00
3.970600000000000129e+00
4.132799999999999585e+00
3.856399999999999828e+00
4.179199999999999804e+00
4.057699999999999640e+00
4.113299999999999734e+00
4.029600000000000293e+00
4.262299999999999756e+00
4.120300000000000296e+00
3.860799999999999788e+00
4.262299999999999756e+00
3.976799999999999891e+00
4.262299999999999756e+00
