7.119900000000000340e+00
6.116799999999999571e+00
5.615999999999999659e+00
5.303399999999999892e+00
4.686300000000000132e+00
4.525000000000000355e+00
3.887500000000000178e+00
3.857200000000000184e+00
3.727799999999999780e+00
3.705999999999999961e+00
3.508000000000000007e+00
3.758900000000000130e+00
3.600800000000000001e+00
3.689499999999999780e+00
3.404100000000000126e+00
3.758900000000000130e+00
3.461500000000000021e+00
3.400900000000000034e+00
3.400900000000000034e+00
3.741600000000000037e+00
3.407399999999999984e+00
3.584099999999999842e+00
3.684299999999999908e+00
3.618799999999999795e+00
3.470200000000000173e+00
3.757000000000000117e+00
3.400900000000000034e+00
3.538899999999999935e+00
3.758900000000000130e+00
3.400900000000000034e+00
3.476900000000000102e+00
3.758900000000000130e+00
3.618900000000000006e+00
3.400900000000000034e+00
3.545100000000000140e+00
3.669200000000000017e+00
3.438099999999999934e+00
3.656499999999999861e+00
3.436900000000000066e+00
3.400900000000000034e+00
3.758900000000000130e+00
3.729999999999999982e+00
3.494000000000000217e+00
3.486200000000000188e+00
3.519699999999999829e+00
3.662599999999999856e+00
3.758900000000000130e+00
3.758900000000000130e+00
3.460300000000000153e+00
3.714599999999999902e+00
3.628800000000000026e+00
3.410499999999999865e+00
3.674799999999999844e+00
3.453699999999999992e+00
3.732200000000000184e+00
3.490899999999999892e+00
3.749000000000000110e+00
3.734500000000000153e+00
3.504500000000000171e+00
3.600999999999999979e+00
3.758900000000000130e+00
3.758900000000000130e+00
3.400900000000000034e+00
3.438000000000000167e+00
3.531400000000000095e+00
3.532099999999999795e+00
3.627899999999999903e+00
3.422099999999999920e+00
3.517700000000000049e+00
3.486699999999999910e+00
3.738300000000000178e+00
3.400900000000000034e+00
3.755199999999999871e+00
3.747900000000000009e+00
3.715300000000000047e+00
3.400900000000000034e+00
3.406400000000000095e+00
3.400900000000000034e+00
3.669399999999999995e+00
3.400900000000000034e+00
3.400900000000000034e+00
3.514299999999999979e+00
3.484199999999999964e+00
3.400900000000000034e+00
3.511299999999999866e+00
3.667199999999999793e+00
3.556099999999999817e+00
3.557100000000000151e+00
3.616200000000000081e+00
3.531000000000000139e+00
3.757699999999999818e+00
3.715899999999999981e+00
3.732800000000000118e+00
3.758900000000000130e+00
3.758900000000000130e+00
3.758900000000000130e+00
3.758900000000000130e+00
3.487699999999999800e+00
3.400900000000000034e+00
3.577199999999999935e+00
