7.097199999999999953e+00
6.487800000000000011e+00
5.508200000000000429e+00
5.580899999999999750e+00
4.724700000000000344e+00
4.490899999999999892e+00
4.125600000000000378e+00
4.065699999999999648e+00
3.906899999999999817e+00
3.910299999999999887e+00
3.602700000000000014e+00
3.788899999999999935e+00
3.522400000000000198e+00
3.893200000000000216e+00
3.719899999999999984e+00
3.522400000000000198e+00
3.731799999999999784e+00
3.623499999999999943e+00
3.893200000000000216e+00
3.764899999999999913e+00
3.811999999999999833e+00
3.893200000000000216e+00
3.769899999999999807e+00
3.659800000000000164e+00
3.682700000000000085e+00
3.613100000000000200e+00
3.772899999999999920e+00
3.873499999999999943e+00
3.789200000000000124e+00
3.853899999999999881e+00
3.847399999999999931e+00
3.893200000000000216e+00
3.602899999999999991e+00
3.819399999999999906e+00
3.833800000000000097e+00
3.675899999999999945e+00
3.893200000000000216e+00
3.690500000000000114e+00
3.752299999999999969e+00
3.551499999999999879e+00
3.813000000000000167e+00
3.893200000000000216e+00
3.893200000000000216e+00
3.893200000000000216e+00
3.557999999999999829e+00
3.609700000000000131e+00
3.774799999999999933e+00
3.621399999999999952e+00
3.691199999999999815e+00
3.827300000000000146e+00
3.677500000000000213e+00
3.542600000000000193e+00
3.601199999999999957e+00
3.522400000000000198e+00
3.799799999999999844e+00
3.522400000000000198e+00
3.893200000000000216e+00
3.522400000000000198e+00
3.893200000000000216e+00
3.711899999999999977e+00
3.612000000000000099e+00
3.646700000000000053e+00
3.892399999999999860e+00
3.747399999999999842e+00
3.893200000000000216e+00
3.815500000000000114e+00
3.839100000000000179e+00
3.838900000000000201e+00
3.670700000000000074e+00
3.621300000000000185e+00
3.693499999999999783e+00
3.668699999999999850e+00
3.693000000000000060e+00
3.893200000000000216e+00
3.893200000000000216e+00
3.860100000000000087e+00
3.689200000000000035e+00
3.522400000000000198e+00
3.805699999999999861e+00
3.663300000000000001e+00
3.522400000000000198e+00
3.522400000000000198e+00
3.773400000000000087e+00
3.893200000000000216e+00
3.522400000000000198e+00
3.522400000000000198e+00
3.522400000000000198e+00
3.589100000000000179e+00
3.624200000000000088e+00
3.673700000000000188e+00
3.522400000000000198e+00
3.893200000000000216e+00
3.793699999999999850e+00
3.626500000000000057e+00
3.522400000000000198e+00
3.860700000000000021e+00
3.801000000000000156e+00
3.893200000000000216e+00
3.893200000000000216e+00
3.522400000000000198e+00
