6.441799999999999748e+00
6.219400000000000261e+00
5.326600000000000001e+00
4.973300000000000054e+00
4.381700000000000372e+00
3.993300000000000072e+00
3.477100000000000080e+00
3.460599999999999898e+00
3.398400000000000087e+00
3.402899999999999814e+00
3.518899999999999917e+00
3.425899999999999945e+00
3.279500000000000082e+00
3.279500000000000082e+00
3.279500000000000082e+00
3.451200000000000045e+00
3.517199999999999882e+00
3.624699999999999811e+00
3.624699999999999811e+00
3.279500000000000082e+00
3.624699999999999811e+00
3.302700000000000191e+00
3.279500000000000082e+00
3.502099999999999991e+00
3.279500000000000082e+00
3.279500000000000082e+00
3.401299999999999990e+00
3.279500000000000082e+00
3.362000000000000099e+00
3.624699999999999811e+00
3.566100000000000048e+00
3.343999999999999861e+00
3.446400000000000130e+00
3.279500000000000082e+00
3.624699999999999811e+00
3.485500000000000043e+00
3.394699999999999829e+00
3.505999999999999783e+00
3.519899999999999807e+00
3.279500000000000082e+00
3.279500000000000082e+00
3.279500000000000082e+00
3.385800000000000143e+00
3.321499999999999897e+00
3.570600000000000218e+00
3.396999999999999797e+00
3.440300000000000136e+00
3.553599999999999870e+00
3.431400000000000006e+00
3.279500000000000082e+00
3.624699999999999811e+00
3.498400000000000176e+00
3.491699999999999804e+00
3.522699999999999942e+00
3.279500000000000082e+00
3.551800000000000068e+00
3.624699999999999811e+00
3.624699999999999811e+00
3.575499999999999901e+00
3.459099999999999842e+00
3.484399999999999942e+00
3.624699999999999811e+00
3.532399999999999984e+00
3.592400000000000038e+00
3.624699999999999811e+00
3.624699999999999811e+00
3.506600000000000161e+00
3.548200000000000021e+00
3.624699999999999811e+00
3.587200000000000166e+00
3.525399999999999867e+00
3.454800000000000093e+00
3.461500000000000021e+00
3.279500000000000082e+00
3.624699999999999811e+00
3.437600000000000211e+00
3.616400000000000059e+00
3.481599999999999806e+00
3.624699999999999811e+00
3.279500000000000082e+00
3.300100000000000033e+00
3.439599999999999991e+00
3.507299999999999862e+00
3.611299999999999955e+00
3.279500000000000082e+00
3.279500000000000082e+00
3.624699999999999811e+00
3.479099999999999859e+00
3.556900000000000173e+00
3.524900000000000144e+00
3.370000000000000107e+00
3.362999999999999989e+00
3.624699999999999811e+00
3.414899999999999824e+00
3.279500000000000082e+00
3.279500000000000082e+00
3.279500000000000082e+00
3.594700000000000006e+00
3.467900000000000205e+00
3.454400000000000137e+00
