1.238620000000000054e+01
1.237529999999999930e+01
1.066360000000000063e+01
1.055519999999999925e+01
1.031439999999999912e+01
9.889499999999999957e+00
9.767699999999999605e+00
8.901999999999999247e+00
8.605900000000000105e+00
8.136400000000000077e+00
7.940199999999999925e+00
7.880700000000000038e+00
7.631400000000000183e+00
7.326800000000000423e+00
6.877600000000000158e+00
6.855400000000000382e+00
6.730400000000000382e+00
7.419500000000000206e+00
7.355199999999999960e+00
7.233200000000000074e+00
7.374299999999999855e+00
6.712799999999999656e+00
7.061300000000000132e+00
6.956100000000000172e+00
6.902999999999999581e+00
7.419500000000000206e+00
7.250799999999999912e+00
7.275100000000000122e+00
7.085200000000000387e+00
6.712799999999999656e+00
6.971599999999999575e+00
6.712799999999999656e+00
7.168899999999999828e+00
6.743599999999999817e+00
7.150800000000000267e+00
7.419500000000000206e+00
6.800600000000000200e+00
7.147300000000000431e+00
7.419500000000000206e+00
7.419500000000000206e+00
7.320400000000000240e+00
7.419500000000000206e+00
7.419500000000000206e+00
7.141399999999999970e+00
6.713799999999999990e+00
7.084500000000000242e+00
7.419500000000000206e+00
6.712799999999999656e+00
7.109600000000000364e+00
6.932999999999999829e+00
7.172900000000000276e+00
6.712799999999999656e+00
7.084500000000000242e+00
6.712799999999999656e+00
6.913400000000000212e+00
7.021799999999999820e+00
6.851099999999999746e+00
7.216800000000000104e+00
6.712799999999999656e+00
6.988599999999999923e+00
7.114200000000000301e+00
6.980599999999999916e+00
6.928300000000000125e+00
6.895699999999999719e+00
6.975699999999999790e+00
6.712799999999999656e+00
7.364600000000000257e+00
7.040000000000000036e+00
6.748000000000000220e+00
7.076200000000000045e+00
6.712799999999999656e+00
6.925399999999999778e+00
7.201800000000000423e+00
6.712799999999999656e+00
6.712799999999999656e+00
6.915199999999999569e+00
6.712799999999999656e+00
7.046899999999999942e+00
6.712799999999999656e+00
7.098200000000000287e+00
6.854099999999999859e+00
7.419500000000000206e+00
7.335200000000000387e+00
7.356099999999999639e+00
6.741399999999999615e+00
6.851600000000000357e+00
7.011999999999999567e+00
6.977299999999999613e+00
6.712799999999999656e+00
6.940199999999999925e+00
7.117099999999999760e+00
7.119799999999999685e+00
7.001699999999999591e+00
7.419500000000000206e+00
6.929800000000000182e+00
7.419500000000000206e+00
7.306400000000000006e+00
6.875799999999999912e+00
7.316499999999999559e+00
6.712799999999999656e+00
