1.248930000000000007e+01
1.202360000000000007e+01
1.104080000000000084e+01
1.156300000000000061e+01
1.120330000000000048e+01
1.111989999999999945e+01
1.080020000000000024e+01
1.015440000000000076e+01
1.022259999999999991e+01
9.213900000000000645e+00
9.383100000000000662e+00
9.192600000000000549e+00
8.519800000000000040e+00
8.399599999999999511e+00
8.849399999999999267e+00
8.850699999999999790e+00
7.905100000000000016e+00
8.269500000000000739e+00
8.424599999999999866e+00
8.136699999999999378e+00
8.373100000000000875e+00
7.934400000000000119e+00
7.823299999999999699e+00
7.671800000000000175e+00
8.091699999999999449e+00
7.785800000000000054e+00
8.479400000000000048e+00
8.479400000000000048e+00
7.725500000000000256e+00
7.949799999999999756e+00
8.269999999999999574e+00
8.191800000000000637e+00
8.479400000000000048e+00
7.671800000000000175e+00
8.180199999999999250e+00
8.153700000000000614e+00
8.479400000000000048e+00
7.871599999999999930e+00
8.459600000000000009e+00
8.106600000000000250e+00
7.687599999999999767e+00
8.198900000000000077e+00
7.671800000000000175e+00
7.886199999999999655e+00
7.803200000000000358e+00
7.836500000000000021e+00
7.699200000000000266e+00
7.756599999999999717e+00
7.671800000000000175e+00
7.742300000000000182e+00
8.191900000000000404e+00
7.966899999999999871e+00
8.168599999999999639e+00
7.922500000000000320e+00
7.685500000000000220e+00
7.803799999999999848e+00
7.910599999999999632e+00
7.936899999999999622e+00
8.095200000000000173e+00
8.105199999999999960e+00
8.108599999999999142e+00
7.675200000000000244e+00
8.230199999999999960e+00
8.172800000000000509e+00
7.884599999999999831e+00
7.831000000000000405e+00
8.320600000000000662e+00
8.234600000000000364e+00
7.671800000000000175e+00
8.211299999999999599e+00
7.671800000000000175e+00
8.112800000000000011e+00
7.772100000000000009e+00
8.479400000000000048e+00
8.303599999999999426e+00
8.096199999999999619e+00
8.108900000000000219e+00
8.296099999999999142e+00
8.105299999999999727e+00
8.302699999999999747e+00
7.730999999999999872e+00
8.177799999999999514e+00
7.671800000000000175e+00
8.405099999999999127e+00
7.770199999999999996e+00
8.277799999999999159e+00
8.358200000000000074e+00
8.262800000000000367e+00
7.863999999999999879e+00
7.691200000000000259e+00
7.698999999999999844e+00
8.479400000000000048e+00
8.295899999999999608e+00
7.716499999999999915e+00
7.671800000000000175e+00
7.996500000000000163e+00
7.947300000000000253e+00
8.250700000000000145e+00
7.895500000000000185e+00
8.322699999999999321e+00
