1.237899999999999956e+01
1.192600000000000016e+01
1.113780000000000037e+01
1.121540000000000070e+01
1.042350000000000065e+01
1.039310000000000045e+01
1.087470000000000070e+01
9.571099999999999497e+00
1.025420000000000087e+01
9.191000000000000725e+00
9.708099999999999952e+00
8.661799999999999500e+00
8.475099999999999412e+00
8.389699999999999491e+00
8.516500000000000625e+00
8.367100000000000648e+00
8.520500000000000185e+00
8.351000000000000867e+00
8.399499999999999744e+00
8.048000000000000043e+00
8.174200000000000799e+00
7.744200000000000195e+00
8.290499999999999758e+00
8.087400000000000588e+00
7.977199999999999847e+00
8.281499999999999417e+00
8.018900000000000361e+00
7.492799999999999905e+00
7.755099999999999660e+00
8.281499999999999417e+00
8.281499999999999417e+00
8.281499999999999417e+00
7.595600000000000129e+00
7.907700000000000173e+00
7.492799999999999905e+00
7.492799999999999905e+00
7.735899999999999999e+00
8.281499999999999417e+00
7.832799999999999763e+00
7.937800000000000189e+00
7.908900000000000041e+00
8.281499999999999417e+00
7.665700000000000180e+00
7.492799999999999905e+00
7.846300000000000274e+00
7.867499999999999716e+00
7.713700000000000223e+00
7.683699999999999974e+00
8.151099999999999568e+00
8.071199999999999264e+00
7.492799999999999905e+00
7.492799999999999905e+00
7.492799999999999905e+00
8.119300000000000850e+00
8.281499999999999417e+00
7.732899999999999885e+00
7.492799999999999905e+00
8.099999999999999645e+00
7.854899999999999771e+00
7.492799999999999905e+00
7.759699999999999598e+00
8.167999999999999261e+00
7.492799999999999905e+00
7.492799999999999905e+00
7.616699999999999804e+00
8.140599999999999170e+00
8.037599999999999412e+00
7.738500000000000156e+00
7.673099999999999810e+00
8.281499999999999417e+00
8.030400000000000205e+00
8.034100000000000463e+00
8.232200000000000628e+00
7.644499999999999851e+00
7.815199999999999925e+00
7.910899999999999821e+00
8.281499999999999417e+00
8.281499999999999417e+00
8.092999999999999972e+00
7.492799999999999905e+00
7.934199999999999697e+00
7.736699999999999910e+00
8.281499999999999417e+00
7.492799999999999905e+00
8.281499999999999417e+00
7.639999999999999680e+00
8.012499999999999289e+00
7.492799999999999905e+00
8.139599999999999724e+00
8.055199999999999250e+00
7.704900000000000304e+00
8.199299999999999145e+00
7.492799999999999905e+00
7.947099999999999831e+00
8.281499999999999417e+00
7.555200000000000138e+00
7.492799999999999905e+00
7.765299999999999869e+00
7.684599999999999653e+00
8.281499999999999417e+00
