1.181150000000000055e+01
1.241890000000000072e+01
1.125270000000000081e+01
1.099900000000000055e+01
1.152260000000000062e+01
1.118709999999999916e+01
1.015779999999999994e+01
1.020110000000000028e+01
9.846899999999999764e+00
9.055600000000000094e+00
9.755100000000000549e+00
8.611399999999999721e+00
8.931900000000000617e+00
8.226399999999999935e+00
8.306300000000000239e+00
7.911299999999999777e+00
7.950999999999999623e+00
8.099399999999999267e+00
7.567599999999999660e+00
7.426899999999999835e+00
7.860800000000000232e+00
7.995599999999999596e+00
7.426999999999999602e+00
7.934700000000000308e+00
7.922299999999999898e+00
7.341300000000000381e+00
7.508700000000000152e+00
7.658000000000000362e+00
7.410599999999999632e+00
7.814600000000000435e+00
7.594199999999999839e+00
7.231300000000000061e+00
7.504999999999999893e+00
7.160400000000000098e+00
7.224300000000000388e+00
7.629599999999999937e+00
7.360400000000000276e+00
7.289500000000000313e+00
7.816200000000000259e+00
7.748700000000000365e+00
7.357999999999999652e+00
7.914100000000000357e+00
7.160400000000000098e+00
7.914100000000000357e+00
7.160400000000000098e+00
7.658100000000000129e+00
7.914100000000000357e+00
7.474899999999999878e+00
7.740499999999999936e+00
7.160400000000000098e+00
7.590200000000000280e+00
7.511800000000000033e+00
7.738000000000000433e+00
7.914100000000000357e+00
7.914100000000000357e+00
7.160400000000000098e+00
7.234600000000000364e+00
7.160400000000000098e+00
7.703999999999999737e+00
7.218700000000000117e+00
7.160400000000000098e+00
7.502299999999999969e+00
7.444700000000000095e+00
7.463099999999999845e+00
7.914100000000000357e+00
7.820599999999999774e+00
7.677299999999999791e+00
7.739200000000000301e+00
7.791699999999999626e+00
7.302800000000000402e+00
7.160400000000000098e+00
7.858900000000000219e+00
7.816300000000000026e+00
7.160400000000000098e+00
7.775900000000000034e+00
7.160400000000000098e+00
7.545300000000000118e+00
7.914100000000000357e+00
7.914100000000000357e+00
7.352100000000000080e+00
7.829699999999999882e+00
7.805299999999999905e+00
7.160400000000000098e+00
7.769999999999999574e+00
7.652400000000000091e+00
7.160400000000000098e+00
7.873099999999999987e+00
7.442400000000000126e+00
7.396399999999999864e+00
7.244799999999999685e+00
7.348300000000000054e+00
7.498000000000000220e+00
7.160400000000000098e+00
7.527400000000000091e+00
7.566499999999999559e+00
7.225299999999999834e+00
7.838799999999999990e+00
7.914100000000000357e+00
7.189000000000000057e+00
7.171000000000000263e+00
