1.229139999999999944e+01
1.137040000000000006e+01
1.182510000000000083e+01
1.172460000000000058e+01
1.134280000000000044e+01
1.098719999999999963e+01
1.065809999999999924e+01
9.597899999999999210e+00
9.706500000000000128e+00
9.828500000000000014e+00
9.527100000000000790e+00
8.819000000000000838e+00
9.120599999999999596e+00
9.091200000000000614e+00
8.426399999999999224e+00
8.880499999999999616e+00
8.124700000000000699e+00
8.417500000000000426e+00
8.343400000000000816e+00
8.385500000000000398e+00
8.630100000000000549e+00
8.170899999999999608e+00
8.450300000000000367e+00
7.950199999999999712e+00
8.681300000000000239e+00
8.762000000000000455e+00
8.173299999999999343e+00
7.927500000000000213e+00
8.195299999999999585e+00
8.762000000000000455e+00
8.762000000000000455e+00
7.927500000000000213e+00
8.273899999999999366e+00
8.762000000000000455e+00
7.927500000000000213e+00
8.443300000000000693e+00
8.640900000000000247e+00
8.162399999999999878e+00
8.150399999999999423e+00
8.179999999999999716e+00
8.567500000000000782e+00
8.762000000000000455e+00
8.195499999999999119e+00
7.927500000000000213e+00
8.762000000000000455e+00
8.762000000000000455e+00
7.989899999999999558e+00
8.444000000000000838e+00
8.761200000000000543e+00
8.095100000000000406e+00
8.275999999999999801e+00
8.475300000000000722e+00
8.762000000000000455e+00
7.927500000000000213e+00
8.179399999999999338e+00
7.927500000000000213e+00
8.762000000000000455e+00
7.927500000000000213e+00
8.762000000000000455e+00
8.696099999999999497e+00
8.383399999999999963e+00
8.747199999999999420e+00
8.256800000000000139e+00
7.927500000000000213e+00
8.538999999999999702e+00
8.646000000000000796e+00
8.445499999999999119e+00
8.762000000000000455e+00
8.762000000000000455e+00
8.196699999999999875e+00
7.927500000000000213e+00
8.762000000000000455e+00
7.927500000000000213e+00
7.927500000000000213e+00
8.337999999999999190e+00
8.269600000000000506e+00
8.239399999999999835e+00
8.096799999999999997e+00
7.927500000000000213e+00
7.927500000000000213e+00
8.743199999999999861e+00
8.510400000000000631e+00
8.685100000000000264e+00
8.198399999999999466e+00
8.079599999999999227e+00
8.061400000000000787e+00
7.927500000000000213e+00
8.484199999999999520e+00
8.593700000000000117e+00
8.384900000000000020e+00
8.762000000000000455e+00
8.762000000000000455e+00
8.762000000000000455e+00
8.152900000000000702e+00
8.003600000000000492e+00
8.619699999999999918e+00
8.477700000000000458e+00
8.375999999999999446e+00
8.762000000000000455e+00
8.094699999999999562e+00
