1.241799999999999926e+01
1.219449999999999967e+01
1.121620000000000061e+01
1.171340000000000003e+01
1.152439999999999998e+01
1.037860000000000049e+01
1.086860000000000070e+01
9.747999999999999332e+00
9.640100000000000335e+00
9.743199999999999861e+00
9.272100000000000009e+00
9.508200000000000429e+00
8.813800000000000523e+00
8.776400000000000645e+00
8.622500000000000497e+00
8.220399999999999707e+00
8.383499999999999730e+00
8.595100000000000406e+00
8.579299999999999926e+00
7.748300000000000409e+00
8.332900000000000418e+00
7.831000000000000405e+00
8.479400000000000048e+00
7.879400000000000404e+00
8.479400000000000048e+00
7.671800000000000175e+00
7.671800000000000175e+00
7.798199999999999577e+00
8.479400000000000048e+00
7.671800000000000175e+00
8.228500000000000369e+00
7.745400000000000063e+00
8.054299999999999571e+00
8.252800000000000580e+00
8.291100000000000136e+00
8.479400000000000048e+00
8.252000000000000668e+00
7.774000000000000021e+00
8.119500000000000384e+00
8.165399999999999991e+00
8.479400000000000048e+00
8.314399999999999125e+00
8.194499999999999673e+00
8.285299999999999443e+00
8.479400000000000048e+00
7.671800000000000175e+00
7.671800000000000175e+00
8.095800000000000551e+00
8.161599999999999966e+00
8.113899999999999224e+00
8.479400000000000048e+00
7.675900000000000389e+00
7.671800000000000175e+00
7.781200000000000117e+00
8.369999999999999218e+00
7.805600000000000094e+00
8.479400000000000048e+00
8.187400000000000233e+00
8.168799999999999173e+00
8.315799999999999415e+00
7.901900000000000368e+00
8.388500000000000512e+00
7.725600000000000023e+00
8.360900000000000887e+00
8.190899999999999181e+00
8.272500000000000853e+00
7.820999999999999730e+00
8.260999999999999233e+00
8.346299999999999386e+00
7.671800000000000175e+00
8.265100000000000335e+00
7.671800000000000175e+00
8.479400000000000048e+00
8.316900000000000404e+00
8.294600000000000861e+00
7.749699999999999811e+00
8.429000000000000270e+00
8.213400000000000034e+00
8.238899999999999224e+00
7.685200000000000031e+00
7.671800000000000175e+00
8.479400000000000048e+00
8.146399999999999864e+00
7.865899999999999892e+00
8.002100000000000435e+00
7.671800000000000175e+00
8.479400000000000048e+00
8.479400000000000048e+00
8.050700000000000855e+00
8.285099999999999909e+00
7.694499999999999673e+00
7.671800000000000175e+00
8.366199999999999193e+00
8.479400000000000048e+00
8.479400000000000048e+00
7.919900000000000162e+00
8.094900000000000873e+00
8.479400000000000048e+00
8.479400000000000048e+00
7.943299999999999805e+00
