1.194909999999999961e+01
1.162500000000000000e+01
1.177609999999999957e+01
1.158939999999999948e+01
1.078850000000000087e+01
1.065199999999999925e+01
9.394999999999999574e+00
9.078300000000000480e+00
9.567299999999999471e+00
8.976100000000000634e+00
8.977700000000000458e+00
8.893299999999999983e+00
7.957900000000000418e+00
8.067099999999999937e+00
7.518600000000000172e+00
8.136799999999999145e+00
7.825499999999999901e+00
7.751000000000000334e+00
7.512400000000000411e+00
7.108200000000000074e+00
7.704600000000000115e+00
7.243800000000000239e+00
7.254800000000000360e+00
7.479400000000000048e+00
7.843399999999999928e+00
7.537600000000000300e+00
7.812999999999999723e+00
7.770500000000000185e+00
7.785400000000000098e+00
7.404200000000000337e+00
7.211500000000000021e+00
7.481600000000000250e+00
7.843399999999999928e+00
7.240999999999999659e+00
7.441300000000000026e+00
7.096400000000000041e+00
7.298799999999999955e+00
7.217900000000000205e+00
7.096400000000000041e+00
7.267400000000000304e+00
7.096400000000000041e+00
7.843399999999999928e+00
7.329399999999999693e+00
7.468799999999999883e+00
7.096400000000000041e+00
7.163599999999999746e+00
7.595399999999999707e+00
7.176700000000000301e+00
7.532000000000000028e+00
7.096400000000000041e+00
7.591700000000000337e+00
7.114099999999999646e+00
7.096400000000000041e+00
7.221000000000000085e+00
7.843399999999999928e+00
7.758399999999999963e+00
7.843399999999999928e+00
7.463499999999999801e+00
7.142100000000000115e+00
7.586000000000000298e+00
7.616799999999999571e+00
7.667799999999999727e+00
7.096400000000000041e+00
7.214999999999999858e+00
7.328700000000000436e+00
7.843399999999999928e+00
7.224000000000000199e+00
7.650999999999999801e+00
7.253899999999999793e+00
7.198299999999999699e+00
7.474099999999999966e+00
7.383499999999999730e+00
7.384299999999999642e+00
7.494699999999999918e+00
7.701800000000000423e+00
7.593600000000000350e+00
7.326500000000000234e+00
7.834500000000000242e+00
7.843399999999999928e+00
7.361299999999999955e+00
7.464199999999999946e+00
7.169900000000000162e+00
7.307999999999999829e+00
7.487000000000000099e+00
7.096400000000000041e+00
7.096400000000000041e+00
7.480000000000000426e+00
7.421199999999999797e+00
7.419599999999999973e+00
7.604899999999999771e+00
7.501000000000000334e+00
7.280899999999999928e+00
7.600100000000000300e+00
7.687299999999999578e+00
7.585099999999999731e+00
7.570299999999999585e+00
7.571299999999999919e+00
7.514199999999999768e+00
7.374299999999999855e+00
7.669999999999999929e+00
