1.302810000000000024e+01
1.144469999999999921e+01
1.160890000000000022e+01
1.132310000000000016e+01
1.110580000000000034e+01
1.117629999999999946e+01
1.010139999999999993e+01
1.027439999999999998e+01
9.511300000000000310e+00
9.646399999999999864e+00
8.989699999999999136e+00
9.470900000000000318e+00
8.598100000000000520e+00
8.796300000000000452e+00
8.486800000000000566e+00
8.115500000000000824e+00
8.822900000000000631e+00
8.531800000000000495e+00
8.231099999999999639e+00
8.205799999999999983e+00
7.699300000000000033e+00
8.202500000000000568e+00
8.065500000000000114e+00
7.444099999999999717e+00
7.622399999999999842e+00
7.842399999999999594e+00
8.196699999999999875e+00
8.196699999999999875e+00
8.196699999999999875e+00
7.476600000000000357e+00
8.139300000000000423e+00
8.196699999999999875e+00
8.196699999999999875e+00
7.681000000000000050e+00
7.740800000000000125e+00
8.180099999999999483e+00
7.919200000000000017e+00
8.196699999999999875e+00
7.940699999999999648e+00
7.599700000000000344e+00
8.139599999999999724e+00
8.044700000000000628e+00
7.808799999999999741e+00
8.196699999999999875e+00
8.196699999999999875e+00
8.088900000000000645e+00
8.196699999999999875e+00
7.923199999999999577e+00
8.179299999999999571e+00
7.883300000000000196e+00
7.416100000000000136e+00
8.063100000000000378e+00
7.416100000000000136e+00
8.057399999999999451e+00
7.416100000000000136e+00
7.980699999999999683e+00
7.504100000000000215e+00
7.621299999999999741e+00
7.552500000000000213e+00
7.990099999999999980e+00
7.416100000000000136e+00
7.964500000000000135e+00
7.692899999999999849e+00
7.416100000000000136e+00
8.196699999999999875e+00
7.855000000000000426e+00
7.719500000000000028e+00
7.416100000000000136e+00
7.416100000000000136e+00
7.416100000000000136e+00
7.435999999999999943e+00
7.768099999999999561e+00
8.095399999999999707e+00
8.033300000000000551e+00
8.084400000000000475e+00
7.650900000000000034e+00
8.196699999999999875e+00
8.196699999999999875e+00
7.846599999999999575e+00
7.416100000000000136e+00
7.924500000000000099e+00
7.969199999999999839e+00
7.731600000000000250e+00
7.787200000000000344e+00
7.483999999999999986e+00
7.416100000000000136e+00
7.884699999999999598e+00
7.460099999999999731e+00
8.196699999999999875e+00
8.053499999999999659e+00
8.196699999999999875e+00
7.824399999999999800e+00
7.643399999999999750e+00
7.733200000000000074e+00
8.196699999999999875e+00
7.998999999999999666e+00
7.925799999999999734e+00
8.016600000000000392e+00
8.172900000000000276e+00
8.164999999999999147e+00
