1.217469999999999963e+01
1.160060000000000002e+01
1.084009999999999962e+01
1.108259999999999934e+01
1.038230000000000075e+01
1.011030000000000051e+01
9.092499999999999361e+00
9.669000000000000483e+00
8.433699999999999974e+00
8.504300000000000637e+00
8.056100000000000705e+00
7.990700000000000358e+00
7.513799999999999812e+00
7.310900000000000176e+00
7.217500000000000249e+00
7.679199999999999804e+00
7.732999999999999652e+00
6.951600000000000001e+00
7.333300000000000374e+00
7.666800000000000281e+00
7.666800000000000281e+00
7.147199999999999775e+00
7.640100000000000335e+00
7.666800000000000281e+00
7.666800000000000281e+00
7.637299999999999756e+00
7.224700000000000344e+00
6.936600000000000321e+00
6.936600000000000321e+00
7.064600000000000435e+00
7.666800000000000281e+00
7.314199999999999591e+00
7.666800000000000281e+00
7.235100000000000087e+00
6.936600000000000321e+00
6.936600000000000321e+00
7.647199999999999775e+00
7.553499999999999659e+00
7.227000000000000313e+00
7.455499999999999794e+00
7.520699999999999719e+00
7.320000000000000284e+00
6.944799999999999862e+00
6.936600000000000321e+00
6.936600000000000321e+00
7.397499999999999964e+00
7.543599999999999639e+00
6.950599999999999667e+00
7.147000000000000242e+00
7.480100000000000193e+00
7.252100000000000435e+00
7.419900000000000162e+00
6.936600000000000321e+00
7.306300000000000239e+00
7.561200000000000365e+00
6.976899999999999658e+00
7.666800000000000281e+00
7.666800000000000281e+00
6.936600000000000321e+00
7.666800000000000281e+00
7.477599999999999802e+00
7.666800000000000281e+00
7.259800000000000253e+00
7.250200000000000422e+00
6.936600000000000321e+00
7.144800000000000040e+00
7.465900000000000425e+00
6.936600000000000321e+00
7.329200000000000159e+00
7.386899999999999800e+00
7.368900000000000006e+00
7.589699999999999669e+00
7.461700000000000443e+00
7.635600000000000165e+00
7.666800000000000281e+00
7.400000000000000355e+00
7.201900000000000190e+00
7.115999999999999659e+00
6.936600000000000321e+00
7.468899999999999650e+00
7.042399999999999771e+00
7.503300000000000303e+00
7.413499999999999979e+00
6.936600000000000321e+00
7.403200000000000003e+00
7.666800000000000281e+00
7.666800000000000281e+00
7.666800000000000281e+00
6.938100000000000378e+00
7.460700000000000109e+00
6.959800000000000431e+00
7.666800000000000281e+00
7.666800000000000281e+00
7.136199999999999655e+00
7.666800000000000281e+00
7.026299999999999990e+00
7.123899999999999899e+00
7.197600000000000442e+00
6.936600000000000321e+00
7.473799999999999777e+00
