1.302810000000000024e+01
1.186040000000000028e+01
1.187240000000000073e+01
1.111640000000000050e+01
1.084970000000000034e+01
1.059580000000000055e+01
9.777100000000000790e+00
9.236299999999999955e+00
9.338800000000000878e+00
9.168599999999999639e+00
8.657099999999999795e+00
8.021800000000000708e+00
8.638400000000000745e+00
8.074600000000000222e+00
7.679499999999999993e+00
8.049099999999999255e+00
7.614300000000000068e+00
8.170400000000000773e+00
8.283500000000000085e+00
8.275100000000000122e+00
8.390000000000000568e+00
8.415800000000000836e+00
8.415800000000000836e+00
8.415800000000000836e+00
7.614300000000000068e+00
8.306400000000000006e+00
8.297299999999999898e+00
7.695500000000000007e+00
8.101499999999999702e+00
8.225799999999999557e+00
8.288800000000000168e+00
7.614300000000000068e+00
8.415800000000000836e+00
7.790099999999999802e+00
7.614300000000000068e+00
8.415800000000000836e+00
8.040100000000000691e+00
7.680600000000000094e+00
7.614300000000000068e+00
8.415800000000000836e+00
7.896499999999999631e+00
7.614300000000000068e+00
7.614300000000000068e+00
7.614300000000000068e+00
8.040800000000000836e+00
8.186799999999999855e+00
7.707699999999999996e+00
8.240199999999999747e+00
7.861399999999999721e+00
8.415800000000000836e+00
7.867799999999999905e+00
8.123699999999999477e+00
8.415800000000000836e+00
8.023600000000000065e+00
8.264900000000000801e+00
7.797699999999999854e+00
8.415800000000000836e+00
8.213400000000000034e+00
7.993199999999999861e+00
7.958199999999999719e+00
7.809499999999999886e+00
8.085499999999999687e+00
7.614300000000000068e+00
7.874799999999999578e+00
8.276199999999999335e+00
8.151199999999999335e+00
7.879199999999999982e+00
8.094300000000000495e+00
7.614300000000000068e+00
7.614300000000000068e+00
8.165800000000000836e+00
7.774600000000000399e+00
8.415800000000000836e+00
8.290900000000000603e+00
8.415800000000000836e+00
8.032000000000000028e+00
8.329499999999999460e+00
8.415800000000000836e+00
8.415800000000000836e+00
7.614300000000000068e+00
8.035800000000000054e+00
8.105399999999999494e+00
7.727100000000000080e+00
8.135600000000000165e+00
8.182100000000000151e+00
8.015399999999999636e+00
8.048000000000000043e+00
7.614300000000000068e+00
8.415800000000000836e+00
8.395099999999999341e+00
7.833199999999999719e+00
8.189000000000000057e+00
8.313299999999999912e+00
7.973099999999999632e+00
7.614300000000000068e+00
8.415800000000000836e+00
7.633099999999999774e+00
8.415800000000000836e+00
8.415800000000000836e+00
7.614300000000000068e+00
