1.178739999999999988e+01
1.208210000000000051e+01
1.095679999999999943e+01
1.057429999999999914e+01
1.117210000000000036e+01
9.874900000000000233e+00
1.053659999999999997e+01
9.832300000000000040e+00
9.935999999999999943e+00
9.405200000000000671e+00
8.881399999999999295e+00
8.301299999999999457e+00
8.969799999999999329e+00
8.788600000000000634e+00
8.401400000000000645e+00
8.190300000000000580e+00
7.669800000000000395e+00
7.893200000000000216e+00
7.810699999999999754e+00
7.595399999999999707e+00
7.646799999999999820e+00
8.023899999999999366e+00
8.161500000000000199e+00
8.196699999999999875e+00
7.905700000000000394e+00
7.827499999999999680e+00
7.991900000000000226e+00
7.416100000000000136e+00
7.416100000000000136e+00
7.416100000000000136e+00
8.196699999999999875e+00
8.193799999999999528e+00
7.454600000000000115e+00
7.927800000000000402e+00
7.573500000000000121e+00
8.030499999999999972e+00
7.517699999999999605e+00
7.626900000000000013e+00
7.521200000000000330e+00
8.196699999999999875e+00
7.531399999999999650e+00
7.763200000000000323e+00
7.416100000000000136e+00
7.673199999999999577e+00
7.416100000000000136e+00
7.533699999999999619e+00
7.715200000000000280e+00
7.416100000000000136e+00
7.762100000000000222e+00
7.789399999999999658e+00
8.196699999999999875e+00
8.196699999999999875e+00
7.943699999999999761e+00
8.196699999999999875e+00
8.111100000000000421e+00
7.500600000000000378e+00
7.603699999999999903e+00
7.416100000000000136e+00
8.046400000000000219e+00
7.958499999999999908e+00
7.416100000000000136e+00
7.416100000000000136e+00
7.480599999999999916e+00
8.196699999999999875e+00
7.988400000000000389e+00
7.895100000000000229e+00
7.864700000000000024e+00
8.196699999999999875e+00
8.056200000000000472e+00
7.714000000000000412e+00
7.641099999999999781e+00
8.196699999999999875e+00
8.147500000000000853e+00
7.883700000000000152e+00
7.416100000000000136e+00
8.196699999999999875e+00
7.678399999999999892e+00
7.965600000000000236e+00
8.170600000000000307e+00
7.416100000000000136e+00
7.416100000000000136e+00
7.821299999999999919e+00
7.416100000000000136e+00
7.888499999999999623e+00
8.192199999999999704e+00
7.462299999999999933e+00
7.494100000000000428e+00
7.654700000000000060e+00
7.680200000000000138e+00
7.559999999999999609e+00
8.196699999999999875e+00
7.416100000000000136e+00
7.712399999999999700e+00
8.196699999999999875e+00
8.196699999999999875e+00
8.117900000000000560e+00
7.416100000000000136e+00
7.863599999999999923e+00
7.416100000000000136e+00
7.969299999999999606e+00
