1.180889999999999951e+01
1.135919999999999952e+01
1.133450000000000024e+01
1.116569999999999929e+01
1.043960000000000043e+01
1.047569999999999979e+01
1.040109999999999957e+01
1.005349999999999966e+01
9.582000000000000739e+00
9.561799999999999855e+00
8.402300000000000324e+00
8.319200000000000372e+00
8.405400000000000205e+00
8.330099999999999838e+00
7.955099999999999838e+00
8.123699999999999477e+00
7.528400000000000425e+00
7.977199999999999847e+00
7.387299999999999756e+00
7.709800000000000431e+00
7.571299999999999919e+00
6.978500000000000369e+00
7.245499999999999829e+00
7.702099999999999724e+00
7.001999999999999780e+00
7.685200000000000031e+00
7.628599999999999604e+00
7.702099999999999724e+00
7.017999999999999794e+00
6.968600000000000350e+00
7.462100000000000399e+00
7.473600000000000243e+00
6.968600000000000350e+00
6.970500000000000362e+00
6.990300000000000402e+00
7.198699999999999655e+00
7.702099999999999724e+00
7.702099999999999724e+00
6.968600000000000350e+00
7.231700000000000017e+00
7.324699999999999989e+00
7.702099999999999724e+00
7.702099999999999724e+00
7.702099999999999724e+00
7.218300000000000161e+00
6.968600000000000350e+00
7.220600000000000129e+00
7.411999999999999922e+00
7.702099999999999724e+00
6.968600000000000350e+00
6.968600000000000350e+00
7.682699999999999640e+00
6.968600000000000350e+00
7.317899999999999849e+00
7.537700000000000067e+00
7.702099999999999724e+00
6.968600000000000350e+00
7.416999999999999815e+00
7.494399999999999729e+00
7.253099999999999881e+00
7.702099999999999724e+00
7.419800000000000395e+00
7.220100000000000406e+00
7.602599999999999802e+00
7.702099999999999724e+00
7.085300000000000153e+00
7.163000000000000256e+00
7.550200000000000244e+00
7.622700000000000031e+00
7.341700000000000337e+00
7.345799999999999663e+00
7.664799999999999613e+00
7.299900000000000055e+00
7.032399999999999984e+00
7.355299999999999727e+00
7.307100000000000151e+00
7.437700000000000422e+00
7.702099999999999724e+00
7.157399999999999984e+00
7.184400000000000119e+00
7.503300000000000303e+00
7.561399999999999899e+00
7.648299999999999876e+00
7.544200000000000017e+00
7.216199999999999726e+00
7.357800000000000118e+00
7.128099999999999881e+00
6.997300000000000075e+00
7.141499999999999737e+00
7.537099999999999689e+00
6.975900000000000212e+00
7.606600000000000250e+00
6.974800000000000111e+00
6.968600000000000350e+00
7.481700000000000017e+00
7.702099999999999724e+00
7.214100000000000179e+00
7.536100000000000243e+00
7.291699999999999626e+00
7.702099999999999724e+00
