1.178739999999999988e+01
1.192159999999999975e+01
1.190600000000000058e+01
1.050339999999999918e+01
1.118709999999999916e+01
1.079069999999999929e+01
9.759499999999999176e+00
9.243299999999999628e+00
9.755100000000000549e+00
9.209500000000000242e+00
8.362899999999999778e+00
8.727199999999999847e+00
7.900699999999999612e+00
8.484799999999999898e+00
8.374299999999999855e+00
7.449499999999999567e+00
7.746699999999999697e+00
7.445000000000000284e+00
7.965200000000000280e+00
7.452600000000000335e+00
7.160400000000000098e+00
7.334600000000000009e+00
7.525400000000000311e+00
7.433300000000000018e+00
7.746000000000000441e+00
7.914100000000000357e+00
7.382900000000000240e+00
7.398699999999999832e+00
7.288800000000000168e+00
7.914100000000000357e+00
7.914100000000000357e+00
7.687199999999999811e+00
7.458099999999999952e+00
7.169500000000000206e+00
7.160400000000000098e+00
7.763399999999999856e+00
7.160400000000000098e+00
7.914100000000000357e+00
7.710600000000000342e+00
7.334100000000000286e+00
7.238599999999999923e+00
7.424699999999999633e+00
7.747099999999999653e+00
7.671400000000000219e+00
7.914100000000000357e+00
7.914100000000000357e+00
7.174100000000000144e+00
7.376800000000000246e+00
7.572099999999999831e+00
7.727000000000000313e+00
7.749799999999999578e+00
7.881899999999999906e+00
7.398699999999999832e+00
7.596400000000000041e+00
7.531299999999999883e+00
7.914100000000000357e+00
7.438900000000000290e+00
7.914100000000000357e+00
7.714000000000000412e+00
7.197000000000000064e+00
7.250899999999999679e+00
7.914100000000000357e+00
7.914100000000000357e+00
7.914100000000000357e+00
7.312199999999999811e+00
7.160400000000000098e+00
7.209800000000000431e+00
7.381199999999999761e+00
7.908199999999999896e+00
7.741100000000000314e+00
7.160400000000000098e+00
7.677699999999999747e+00
7.184499999999999886e+00
7.160400000000000098e+00
7.914100000000000357e+00
7.735400000000000276e+00
7.485299999999999621e+00
7.258000000000000007e+00
7.160400000000000098e+00
7.160400000000000098e+00
7.513899999999999579e+00
7.914100000000000357e+00
7.160400000000000098e+00
7.744399999999999729e+00
7.314300000000000246e+00
7.206000000000000405e+00
7.646099999999999675e+00
7.160400000000000098e+00
7.503700000000000259e+00
7.748099999999999987e+00
7.465799999999999770e+00
7.910700000000000287e+00
7.235199999999999854e+00
7.780800000000000161e+00
7.406299999999999883e+00
7.338000000000000078e+00
7.315199999999999925e+00
7.914100000000000357e+00
7.394599999999999618e+00
7.527700000000000280e+00
