1.208120000000000083e+01
1.220240000000000080e+01
1.071879999999999988e+01
1.105850000000000044e+01
1.022540000000000049e+01
9.707800000000000651e+00
9.332000000000000739e+00
9.174099999999999255e+00
8.847300000000000608e+00
8.876099999999999213e+00
8.559499999999999886e+00
8.359400000000000830e+00
8.156399999999999650e+00
7.592200000000000060e+00
7.389999999999999680e+00
7.768799999999999706e+00
6.978900000000000325e+00
7.246500000000000163e+00
7.695000000000000284e+00
7.278699999999999726e+00
7.695000000000000284e+00
7.608900000000000219e+00
7.594299999999999606e+00
7.695000000000000284e+00
7.695000000000000284e+00
7.044900000000000162e+00
7.203000000000000291e+00
7.626299999999999635e+00
7.646499999999999631e+00
6.962200000000000166e+00
7.695000000000000284e+00
7.347000000000000419e+00
7.163800000000000168e+00
7.145699999999999719e+00
7.302900000000000169e+00
7.050600000000000200e+00
7.599499999999999922e+00
7.307100000000000151e+00
7.372200000000000308e+00
7.327499999999999680e+00
7.318200000000000038e+00
7.298600000000000421e+00
7.574799999999999756e+00
7.222299999999999720e+00
7.164699999999999847e+00
7.166199999999999903e+00
6.962200000000000166e+00
7.259699999999999598e+00
7.275500000000000078e+00
7.655499999999999972e+00
7.695000000000000284e+00
7.671999999999999709e+00
7.695000000000000284e+00
7.303399999999999892e+00
6.962200000000000166e+00
7.439099999999999824e+00
7.377299999999999969e+00
7.420499999999999652e+00
7.495300000000000296e+00
7.081199999999999939e+00
7.695000000000000284e+00
7.176000000000000156e+00
7.171000000000000263e+00
7.695000000000000284e+00
7.695000000000000284e+00
6.968899999999999650e+00
7.435399999999999565e+00
7.626400000000000290e+00
7.480900000000000105e+00
7.017500000000000071e+00
6.962200000000000166e+00
7.328299999999999592e+00
7.549400000000000333e+00
7.415300000000000225e+00
7.070599999999999774e+00
7.342200000000000060e+00
7.695000000000000284e+00
7.330700000000000216e+00
6.962200000000000166e+00
6.962200000000000166e+00
6.962200000000000166e+00
7.695000000000000284e+00
7.153299999999999770e+00
7.360699999999999577e+00
7.513600000000000279e+00
7.033599999999999852e+00
7.091700000000000337e+00
7.695000000000000284e+00
7.695000000000000284e+00
7.416299999999999670e+00
7.444399999999999906e+00
7.695000000000000284e+00
7.659399999999999764e+00
7.695000000000000284e+00
7.266799999999999926e+00
7.695000000000000284e+00
7.430299999999999905e+00
6.962200000000000166e+00
6.962200000000000166e+00
6.999699999999999811e+00
