1.277810000000000024e+01
1.171059999999999945e+01
1.096449999999999925e+01
1.131370000000000076e+01
1.053369999999999962e+01
1.063640000000000008e+01
1.022250000000000014e+01
1.020659999999999989e+01
9.174500000000000099e+00
8.673500000000000654e+00
8.675599999999999312e+00
8.187200000000000699e+00
7.972199999999999953e+00
7.775800000000000267e+00
7.598099999999999632e+00
8.130399999999999849e+00
7.978399999999999714e+00
7.404899999999999594e+00
7.819200000000000372e+00
7.057500000000000107e+00
7.306600000000000428e+00
7.234799999999999898e+00
6.979300000000000281e+00
7.379900000000000126e+00
7.184199999999999697e+00
6.842600000000000016e+00
6.934499999999999886e+00
6.840700000000000003e+00
7.186700000000000088e+00
6.940199999999999925e+00
6.861399999999999721e+00
6.840700000000000003e+00
6.840700000000000003e+00
7.138499999999999623e+00
7.560800000000000409e+00
7.347199999999999953e+00
7.093399999999999928e+00
6.840700000000000003e+00
7.327399999999999913e+00
6.893699999999999939e+00
7.288400000000000212e+00
7.426099999999999923e+00
7.306499999999999773e+00
6.840700000000000003e+00
6.840700000000000003e+00
7.055200000000000138e+00
7.560800000000000409e+00
7.223399999999999821e+00
6.840700000000000003e+00
7.464199999999999946e+00
6.840700000000000003e+00
6.967900000000000205e+00
7.560800000000000409e+00
6.844599999999999795e+00
6.840700000000000003e+00
6.923700000000000188e+00
7.322000000000000064e+00
7.295600000000000307e+00
7.268900000000000361e+00
6.960600000000000342e+00
7.560800000000000409e+00
7.100900000000000212e+00
7.560800000000000409e+00
7.118800000000000239e+00
6.881300000000000416e+00
7.486699999999999910e+00
6.860000000000000320e+00
6.908599999999999852e+00
7.334699999999999775e+00
7.142699999999999605e+00
7.342800000000000438e+00
7.551599999999999646e+00
6.913400000000000212e+00
6.840700000000000003e+00
7.231399999999999828e+00
7.560800000000000409e+00
7.015799999999999592e+00
7.560800000000000409e+00
7.064899999999999736e+00
6.922799999999999621e+00
7.482000000000000206e+00
7.270500000000000185e+00
7.299699999999999633e+00
7.177200000000000024e+00
7.311700000000000088e+00
7.263600000000000279e+00
7.542099999999999582e+00
6.840700000000000003e+00
6.974800000000000111e+00
6.990000000000000213e+00
7.560800000000000409e+00
7.138700000000000045e+00
7.560800000000000409e+00
6.966499999999999915e+00
7.177200000000000024e+00
7.560800000000000409e+00
6.840700000000000003e+00
7.560800000000000409e+00
7.059099999999999930e+00
6.847999999999999865e+00
