1.302270000000000039e+01
1.220829999999999949e+01
1.170490000000000030e+01
1.075259999999999927e+01
1.153870000000000040e+01
1.121059999999999945e+01
1.010679999999999978e+01
1.044800000000000040e+01
9.348800000000000665e+00
9.409900000000000375e+00
9.688700000000000756e+00
9.578400000000000247e+00
8.780300000000000438e+00
9.224600000000000577e+00
8.944399999999999906e+00
8.905499999999999972e+00
8.073600000000000776e+00
7.832699999999999996e+00
7.744500000000000384e+00
8.428100000000000591e+00
7.616100000000000314e+00
8.373499999999999943e+00
7.874799999999999578e+00
8.092399999999999594e+00
7.543899999999999828e+00
8.337999999999999190e+00
7.854499999999999815e+00
8.147600000000000620e+00
7.993100000000000094e+00
8.157700000000000173e+00
8.135600000000000165e+00
7.543899999999999828e+00
7.717800000000000438e+00
7.543899999999999828e+00
7.543899999999999828e+00
7.785400000000000098e+00
7.990700000000000358e+00
8.012100000000000222e+00
7.825400000000000134e+00
8.121900000000000119e+00
8.308699999999999974e+00
7.623499999999999943e+00
8.018200000000000216e+00
8.337999999999999190e+00
7.543899999999999828e+00
7.840799999999999770e+00
7.804800000000000182e+00
7.994500000000000384e+00
8.277900000000000702e+00
8.077299999999999258e+00
8.196699999999999875e+00
7.739499999999999602e+00
8.337999999999999190e+00
7.657099999999999795e+00
7.862300000000000288e+00
7.750200000000000422e+00
8.237800000000000011e+00
7.589199999999999946e+00
7.549999999999999822e+00
8.337999999999999190e+00
8.071199999999999264e+00
8.322400000000000020e+00
8.337999999999999190e+00
8.337999999999999190e+00
8.337999999999999190e+00
8.337999999999999190e+00
8.337999999999999190e+00
8.337999999999999190e+00
7.543899999999999828e+00
7.995899999999999785e+00
8.337999999999999190e+00
8.022700000000000387e+00
8.121399999999999508e+00
7.897000000000000242e+00
7.971199999999999619e+00
7.951800000000000423e+00
8.184400000000000119e+00
7.993299999999999628e+00
7.543899999999999828e+00
8.256999999999999673e+00
7.543899999999999828e+00
7.796899999999999942e+00
8.170199999999999463e+00
8.337999999999999190e+00
8.248100000000000875e+00
7.960200000000000387e+00
7.900100000000000122e+00
8.138199999999999434e+00
8.337999999999999190e+00
7.860800000000000232e+00
7.676599999999999646e+00
8.337999999999999190e+00
8.213699999999999335e+00
8.337999999999999190e+00
8.337999999999999190e+00
7.942300000000000360e+00
7.543899999999999828e+00
7.575999999999999623e+00
7.753599999999999604e+00
7.543899999999999828e+00
