1.302810000000000024e+01
1.139680000000000071e+01
1.200820000000000043e+01
1.154069999999999929e+01
1.042019999999999946e+01
1.009500000000000064e+01
9.577899999999999636e+00
9.949500000000000455e+00
8.711199999999999832e+00
8.938100000000000378e+00
8.357599999999999696e+00
8.450900000000000745e+00
8.571099999999999497e+00
8.418699999999999406e+00
8.268200000000000216e+00
7.752799999999999692e+00
7.801999999999999602e+00
7.211899999999999977e+00
7.173199999999999577e+00
7.279600000000000293e+00
7.639400000000000190e+00
7.398200000000000109e+00
7.388499999999999623e+00
7.469599999999999795e+00
7.501699999999999591e+00
7.850600000000000023e+00
7.491399999999999615e+00
7.914100000000000357e+00
7.658699999999999619e+00
7.512999999999999901e+00
7.415000000000000036e+00
7.380300000000000082e+00
7.160400000000000098e+00
7.280000000000000249e+00
7.272899999999999920e+00
7.720299999999999940e+00
7.401399999999999757e+00
7.725699999999999790e+00
7.160400000000000098e+00
7.914100000000000357e+00
7.160400000000000098e+00
7.160400000000000098e+00
7.160400000000000098e+00
7.914100000000000357e+00
7.914100000000000357e+00
7.447799999999999976e+00
7.180399999999999672e+00
7.274399999999999977e+00
7.594199999999999839e+00
7.354300000000000281e+00
7.160400000000000098e+00
7.725999999999999979e+00
7.750899999999999679e+00
7.213000000000000078e+00
7.253999999999999559e+00
7.914100000000000357e+00
7.342299999999999827e+00
7.583300000000000374e+00
7.873700000000000365e+00
7.160400000000000098e+00
7.683900000000000396e+00
7.914100000000000357e+00
7.160400000000000098e+00
7.563699999999999868e+00
7.834500000000000242e+00
7.241500000000000270e+00
7.263600000000000279e+00
7.864499999999999602e+00
7.914100000000000357e+00
7.787200000000000344e+00
7.160400000000000098e+00
7.505600000000000271e+00
7.914100000000000357e+00
7.238599999999999923e+00
7.649099999999999788e+00
7.468200000000000394e+00
7.732000000000000206e+00
7.914100000000000357e+00
7.307299999999999685e+00
7.794999999999999929e+00
7.730500000000000149e+00
7.581299999999999706e+00
7.914100000000000357e+00
7.628899999999999793e+00
7.429499999999999993e+00
7.654600000000000293e+00
7.218700000000000117e+00
7.818999999999999950e+00
7.914100000000000357e+00
7.459100000000000286e+00
7.468300000000000161e+00
7.914100000000000357e+00
7.492399999999999949e+00
7.379400000000000404e+00
7.672699999999999854e+00
7.771600000000000286e+00
7.747300000000000075e+00
7.914100000000000357e+00
7.160400000000000098e+00
7.914100000000000357e+00
