1.302810000000000024e+01
1.244420000000000037e+01
1.076270000000000060e+01
1.127749999999999986e+01
1.025009999999999977e+01
1.031370000000000076e+01
9.926099999999999923e+00
9.683699999999999974e+00
8.632400000000000517e+00
8.789799999999999613e+00
8.329399999999999693e+00
8.048000000000000043e+00
7.720100000000000406e+00
7.885600000000000165e+00
7.304499999999999993e+00
7.867399999999999949e+00
7.931799999999999962e+00
7.160400000000000098e+00
7.201800000000000423e+00
7.694499999999999673e+00
7.392900000000000027e+00
7.440199999999999925e+00
7.867899999999999672e+00
7.541599999999999859e+00
7.239399999999999835e+00
7.710499999999999687e+00
7.353100000000000414e+00
7.914100000000000357e+00
7.546599999999999753e+00
7.785899999999999821e+00
7.807000000000000384e+00
7.546100000000000030e+00
7.515299999999999869e+00
7.223900000000000432e+00
7.283400000000000318e+00
7.914100000000000357e+00
7.167799999999999727e+00
7.160400000000000098e+00
7.795499999999999652e+00
7.914100000000000357e+00
7.284399999999999764e+00
7.493999999999999773e+00
7.914100000000000357e+00
7.432400000000000340e+00
7.914100000000000357e+00
7.250600000000000378e+00
7.914100000000000357e+00
7.160400000000000098e+00
7.344299999999999606e+00
7.606499999999999595e+00
7.413299999999999557e+00
7.526799999999999713e+00
7.509900000000000020e+00
7.317499999999999893e+00
7.646099999999999675e+00
7.684999999999999609e+00
7.914100000000000357e+00
7.914100000000000357e+00
7.489300000000000068e+00
7.914100000000000357e+00
7.642400000000000304e+00
7.241200000000000081e+00
7.658500000000000085e+00
7.261700000000000266e+00
7.914100000000000357e+00
7.703299999999999592e+00
7.308600000000000207e+00
7.792300000000000004e+00
7.676899999999999835e+00
7.413100000000000023e+00
7.546299999999999564e+00
7.914100000000000357e+00
7.795300000000000118e+00
7.160400000000000098e+00
7.160400000000000098e+00
7.238800000000000345e+00
7.336100000000000065e+00
7.846899999999999764e+00
7.914100000000000357e+00
7.681099999999999817e+00
7.305399999999999672e+00
7.160400000000000098e+00
7.483200000000000074e+00
7.211800000000000210e+00
7.473600000000000243e+00
7.594400000000000261e+00
7.471099999999999852e+00
7.686099999999999710e+00
7.576200000000000045e+00
7.735299999999999621e+00
7.482000000000000206e+00
7.888499999999999623e+00
7.375000000000000000e+00
7.301700000000000301e+00
7.914100000000000357e+00
7.289500000000000313e+00
7.160400000000000098e+00
7.864200000000000301e+00
7.914100000000000357e+00
7.160400000000000098e+00
