1.302810000000000024e+01
1.142849999999999966e+01
1.184329999999999927e+01
1.077219999999999978e+01
1.135510000000000019e+01
1.113850000000000051e+01
9.926399999999999224e+00
1.065809999999999924e+01
1.039690000000000047e+01
9.580199999999999605e+00
9.667199999999999349e+00
8.854300000000000281e+00
9.322900000000000631e+00
8.487700000000000244e+00
9.099500000000000810e+00
8.733900000000000219e+00
8.146800000000000708e+00
8.148600000000000065e+00
8.264400000000000190e+00
8.465199999999999392e+00
8.008300000000000196e+00
8.762000000000000455e+00
8.050700000000000855e+00
7.927500000000000213e+00
8.762000000000000455e+00
7.927500000000000213e+00
8.108599999999999142e+00
7.927500000000000213e+00
8.621000000000000441e+00
8.268800000000000594e+00
8.722899999999999210e+00
8.024699999999999278e+00
8.762000000000000455e+00
8.351900000000000546e+00
8.762000000000000455e+00
8.293300000000000338e+00
8.256600000000000605e+00
8.676199999999999690e+00
8.145500000000000185e+00
7.927500000000000213e+00
8.762000000000000455e+00
8.616500000000000270e+00
8.762000000000000455e+00
7.927500000000000213e+00
8.098300000000000054e+00
8.719300000000000495e+00
8.055699999999999861e+00
8.762000000000000455e+00
8.762000000000000455e+00
8.533200000000000784e+00
8.540200000000000458e+00
8.551899999999999835e+00
8.762000000000000455e+00
7.927500000000000213e+00
8.762000000000000455e+00
7.986299999999999955e+00
8.723200000000000287e+00
7.927500000000000213e+00
8.762000000000000455e+00
8.628000000000000114e+00
8.329599999999999227e+00
8.762000000000000455e+00
8.762000000000000455e+00
8.437200000000000699e+00
8.166700000000000514e+00
8.195000000000000284e+00
8.665900000000000603e+00
7.927500000000000213e+00
8.204000000000000625e+00
8.407600000000000406e+00
8.077899999999999636e+00
8.191000000000000725e+00
8.636799999999999145e+00
8.762000000000000455e+00
8.348599999999999355e+00
8.525800000000000267e+00
7.927500000000000213e+00
8.165599999999999525e+00
8.233399999999999608e+00
8.121999999999999886e+00
8.736700000000000799e+00
8.305500000000000327e+00
8.540499999999999758e+00
7.927500000000000213e+00
8.293699999999999406e+00
7.927500000000000213e+00
8.533400000000000318e+00
7.981499999999999595e+00
8.267400000000000304e+00
8.112399999999999167e+00
8.602399999999999380e+00
8.266600000000000392e+00
8.762000000000000455e+00
8.086299999999999599e+00
8.762000000000000455e+00
8.709899999999999309e+00
8.719099999999999184e+00
8.168400000000000105e+00
7.927500000000000213e+00
8.762000000000000455e+00
