1.178739999999999988e+01
1.132000000000000028e+01
1.200050000000000061e+01
1.152919999999999945e+01
1.025590000000000046e+01
9.751899999999999125e+00
9.664199999999999235e+00
9.472899999999999210e+00
9.472599999999999909e+00
9.154799999999999827e+00
8.470299999999999940e+00
9.178599999999999426e+00
8.522700000000000387e+00
8.063200000000000145e+00
8.436899999999999622e+00
7.942599999999999660e+00
8.526799999999999713e+00
8.276199999999999335e+00
8.708600000000000563e+00
8.762000000000000455e+00
8.570100000000000051e+00
7.927500000000000213e+00
8.324600000000000222e+00
8.502700000000000813e+00
8.762000000000000455e+00
8.762000000000000455e+00
8.046300000000000452e+00
8.646599999999999397e+00
8.416800000000000281e+00
7.927500000000000213e+00
8.231700000000000017e+00
8.155499999999999972e+00
8.156700000000000728e+00
7.927500000000000213e+00
8.721399999999999153e+00
8.700599999999999667e+00
8.762000000000000455e+00
7.927500000000000213e+00
8.468299999999999272e+00
8.499700000000000699e+00
8.762000000000000455e+00
8.762000000000000455e+00
7.927500000000000213e+00
8.261599999999999611e+00
7.927500000000000213e+00
8.603600000000000136e+00
8.762000000000000455e+00
8.762000000000000455e+00
8.106799999999999784e+00
8.076499999999999346e+00
8.762000000000000455e+00
8.089800000000000324e+00
7.927500000000000213e+00
8.372700000000000031e+00
8.127100000000000435e+00
8.263700000000000045e+00
8.693699999999999761e+00
7.927500000000000213e+00
8.487099999999999866e+00
8.104200000000000514e+00
8.762000000000000455e+00
8.154899999999999594e+00
8.198199999999999932e+00
8.694300000000000139e+00
7.927500000000000213e+00
7.927500000000000213e+00
7.927500000000000213e+00
7.927500000000000213e+00
8.373100000000000875e+00
8.201700000000000657e+00
8.662499999999999645e+00
8.153000000000000469e+00
7.927500000000000213e+00
8.050100000000000477e+00
7.927500000000000213e+00
8.497299999999999187e+00
8.685200000000000031e+00
8.633900000000000574e+00
8.438700000000000756e+00
8.055699999999999861e+00
7.927500000000000213e+00
8.628600000000000492e+00
8.762000000000000455e+00
8.021200000000000330e+00
7.927500000000000213e+00
8.261200000000000543e+00
8.531700000000000728e+00
8.210399999999999920e+00
7.927500000000000213e+00
8.085300000000000153e+00
7.927500000000000213e+00
7.927500000000000213e+00
7.985899999999999999e+00
8.258699999999999264e+00
8.762000000000000455e+00
8.113699999999999690e+00
8.762000000000000455e+00
7.927500000000000213e+00
8.465400000000000702e+00
7.985699999999999577e+00
