1.290259999999999962e+01
1.262720000000000020e+01
1.158009999999999984e+01
1.113090000000000046e+01
1.124450000000000038e+01
1.118709999999999916e+01
9.832900000000000418e+00
9.558999999999999275e+00
9.619999999999999218e+00
9.531100000000000350e+00
9.755100000000000549e+00
9.517899999999999139e+00
9.107799999999999230e+00
8.226399999999999935e+00
8.291399999999999437e+00
8.304000000000000270e+00
8.576900000000000190e+00
7.823400000000000354e+00
8.271599999999999397e+00
7.617799999999999905e+00
8.118600000000000705e+00
7.800200000000000244e+00
7.732800000000000118e+00
7.722599999999999909e+00
7.312800000000000189e+00
7.405499999999999972e+00
7.724800000000000111e+00
7.791699999999999626e+00
7.213400000000000034e+00
7.882399999999999629e+00
7.495000000000000107e+00
7.329100000000000392e+00
7.473600000000000243e+00
7.457499999999999574e+00
7.160400000000000098e+00
7.914100000000000357e+00
7.160400000000000098e+00
7.429400000000000226e+00
7.190100000000000158e+00
7.160400000000000098e+00
7.914100000000000357e+00
7.160400000000000098e+00
7.548899999999999721e+00
7.691300000000000026e+00
7.450000000000000178e+00
7.160400000000000098e+00
7.597299999999999720e+00
7.520500000000000185e+00
7.914100000000000357e+00
7.218899999999999650e+00
7.780100000000000016e+00
7.789900000000000269e+00
7.914100000000000357e+00
7.160400000000000098e+00
7.323299999999999699e+00
7.518200000000000216e+00
7.914100000000000357e+00
7.914100000000000357e+00
7.160400000000000098e+00
7.279399999999999871e+00
7.160400000000000098e+00
7.625799999999999912e+00
7.535800000000000054e+00
7.914100000000000357e+00
7.542200000000000237e+00
7.914100000000000357e+00
7.335300000000000153e+00
7.914100000000000357e+00
7.176199999999999690e+00
7.526600000000000179e+00
7.334900000000000198e+00
7.914100000000000357e+00
7.570500000000000007e+00
7.860899999999999999e+00
7.914100000000000357e+00
7.160400000000000098e+00
7.253899999999999793e+00
7.715900000000000425e+00
7.831299999999999706e+00
7.914100000000000357e+00
7.201100000000000279e+00
7.258799999999999919e+00
7.160400000000000098e+00
7.914100000000000357e+00
7.160400000000000098e+00
7.799699999999999633e+00
7.160400000000000098e+00
7.914100000000000357e+00
7.828500000000000014e+00
7.419900000000000162e+00
7.311499999999999666e+00
7.500399999999999956e+00
7.467900000000000205e+00
7.914100000000000357e+00
7.777499999999999858e+00
7.249100000000000321e+00
7.438900000000000290e+00
7.762800000000000367e+00
7.335099999999999731e+00
7.608299999999999841e+00
