1.292570000000000086e+01
1.164109999999999978e+01
1.180349999999999966e+01
1.118999999999999950e+01
1.069500000000000028e+01
1.017379999999999995e+01
9.828200000000000713e+00
1.005749999999999922e+01
8.815500000000000114e+00
9.167400000000000659e+00
8.455000000000000071e+00
8.600699999999999790e+00
8.049699999999999633e+00
7.669500000000000206e+00
7.540199999999999569e+00
7.621299999999999741e+00
6.992499999999999716e+00
7.213499999999999801e+00
7.270100000000000229e+00
7.223300000000000054e+00
6.687400000000000233e+00
6.786100000000000243e+00
6.624799999999999578e+00
6.514700000000000379e+00
7.066099999999999604e+00
6.572199999999999598e+00
6.753000000000000114e+00
7.035999999999999588e+00
6.815400000000000347e+00
6.400599999999999845e+00
7.066099999999999604e+00
6.520999999999999908e+00
7.066099999999999604e+00
6.824900000000000411e+00
7.066099999999999604e+00
7.066099999999999604e+00
6.860599999999999810e+00
6.435999999999999943e+00
6.567199999999999704e+00
7.066099999999999604e+00
6.393200000000000216e+00
6.415499999999999758e+00
6.838300000000000267e+00
6.849599999999999689e+00
6.459699999999999775e+00
6.974099999999999966e+00
6.961400000000000254e+00
6.866500000000000270e+00
6.977000000000000313e+00
6.769800000000000040e+00
7.066099999999999604e+00
7.066099999999999604e+00
6.644000000000000128e+00
6.393200000000000216e+00
7.066099999999999604e+00
6.754699999999999704e+00
7.066099999999999604e+00
6.567099999999999937e+00
6.445899999999999963e+00
6.794699999999999740e+00
6.393200000000000216e+00
7.008099999999999774e+00
6.448400000000000354e+00
6.393200000000000216e+00
6.811399999999999899e+00
6.904300000000000104e+00
6.549699999999999633e+00
6.918599999999999639e+00
6.395800000000000374e+00
6.515299999999999869e+00
6.724099999999999966e+00
6.858799999999999564e+00
6.660999999999999588e+00
6.393200000000000216e+00
6.766099999999999781e+00
6.730299999999999727e+00
6.610599999999999810e+00
6.723300000000000054e+00
6.670799999999999841e+00
6.515500000000000291e+00
6.393200000000000216e+00
6.560399999999999565e+00
6.888700000000000045e+00
6.495899999999999785e+00
6.832399999999999807e+00
6.807699999999999640e+00
6.643799999999999706e+00
6.689799999999999969e+00
6.858600000000000030e+00
7.066099999999999604e+00
6.471700000000000230e+00
6.825300000000000367e+00
6.676499999999999879e+00
6.803499999999999659e+00
6.393200000000000216e+00
6.393200000000000216e+00
7.014300000000000423e+00
7.066099999999999604e+00
7.042500000000000426e+00
7.066099999999999604e+00
