1.261299999999999955e+01
1.207859999999999978e+01
1.208079999999999998e+01
1.126670000000000016e+01
1.130949999999999989e+01
9.892300000000000537e+00
9.806699999999999307e+00
9.270300000000000651e+00
9.934599999999999653e+00
9.428499999999999659e+00
8.805300000000000793e+00
8.457700000000000884e+00
8.618499999999999162e+00
8.128399999999999181e+00
8.175800000000000622e+00
7.914699999999999847e+00
8.207399999999999807e+00
7.788100000000000023e+00
7.667699999999999960e+00
7.234600000000000364e+00
7.337900000000000311e+00
7.203199999999999825e+00
7.829299999999999926e+00
7.448900000000000077e+00
7.689700000000000202e+00
7.829299999999999926e+00
7.090600000000000236e+00
7.694799999999999862e+00
7.396899999999999586e+00
7.492700000000000138e+00
7.083599999999999675e+00
7.806899999999999729e+00
7.597800000000000331e+00
7.750099999999999767e+00
7.297699999999999854e+00
7.829299999999999926e+00
7.083599999999999675e+00
7.732300000000000395e+00
7.689899999999999736e+00
7.669900000000000162e+00
7.083599999999999675e+00
7.234700000000000131e+00
7.083599999999999675e+00
7.829299999999999926e+00
7.806600000000000428e+00
7.083599999999999675e+00
7.083599999999999675e+00
7.095500000000000362e+00
7.652499999999999858e+00
7.557900000000000063e+00
7.688900000000000290e+00
7.829299999999999926e+00
7.267900000000000027e+00
7.829299999999999926e+00
7.117700000000000138e+00
7.392100000000000115e+00
7.619600000000000151e+00
7.572400000000000020e+00
7.829299999999999926e+00
7.241999999999999993e+00
7.083599999999999675e+00
7.414500000000000313e+00
7.370199999999999640e+00
7.083599999999999675e+00
7.829299999999999926e+00
7.829299999999999926e+00
7.469899999999999984e+00
7.202200000000000379e+00
7.741200000000000081e+00
7.594899999999999984e+00
7.398299999999999876e+00
7.250099999999999767e+00
7.416699999999999626e+00
7.746999999999999886e+00
7.373000000000000220e+00
7.244500000000000384e+00
7.083599999999999675e+00
7.829299999999999926e+00
7.083599999999999675e+00
7.473399999999999821e+00
7.660599999999999632e+00
7.394000000000000128e+00
7.507399999999999629e+00
7.344999999999999751e+00
7.532899999999999707e+00
7.140600000000000058e+00
7.246500000000000163e+00
7.329500000000000348e+00
7.424400000000000333e+00
7.353799999999999670e+00
7.358999999999999986e+00
7.829299999999999926e+00
7.173399999999999999e+00
7.497200000000000308e+00
7.563299999999999912e+00
7.083599999999999675e+00
7.284500000000000419e+00
7.465200000000000280e+00
7.829299999999999926e+00
7.523399999999999643e+00
