1.212650000000000006e+01
1.221899999999999942e+01
1.176580000000000048e+01
1.141469999999999985e+01
1.148109999999999964e+01
1.054739999999999966e+01
1.004899999999999949e+01
1.075609999999999999e+01
1.006690000000000040e+01
1.034249999999999936e+01
1.011689999999999934e+01
9.204599999999999227e+00
8.957900000000000418e+00
9.527400000000000091e+00
9.265399999999999636e+00
8.589299999999999713e+00
8.709500000000000242e+00
8.673799999999999955e+00
8.288000000000000256e+00
8.741400000000000503e+00
8.661300000000000665e+00
7.845299999999999940e+00
8.544900000000000162e+00
8.099099999999999966e+00
7.678399999999999892e+00
8.315799999999999415e+00
8.244600000000000151e+00
8.479400000000000048e+00
8.049099999999999255e+00
7.671800000000000175e+00
7.831199999999999939e+00
8.254500000000000171e+00
7.671800000000000175e+00
7.690900000000000070e+00
8.413100000000000023e+00
8.191700000000000870e+00
8.314700000000000202e+00
8.190200000000000813e+00
7.700199999999999712e+00
8.479400000000000048e+00
7.938299999999999912e+00
8.085399999999999920e+00
7.671800000000000175e+00
8.212899999999999423e+00
8.218899999999999650e+00
8.479400000000000048e+00
8.479400000000000048e+00
8.290699999999999292e+00
8.407899999999999707e+00
8.479400000000000048e+00
7.671800000000000175e+00
8.245100000000000762e+00
7.671800000000000175e+00
8.479400000000000048e+00
8.173700000000000188e+00
8.479400000000000048e+00
7.785000000000000142e+00
8.039199999999999235e+00
7.996599999999999930e+00
8.285700000000000287e+00
8.302500000000000213e+00
8.285399999999999210e+00
8.185399999999999565e+00
8.130499999999999616e+00
7.671800000000000175e+00
8.246100000000000207e+00
8.479400000000000048e+00
7.917399999999999771e+00
8.352600000000000691e+00
8.479400000000000048e+00
8.366600000000000037e+00
7.946200000000000152e+00
7.947300000000000253e+00
7.903599999999999959e+00
7.671800000000000175e+00
7.671800000000000175e+00
7.842999999999999972e+00
8.008499999999999730e+00
7.671800000000000175e+00
8.044600000000000861e+00
8.306100000000000705e+00
8.368900000000000006e+00
8.085800000000000765e+00
8.479400000000000048e+00
8.067500000000000782e+00
8.231799999999999784e+00
7.671800000000000175e+00
8.070800000000000196e+00
8.238799999999999457e+00
8.436999999999999389e+00
8.110400000000000276e+00
7.842699999999999783e+00
7.671800000000000175e+00
8.295999999999999375e+00
8.352700000000000458e+00
7.877299999999999969e+00
7.949499999999999567e+00
7.671800000000000175e+00
7.808900000000000396e+00
7.748400000000000176e+00
