1.204069999999999929e+01
1.114939999999999998e+01
1.165820000000000078e+01
1.047669999999999924e+01
9.454299999999999926e+00
9.347099999999999298e+00
8.577299999999999258e+00
8.302099999999999369e+00
8.515399999999999636e+00
7.682599999999999874e+00
7.489399999999999835e+00
6.906799999999999606e+00
6.537899999999999601e+00
6.880200000000000315e+00
6.285899999999999821e+00
6.093099999999999739e+00
5.954600000000000115e+00
6.468499999999999694e+00
5.979300000000000281e+00
6.500899999999999679e+00
5.881700000000000372e+00
5.928799999999999848e+00
6.408299999999999663e+00
6.500899999999999679e+00
6.500899999999999679e+00
6.288899999999999935e+00
5.881700000000000372e+00
6.087500000000000355e+00
5.881700000000000372e+00
5.900000000000000355e+00
5.938399999999999679e+00
6.343200000000000394e+00
6.237400000000000055e+00
6.170499999999999652e+00
6.500899999999999679e+00
5.894300000000000317e+00
6.298000000000000043e+00
6.500899999999999679e+00
6.500899999999999679e+00
6.500899999999999679e+00
5.881700000000000372e+00
5.956999999999999851e+00
6.114399999999999835e+00
6.138499999999999623e+00
6.108100000000000307e+00
6.228100000000000414e+00
5.881700000000000372e+00
5.932199999999999918e+00
6.221499999999999808e+00
6.408999999999999808e+00
6.500899999999999679e+00
6.500899999999999679e+00
6.126699999999999591e+00
5.881700000000000372e+00
6.258000000000000007e+00
6.379699999999999704e+00
6.500899999999999679e+00
6.500899999999999679e+00
5.881700000000000372e+00
6.498899999999999899e+00
6.200400000000000134e+00
6.271600000000000286e+00
5.881700000000000372e+00
6.402000000000000135e+00
6.420399999999999885e+00
6.143600000000000172e+00
6.176899999999999835e+00
6.500899999999999679e+00
6.241100000000000314e+00
6.500899999999999679e+00
5.881700000000000372e+00
6.122499999999999609e+00
6.080799999999999983e+00
5.881700000000000372e+00
6.324399999999999800e+00
5.881700000000000372e+00
6.500899999999999679e+00
6.500899999999999679e+00
5.934199999999999697e+00
6.474099999999999966e+00
6.187199999999999811e+00
6.177500000000000213e+00
5.893299999999999983e+00
6.304599999999999760e+00
5.881700000000000372e+00
6.242799999999999905e+00
5.881700000000000372e+00
6.360800000000000232e+00
6.257100000000000328e+00
6.487000000000000099e+00
6.103100000000000414e+00
6.273600000000000065e+00
6.390600000000000058e+00
6.500899999999999679e+00
6.056400000000000006e+00
6.190999999999999837e+00
5.881700000000000372e+00
5.881700000000000372e+00
5.896200000000000330e+00
6.205700000000000216e+00
