1.220079999999999920e+01
1.228870000000000040e+01
1.205649999999999977e+01
1.154959999999999987e+01
1.012160000000000082e+01
1.034019999999999939e+01
1.023629999999999995e+01
9.953799999999999315e+00
9.755100000000000549e+00
9.461100000000000065e+00
8.549699999999999633e+00
8.594900000000000873e+00
7.999600000000000044e+00
8.474700000000000344e+00
8.174099999999999255e+00
8.020699999999999719e+00
8.118600000000000705e+00
7.264499999999999957e+00
7.206599999999999895e+00
7.523299999999999876e+00
7.342900000000000205e+00
7.160400000000000098e+00
7.898900000000000254e+00
7.244600000000000151e+00
7.759299999999999642e+00
7.348399999999999821e+00
7.774700000000000166e+00
7.594400000000000261e+00
7.160400000000000098e+00
7.680200000000000138e+00
7.914100000000000357e+00
7.160400000000000098e+00
7.914100000000000357e+00
7.914100000000000357e+00
7.436200000000000365e+00
7.780100000000000016e+00
7.249900000000000233e+00
7.809899999999999842e+00
7.646200000000000330e+00
7.330499999999999794e+00
7.800699999999999967e+00
7.721400000000000041e+00
7.693299999999999805e+00
7.390399999999999636e+00
7.644000000000000128e+00
7.791999999999999815e+00
7.914100000000000357e+00
7.687599999999999767e+00
7.652800000000000047e+00
7.160400000000000098e+00
7.878899999999999793e+00
7.607300000000000395e+00
7.322700000000000209e+00
7.244500000000000384e+00
7.914100000000000357e+00
7.914100000000000357e+00
7.838700000000000223e+00
7.170700000000000074e+00
7.914100000000000357e+00
7.402999999999999581e+00
7.160400000000000098e+00
7.268200000000000216e+00
7.373800000000000132e+00
7.914100000000000357e+00
7.914100000000000357e+00
7.653900000000000148e+00
7.646899999999999586e+00
7.441600000000000215e+00
7.330000000000000071e+00
7.564199999999999591e+00
7.759299999999999642e+00
7.208099999999999952e+00
7.867600000000000371e+00
7.842500000000000249e+00
7.160400000000000098e+00
7.160400000000000098e+00
7.160400000000000098e+00
7.872300000000000075e+00
7.610999999999999766e+00
7.675699999999999967e+00
7.914100000000000357e+00
7.160400000000000098e+00
7.588499999999999801e+00
7.488699999999999690e+00
7.457900000000000418e+00
7.160400000000000098e+00
7.421499999999999986e+00
7.416500000000000092e+00
7.914100000000000357e+00
7.371100000000000207e+00
7.637800000000000367e+00
7.778999999999999915e+00
7.455199999999999605e+00
7.914100000000000357e+00
7.301499999999999879e+00
7.851200000000000401e+00
7.672600000000000087e+00
7.483600000000000030e+00
7.644499999999999851e+00
7.753000000000000114e+00
