1.178739999999999988e+01
1.128689999999999927e+01
1.153689999999999927e+01
1.107000000000000028e+01
1.007639999999999958e+01
1.016729999999999912e+01
9.894099999999999895e+00
9.010199999999999321e+00
9.440300000000000580e+00
8.974600000000000577e+00
8.000199999999999534e+00
7.895900000000000141e+00
7.567400000000000126e+00
8.169600000000000861e+00
7.502100000000000435e+00
7.870599999999999596e+00
7.488599999999999923e+00
6.958700000000000330e+00
7.275699999999999612e+00
7.631400000000000183e+00
7.518500000000000405e+00
7.070800000000000196e+00
7.631400000000000183e+00
7.285599999999999632e+00
6.904600000000000293e+00
7.533599999999999852e+00
6.904600000000000293e+00
7.280199999999999783e+00
7.631400000000000183e+00
6.926099999999999923e+00
6.904600000000000293e+00
7.265299999999999869e+00
6.904600000000000293e+00
6.904600000000000293e+00
7.301999999999999602e+00
7.104099999999999859e+00
7.631400000000000183e+00
7.106799999999999784e+00
7.001599999999999824e+00
7.220500000000000362e+00
7.631400000000000183e+00
6.904600000000000293e+00
7.413000000000000256e+00
7.139599999999999724e+00
6.904600000000000293e+00
7.584100000000000286e+00
7.631400000000000183e+00
7.631400000000000183e+00
7.544599999999999973e+00
6.904600000000000293e+00
7.136999999999999567e+00
6.966999999999999638e+00
6.904600000000000293e+00
7.516300000000000203e+00
7.545399999999999885e+00
7.461000000000000298e+00
7.565000000000000391e+00
6.907099999999999795e+00
7.578299999999999592e+00
7.174000000000000377e+00
7.482000000000000206e+00
6.904600000000000293e+00
7.070800000000000196e+00
7.055900000000000283e+00
6.904600000000000293e+00
7.511999999999999567e+00
7.206999999999999851e+00
7.631400000000000183e+00
7.631400000000000183e+00
7.373000000000000220e+00
7.022499999999999964e+00
6.904600000000000293e+00
7.577099999999999724e+00
6.904600000000000293e+00
7.232199999999999740e+00
7.389000000000000234e+00
7.631400000000000183e+00
7.631400000000000183e+00
7.631400000000000183e+00
7.631400000000000183e+00
6.948900000000000077e+00
7.556000000000000050e+00
7.631400000000000183e+00
7.631400000000000183e+00
7.268600000000000172e+00
6.904600000000000293e+00
7.403400000000000425e+00
7.016899999999999693e+00
7.309199999999999697e+00
7.631400000000000183e+00
7.631400000000000183e+00
6.904600000000000293e+00
7.631400000000000183e+00
7.631400000000000183e+00
7.631400000000000183e+00
7.152400000000000091e+00
6.915099999999999802e+00
7.105699999999999683e+00
7.295499999999999652e+00
7.532899999999999707e+00
