1.240210000000000079e+01
1.120850000000000080e+01
1.077410000000000068e+01
1.043730000000000047e+01
1.000169999999999959e+01
9.358900000000000219e+00
8.874299999999999855e+00
8.519500000000000739e+00
8.728799999999999670e+00
8.196600000000000108e+00
7.693299999999999805e+00
7.913000000000000256e+00
7.319799999999999862e+00
7.630600000000000271e+00
7.081599999999999895e+00
7.025599999999999845e+00
7.215700000000000003e+00
7.744500000000000384e+00
7.744500000000000384e+00
7.343600000000000350e+00
7.437500000000000000e+00
7.058200000000000252e+00
7.006899999999999906e+00
7.118900000000000006e+00
7.744500000000000384e+00
7.329500000000000348e+00
7.582099999999999618e+00
7.006899999999999906e+00
7.241600000000000037e+00
7.264599999999999724e+00
7.006899999999999906e+00
7.551400000000000112e+00
7.532300000000000217e+00
7.526500000000000412e+00
7.006899999999999906e+00
7.494299999999999962e+00
7.523799999999999599e+00
7.544599999999999973e+00
7.058399999999999785e+00
7.744500000000000384e+00
7.243599999999999817e+00
7.390200000000000102e+00
7.369100000000000428e+00
7.110999999999999766e+00
7.656699999999999839e+00
7.744500000000000384e+00
7.481499999999999595e+00
7.440999999999999837e+00
7.006899999999999906e+00
7.744500000000000384e+00
7.744500000000000384e+00
7.006899999999999906e+00
7.344500000000000028e+00
7.020500000000000185e+00
7.058200000000000252e+00
7.671100000000000030e+00
7.110299999999999621e+00
7.006899999999999906e+00
7.740700000000000358e+00
7.006899999999999906e+00
7.006899999999999906e+00
7.604899999999999771e+00
7.508600000000000385e+00
7.434700000000000308e+00
7.557000000000000384e+00
7.514499999999999957e+00
7.507100000000000328e+00
7.744500000000000384e+00
7.252399999999999736e+00
7.718799999999999883e+00
7.717900000000000205e+00
7.466999999999999638e+00
7.687000000000000277e+00
7.373700000000000365e+00
7.009999999999999787e+00
7.715600000000000236e+00
7.073999999999999844e+00
7.518399999999999750e+00
7.016300000000000203e+00
7.006899999999999906e+00
7.057999999999999829e+00
7.181400000000000006e+00
7.006899999999999906e+00
7.594000000000000306e+00
7.006899999999999906e+00
7.623899999999999899e+00
7.262199999999999989e+00
7.486900000000000333e+00
7.744500000000000384e+00
7.242899999999999672e+00
7.006899999999999906e+00
7.096499999999999808e+00
7.091700000000000337e+00
7.372499999999999609e+00
7.006899999999999906e+00
7.265500000000000291e+00
7.437700000000000422e+00
7.744500000000000384e+00
7.744500000000000384e+00
7.348600000000000243e+00
