1.179959999999999987e+01
1.165900000000000070e+01
1.139760000000000062e+01
1.192600000000000016e+01
1.077480000000000082e+01
1.072029999999999994e+01
1.095449999999999946e+01
9.845700000000000784e+00
1.044759999999999955e+01
9.847099999999999298e+00
9.904099999999999682e+00
8.844500000000000028e+00
9.587400000000000588e+00
9.417099999999999582e+00
8.433999999999999275e+00
8.293699999999999406e+00
8.291999999999999815e+00
8.915399999999999991e+00
7.993299999999999628e+00
8.228400000000000603e+00
8.364100000000000534e+00
8.377800000000000580e+00
7.863599999999999923e+00
8.673199999999999577e+00
8.691399999999999793e+00
8.166399999999999437e+00
8.471999999999999531e+00
8.297399999999999665e+00
8.676500000000000767e+00
8.522500000000000853e+00
8.240500000000000824e+00
8.118999999999999773e+00
8.005699999999999150e+00
7.974499999999999922e+00
8.363699999999999690e+00
7.863599999999999923e+00
8.453300000000000480e+00
8.691399999999999793e+00
7.863599999999999923e+00
8.525399999999999423e+00
8.051500000000000767e+00
8.691399999999999793e+00
8.232499999999999929e+00
8.055899999999999395e+00
8.691399999999999793e+00
8.509600000000000719e+00
7.863599999999999923e+00
8.362899999999999778e+00
8.691399999999999793e+00
7.883899999999999686e+00
8.432700000000000529e+00
8.691399999999999793e+00
8.329900000000000304e+00
8.579200000000000159e+00
7.882900000000000240e+00
7.977000000000000313e+00
7.863599999999999923e+00
8.691399999999999793e+00
7.981900000000000439e+00
8.591300000000000381e+00
8.462999999999999190e+00
8.387499999999999289e+00
8.691399999999999793e+00
8.622799999999999798e+00
8.606500000000000483e+00
8.611200000000000188e+00
8.497700000000000031e+00
8.592000000000000526e+00
8.691399999999999793e+00
8.248900000000000787e+00
8.081799999999999429e+00
7.863599999999999923e+00
8.127900000000000347e+00
7.863599999999999923e+00
8.242399999999999949e+00
7.927399999999999558e+00
7.863599999999999923e+00
7.918999999999999595e+00
8.427199999999999136e+00
8.175000000000000711e+00
8.612800000000000011e+00
8.691399999999999793e+00
8.373100000000000875e+00
8.391899999999999693e+00
8.199899999999999523e+00
7.928499999999999659e+00
8.170999999999999375e+00
8.477800000000000225e+00
8.097099999999999298e+00
8.691399999999999793e+00
8.445899999999999963e+00
7.863599999999999923e+00
7.987199999999999633e+00
8.631800000000000139e+00
7.869500000000000384e+00
8.240500000000000824e+00
8.200200000000000600e+00
8.218400000000000816e+00
8.266700000000000159e+00
8.192600000000000549e+00
