1.212069999999999936e+01
1.259360000000000035e+01
1.217750000000000021e+01
1.147000000000000064e+01
1.108130000000000059e+01
9.988699999999999690e+00
1.034169999999999945e+01
9.636300000000000310e+00
1.006920000000000037e+01
9.782600000000000406e+00
9.252100000000000435e+00
9.015900000000000247e+00
8.315300000000000580e+00
8.559100000000000819e+00
8.239100000000000534e+00
8.328200000000000713e+00
8.293900000000000716e+00
7.378499999999999837e+00
8.035000000000000142e+00
7.845900000000000318e+00
7.464500000000000135e+00
7.734799999999999898e+00
7.412799999999999834e+00
7.041299999999999670e+00
7.702099999999999724e+00
7.671400000000000219e+00
7.453899999999999970e+00
7.611500000000000377e+00
6.968600000000000350e+00
7.219299999999999606e+00
7.265799999999999592e+00
7.383600000000000385e+00
7.610199999999999854e+00
7.086800000000000210e+00
7.315999999999999837e+00
7.251999999999999780e+00
7.168700000000000294e+00
7.112199999999999633e+00
7.394999999999999574e+00
7.035099999999999909e+00
7.416100000000000136e+00
7.278299999999999770e+00
7.172900000000000276e+00
7.372300000000000075e+00
7.434999999999999609e+00
7.178399999999999892e+00
7.294299999999999784e+00
7.292699999999999960e+00
6.968600000000000350e+00
7.310900000000000176e+00
7.156500000000000306e+00
7.162899999999999601e+00
7.606200000000000294e+00
7.702099999999999724e+00
7.006300000000000416e+00
7.050300000000000011e+00
7.043999999999999595e+00
7.379699999999999704e+00
7.317199999999999704e+00
7.697499999999999787e+00
7.365300000000000402e+00
7.419299999999999784e+00
7.333700000000000330e+00
7.702099999999999724e+00
7.129699999999999704e+00
7.702099999999999724e+00
7.640399999999999636e+00
6.968600000000000350e+00
7.197600000000000442e+00
6.968600000000000350e+00
7.702099999999999724e+00
6.968600000000000350e+00
7.627299999999999969e+00
7.452200000000000379e+00
7.380499999999999616e+00
7.488500000000000156e+00
6.968600000000000350e+00
7.702099999999999724e+00
7.702099999999999724e+00
7.328500000000000014e+00
6.968600000000000350e+00
7.016499999999999737e+00
7.136000000000000121e+00
7.318299999999999805e+00
7.380499999999999616e+00
7.247799999999999798e+00
7.702099999999999724e+00
6.968600000000000350e+00
7.702099999999999724e+00
7.702099999999999724e+00
7.022999999999999687e+00
7.253199999999999648e+00
7.685299999999999798e+00
7.677599999999999980e+00
7.429899999999999949e+00
7.331599999999999895e+00
7.367600000000000371e+00
7.441699999999999982e+00
7.190999999999999837e+00
7.222500000000000142e+00
