1.302810000000000024e+01
1.182019999999999982e+01
1.179359999999999964e+01
1.086059999999999981e+01
1.024130000000000074e+01
1.034420000000000073e+01
9.460800000000000765e+00
1.007479999999999976e+01
9.036400000000000432e+00
9.331200000000000827e+00
9.192600000000000549e+00
8.506399999999999295e+00
8.597500000000000142e+00
8.096099999999999852e+00
7.576800000000000423e+00
7.982499999999999929e+00
7.345399999999999707e+00
7.673600000000000421e+00
7.206599999999999895e+00
7.712699999999999889e+00
7.754400000000000404e+00
7.177999999999999936e+00
7.440599999999999881e+00
7.160400000000000098e+00
7.751699999999999591e+00
7.677299999999999791e+00
7.295200000000000351e+00
7.627299999999999969e+00
7.464599999999999902e+00
7.325199999999999712e+00
7.160400000000000098e+00
7.274300000000000210e+00
7.914100000000000357e+00
7.751900000000000013e+00
7.665000000000000036e+00
7.914100000000000357e+00
7.335300000000000153e+00
7.282000000000000028e+00
7.475699999999999790e+00
7.914100000000000357e+00
7.589000000000000412e+00
7.480900000000000105e+00
7.430200000000000138e+00
7.491999999999999993e+00
7.648299999999999876e+00
7.860000000000000320e+00
7.914100000000000357e+00
7.914100000000000357e+00
7.346400000000000041e+00
7.160400000000000098e+00
7.647800000000000153e+00
7.645599999999999952e+00
7.160400000000000098e+00
7.685100000000000264e+00
7.160400000000000098e+00
7.914100000000000357e+00
7.224300000000000388e+00
7.515100000000000335e+00
7.914100000000000357e+00
7.307699999999999640e+00
7.160400000000000098e+00
7.914100000000000357e+00
7.914100000000000357e+00
7.914100000000000357e+00
7.830899999999999750e+00
7.423000000000000043e+00
7.254800000000000360e+00
7.160400000000000098e+00
7.914100000000000357e+00
7.823699999999999655e+00
7.160400000000000098e+00
7.160400000000000098e+00
7.914100000000000357e+00
7.914100000000000357e+00
7.822300000000000253e+00
7.527999999999999581e+00
7.325999999999999623e+00
7.472800000000000331e+00
7.847599999999999909e+00
7.516000000000000014e+00
7.797500000000000320e+00
7.914100000000000357e+00
7.381499999999999950e+00
7.160400000000000098e+00
7.831699999999999662e+00
7.914100000000000357e+00
7.766000000000000014e+00
7.509900000000000020e+00
7.160400000000000098e+00
7.566799999999999748e+00
7.336700000000000443e+00
7.160400000000000098e+00
7.247499999999999609e+00
7.387400000000000411e+00
7.698199999999999932e+00
7.348900000000000432e+00
7.793899999999999828e+00
7.834999999999999964e+00
7.464000000000000412e+00
7.914100000000000357e+00
