1.231189999999999962e+01
1.232140000000000057e+01
1.130640000000000001e+01
1.089620000000000033e+01
1.092670000000000030e+01
1.050760000000000005e+01
9.688200000000000145e+00
1.038889999999999958e+01
1.008919999999999995e+01
8.874700000000000699e+00
8.638600000000000279e+00
9.228699999999999903e+00
8.941599999999999326e+00
8.525100000000000122e+00
8.380499999999999616e+00
7.720100000000000406e+00
8.296300000000000452e+00
7.833499999999999908e+00
7.692499999999999893e+00
7.300300000000000011e+00
7.455099999999999838e+00
7.683900000000000396e+00
7.362300000000000288e+00
7.531699999999999839e+00
7.914100000000000357e+00
7.726399999999999935e+00
7.333499999999999908e+00
7.705799999999999983e+00
7.901799999999999713e+00
7.634500000000000064e+00
7.586500000000000021e+00
7.696900000000000297e+00
7.239700000000000024e+00
7.755300000000000082e+00
7.202499999999999680e+00
7.764100000000000001e+00
7.296800000000000175e+00
7.323400000000000354e+00
7.626299999999999635e+00
7.160400000000000098e+00
7.469400000000000261e+00
7.210899999999999643e+00
7.518399999999999750e+00
7.220399999999999707e+00
7.456800000000000317e+00
7.756599999999999717e+00
7.450199999999999712e+00
7.670700000000000074e+00
7.590499999999999581e+00
7.160400000000000098e+00
7.381400000000000183e+00
7.914100000000000357e+00
7.893099999999999561e+00
7.889100000000000001e+00
7.914100000000000357e+00
7.160400000000000098e+00
7.160400000000000098e+00
7.160400000000000098e+00
7.644099999999999895e+00
7.721400000000000041e+00
7.914100000000000357e+00
7.538499999999999979e+00
7.914100000000000357e+00
7.458599999999999675e+00
7.766799999999999926e+00
7.304800000000000182e+00
7.275500000000000078e+00
7.914100000000000357e+00
7.549199999999999910e+00
7.848499999999999588e+00
7.801700000000000301e+00
7.914100000000000357e+00
7.160400000000000098e+00
7.844199999999999839e+00
7.675900000000000389e+00
7.160400000000000098e+00
7.725799999999999557e+00
7.291199999999999903e+00
7.160400000000000098e+00
7.377399999999999736e+00
7.782799999999999940e+00
7.914100000000000357e+00
7.655599999999999739e+00
7.803399999999999892e+00
7.160400000000000098e+00
7.160400000000000098e+00
7.549199999999999910e+00
7.228900000000000325e+00
7.678399999999999892e+00
7.864799999999999791e+00
7.914100000000000357e+00
7.914100000000000357e+00
7.160400000000000098e+00
7.833300000000000374e+00
7.160400000000000098e+00
7.881499999999999950e+00
7.883499999999999730e+00
7.160400000000000098e+00
7.690900000000000070e+00
7.863999999999999879e+00
