1.185529999999999973e+01
1.212759999999999927e+01
1.167980000000000018e+01
1.178950000000000031e+01
1.033140000000000036e+01
1.018759999999999977e+01
1.063460000000000072e+01
9.697300000000000253e+00
9.536699999999999733e+00
9.707599999999999341e+00
9.080999999999999517e+00
8.521000000000000796e+00
8.604900000000000659e+00
8.903700000000000614e+00
8.628000000000000114e+00
8.579700000000000770e+00
8.623900000000000787e+00
7.738400000000000389e+00
7.755600000000000271e+00
7.813699999999999868e+00
8.343899999999999650e+00
7.729400000000000048e+00
8.322699999999999321e+00
8.149900000000000588e+00
8.238200000000000855e+00
7.913199999999999790e+00
8.182000000000000384e+00
8.127800000000000580e+00
7.977400000000000269e+00
7.775100000000000122e+00
7.636099999999999888e+00
7.774300000000000210e+00
8.285399999999999210e+00
8.106199999999999406e+00
8.015100000000000335e+00
7.943699999999999761e+00
7.919699999999999740e+00
7.563100000000000378e+00
8.128999999999999559e+00
8.359199999999999520e+00
8.359199999999999520e+00
8.359199999999999520e+00
8.238099999999999312e+00
7.563100000000000378e+00
7.731600000000000250e+00
8.299799999999999400e+00
7.563100000000000378e+00
7.563100000000000378e+00
7.563100000000000378e+00
8.228699999999999903e+00
8.359199999999999520e+00
7.880899999999999572e+00
7.563100000000000378e+00
7.563100000000000378e+00
8.359199999999999520e+00
8.076700000000000657e+00
8.040800000000000836e+00
7.563100000000000378e+00
8.359199999999999520e+00
7.963899999999999757e+00
7.585899999999999643e+00
8.062799999999999301e+00
8.136499999999999844e+00
8.162100000000000577e+00
7.978100000000000414e+00
8.140200000000000102e+00
7.623999999999999666e+00
7.563100000000000378e+00
8.064000000000000057e+00
8.232100000000000861e+00
7.778100000000000236e+00
8.109999999999999432e+00
7.932299999999999685e+00
7.792300000000000004e+00
8.359199999999999520e+00
7.663899999999999935e+00
8.354300000000000281e+00
7.745499999999999829e+00
8.065500000000000114e+00
7.563100000000000378e+00
7.563100000000000378e+00
7.913999999999999702e+00
8.359199999999999520e+00
8.232200000000000628e+00
7.942199999999999704e+00
7.983900000000000219e+00
8.147000000000000242e+00
7.953400000000000247e+00
7.718899999999999650e+00
7.838899999999999757e+00
7.563100000000000378e+00
8.111399999999999721e+00
8.359199999999999520e+00
7.714199999999999946e+00
8.317099999999999937e+00
8.359199999999999520e+00
7.729199999999999626e+00
7.674699999999999633e+00
8.359199999999999520e+00
7.828999999999999737e+00
