1.302810000000000024e+01
1.250399999999999956e+01
1.115320000000000000e+01
1.057850000000000001e+01
1.007160000000000011e+01
9.882099999999999440e+00
9.901699999999999946e+00
9.006000000000000227e+00
8.711199999999999832e+00
8.560900000000000176e+00
8.364100000000000534e+00
8.820700000000000429e+00
8.578500000000000014e+00
7.665499999999999758e+00
8.152400000000000091e+00
8.132799999999999585e+00
7.351399999999999935e+00
7.970699999999999896e+00
7.466000000000000192e+00
7.877699999999999925e+00
7.160400000000000098e+00
7.248000000000000220e+00
7.820599999999999774e+00
7.160400000000000098e+00
7.480900000000000105e+00
7.160400000000000098e+00
7.437700000000000422e+00
7.173600000000000421e+00
7.537399999999999878e+00
7.741699999999999804e+00
7.614099999999999646e+00
7.562899999999999956e+00
7.678099999999999703e+00
7.783900000000000041e+00
7.441499999999999559e+00
7.529300000000000104e+00
7.160400000000000098e+00
7.160400000000000098e+00
7.284900000000000375e+00
7.265500000000000291e+00
7.312999999999999723e+00
7.697099999999999831e+00
7.266099999999999781e+00
7.351899999999999658e+00
7.914100000000000357e+00
7.431000000000000050e+00
7.161699999999999733e+00
7.318999999999999950e+00
7.485100000000000087e+00
7.450499999999999901e+00
7.914100000000000357e+00
7.572899999999999743e+00
7.762100000000000222e+00
7.749600000000000044e+00
7.491500000000000270e+00
7.160400000000000098e+00
7.474099999999999966e+00
7.914100000000000357e+00
7.160400000000000098e+00
7.544699999999999740e+00
7.590099999999999625e+00
7.914100000000000357e+00
7.444600000000000328e+00
7.160400000000000098e+00
7.689199999999999591e+00
7.160400000000000098e+00
7.170099999999999696e+00
7.420200000000000351e+00
7.300900000000000389e+00
7.914100000000000357e+00
7.324499999999999567e+00
7.701800000000000423e+00
7.495000000000000107e+00
7.160400000000000098e+00
7.649300000000000210e+00
7.914100000000000357e+00
7.160400000000000098e+00
7.304899999999999949e+00
7.373899999999999899e+00
7.914100000000000357e+00
7.164100000000000357e+00
7.502900000000000347e+00
7.160400000000000098e+00
7.240199999999999747e+00
7.468099999999999739e+00
7.338099999999999845e+00
7.765600000000000058e+00
7.914100000000000357e+00
7.771499999999999631e+00
7.452899999999999636e+00
7.485100000000000087e+00
7.474999999999999645e+00
7.256199999999999761e+00
7.546899999999999942e+00
7.409600000000000186e+00
7.548600000000000421e+00
7.914100000000000357e+00
7.229700000000000237e+00
7.777899999999999814e+00
7.914100000000000357e+00
