1.243890000000000029e+01
1.261079999999999934e+01
1.156850000000000023e+01
1.070289999999999964e+01
1.052149999999999963e+01
1.058880000000000088e+01
1.069730000000000025e+01
9.557000000000000384e+00
9.480199999999999960e+00
8.967800000000000438e+00
9.035099999999999909e+00
9.414600000000000080e+00
8.317099999999999937e+00
8.535700000000000287e+00
8.801899999999999835e+00
8.022899999999999920e+00
8.441499999999999559e+00
7.695500000000000007e+00
7.449499999999999567e+00
7.361200000000000188e+00
7.288899999999999935e+00
7.490300000000000402e+00
7.860299999999999621e+00
7.495700000000000252e+00
7.534900000000000375e+00
7.761199999999999655e+00
7.160400000000000098e+00
7.612099999999999866e+00
7.914100000000000357e+00
7.300600000000000200e+00
7.387599999999999945e+00
7.160400000000000098e+00
7.529499999999999638e+00
7.160400000000000098e+00
7.524000000000000021e+00
7.556400000000000006e+00
7.914100000000000357e+00
7.331000000000000405e+00
7.914100000000000357e+00
7.841899999999999871e+00
7.417799999999999727e+00
7.275100000000000122e+00
7.160400000000000098e+00
7.160400000000000098e+00
7.610000000000000320e+00
7.474899999999999878e+00
7.286299999999999777e+00
7.778500000000000192e+00
7.905800000000000161e+00
7.160400000000000098e+00
7.236799999999999677e+00
7.160400000000000098e+00
7.407399999999999984e+00
7.783599999999999852e+00
7.481600000000000250e+00
7.698999999999999844e+00
7.914100000000000357e+00
7.859499999999999709e+00
7.914100000000000357e+00
7.212100000000000399e+00
7.914100000000000357e+00
7.590600000000000236e+00
7.385500000000000398e+00
7.914100000000000357e+00
7.456599999999999895e+00
7.190599999999999881e+00
7.409099999999999575e+00
7.914100000000000357e+00
7.914100000000000357e+00
7.851700000000000124e+00
7.436899999999999622e+00
7.236299999999999955e+00
7.765900000000000247e+00
7.797799999999999621e+00
7.160400000000000098e+00
7.333199999999999719e+00
7.631599999999999717e+00
7.524200000000000443e+00
7.160400000000000098e+00
7.277899999999999814e+00
7.914100000000000357e+00
7.433900000000000396e+00
7.648100000000000342e+00
7.416599999999999859e+00
7.914100000000000357e+00
7.914100000000000357e+00
7.338599999999999568e+00
7.601600000000000357e+00
7.914100000000000357e+00
7.800500000000000433e+00
7.429499999999999993e+00
7.696799999999999642e+00
7.339000000000000412e+00
7.671199999999999797e+00
7.914100000000000357e+00
7.694200000000000372e+00
7.739499999999999602e+00
7.914100000000000357e+00
7.914100000000000357e+00
7.688299999999999912e+00
