1.232230000000000025e+01
1.142970000000000041e+01
1.196509999999999962e+01
1.076950000000000074e+01
1.132659999999999911e+01
1.118689999999999962e+01
1.033249999999999957e+01
9.669100000000000250e+00
1.043350000000000044e+01
9.228899999999999437e+00
9.567800000000000082e+00
8.862099999999999866e+00
9.559100000000000819e+00
8.887199999999999989e+00
9.326100000000000279e+00
9.206899999999999196e+00
8.266099999999999781e+00
8.201900000000000190e+00
9.014499999999999957e+00
8.446099999999999497e+00
8.657000000000000028e+00
8.160000000000000142e+00
8.974000000000000199e+00
8.119300000000000850e+00
8.178100000000000591e+00
8.974000000000000199e+00
8.225799999999999557e+00
8.974000000000000199e+00
8.248599999999999710e+00
8.662200000000000344e+00
8.310499999999999332e+00
8.318699999999999761e+00
8.974000000000000199e+00
8.134499999999999176e+00
8.974000000000000199e+00
8.433400000000000674e+00
8.130900000000000460e+00
8.119300000000000850e+00
8.519000000000000128e+00
8.865800000000000125e+00
8.974000000000000199e+00
8.557600000000000762e+00
8.119300000000000850e+00
8.706200000000000827e+00
8.119300000000000850e+00
8.258699999999999264e+00
8.119300000000000850e+00
8.123599999999999710e+00
8.199899999999999523e+00
8.119300000000000850e+00
8.119300000000000850e+00
8.280799999999999272e+00
8.664300000000000779e+00
8.659700000000000841e+00
8.833000000000000185e+00
8.119300000000000850e+00
8.832599999999999341e+00
8.974000000000000199e+00
8.119300000000000850e+00
8.322800000000000864e+00
8.215799999999999770e+00
8.515900000000000247e+00
8.189299999999999358e+00
8.610300000000000509e+00
8.119300000000000850e+00
8.974000000000000199e+00
8.119300000000000850e+00
8.804800000000000182e+00
8.515499999999999403e+00
8.521699999999999164e+00
8.433899999999999508e+00
8.119300000000000850e+00
8.119300000000000850e+00
8.974000000000000199e+00
8.831500000000000128e+00
8.119300000000000850e+00
8.119300000000000850e+00
8.904999999999999361e+00
8.731799999999999784e+00
8.974000000000000199e+00
8.552599999999999980e+00
8.594599999999999795e+00
8.623900000000000787e+00
8.778299999999999770e+00
8.119300000000000850e+00
8.974000000000000199e+00
8.323999999999999844e+00
8.173999999999999488e+00
8.974000000000000199e+00
8.491500000000000270e+00
8.974000000000000199e+00
8.446999999999999176e+00
8.119300000000000850e+00
8.313200000000000145e+00
8.380800000000000693e+00
8.409100000000000463e+00
8.974000000000000199e+00
8.844300000000000495e+00
8.300800000000000622e+00
8.781100000000000350e+00
