1.204749999999999943e+01
1.239310000000000045e+01
1.144139999999999979e+01
1.112940000000000040e+01
1.075569999999999915e+01
9.964399999999999480e+00
1.010120000000000040e+01
8.816700000000000870e+00
8.528100000000000236e+00
8.510999999999999233e+00
8.900399999999999423e+00
7.865999999999999659e+00
7.858600000000000030e+00
8.062099999999999156e+00
7.769800000000000040e+00
8.243800000000000239e+00
7.822499999999999787e+00
7.623000000000000220e+00
7.955599999999999561e+00
8.008499999999999730e+00
7.668499999999999872e+00
7.441699999999999982e+00
7.899099999999999788e+00
8.224999999999999645e+00
7.538899999999999935e+00
7.441699999999999982e+00
7.541199999999999903e+00
8.043400000000000105e+00
7.441699999999999982e+00
7.843799999999999883e+00
8.224999999999999645e+00
7.799500000000000099e+00
8.142799999999999372e+00
8.063900000000000290e+00
7.891700000000000159e+00
7.599999999999999645e+00
8.177699999999999747e+00
8.073800000000000310e+00
7.441699999999999982e+00
7.497300000000000075e+00
7.974099999999999966e+00
7.883300000000000196e+00
7.722900000000000098e+00
7.659200000000000230e+00
7.822400000000000020e+00
7.441699999999999982e+00
7.441699999999999982e+00
8.089199999999999946e+00
7.490999999999999659e+00
7.935800000000000409e+00
8.224999999999999645e+00
8.224999999999999645e+00
8.126300000000000523e+00
7.509999999999999787e+00
7.441699999999999982e+00
7.441699999999999982e+00
7.748599999999999710e+00
8.194499999999999673e+00
7.993000000000000327e+00
7.493599999999999817e+00
7.441699999999999982e+00
8.224999999999999645e+00
7.754500000000000171e+00
8.224999999999999645e+00
8.094200000000000728e+00
7.484700000000000131e+00
8.224999999999999645e+00
8.215700000000000003e+00
7.441699999999999982e+00
7.885399999999999743e+00
7.517299999999999649e+00
8.031499999999999417e+00
7.918199999999999683e+00
7.441699999999999982e+00
7.849899999999999878e+00
7.696500000000000341e+00
7.748499999999999943e+00
8.168400000000000105e+00
7.557999999999999829e+00
7.638499999999999623e+00
7.681199999999999584e+00
7.890699999999999825e+00
7.528299999999999770e+00
7.782099999999999795e+00
7.480900000000000105e+00
8.224999999999999645e+00
7.841499999999999915e+00
7.722900000000000098e+00
7.622899999999999565e+00
7.799000000000000377e+00
7.535800000000000054e+00
7.754500000000000171e+00
8.224999999999999645e+00
7.778400000000000425e+00
7.967699999999999783e+00
8.224999999999999645e+00
7.628000000000000114e+00
8.224999999999999645e+00
8.168699999999999406e+00
8.011699999999999378e+00
