1.225719999999999921e+01
1.226329999999999920e+01
1.100179999999999936e+01
1.068839999999999968e+01
1.017950000000000088e+01
1.050000000000000000e+01
9.510899999999999466e+00
1.008919999999999995e+01
9.897000000000000242e+00
8.714100000000000179e+00
9.219699999999999562e+00
8.995799999999999130e+00
8.144999999999999574e+00
8.112700000000000244e+00
8.501200000000000756e+00
7.962100000000000399e+00
7.740300000000000402e+00
8.086499999999999133e+00
8.018800000000000594e+00
7.782000000000000028e+00
7.689700000000000202e+00
7.935500000000000220e+00
8.322200000000000486e+00
7.702499999999999680e+00
7.689700000000000202e+00
7.972000000000000419e+00
8.243900000000000006e+00
8.250400000000000844e+00
7.902899999999999814e+00
8.189799999999999969e+00
7.689700000000000202e+00
7.864399999999999835e+00
7.845299999999999940e+00
7.776299999999999990e+00
8.184499999999999886e+00
7.689700000000000202e+00
8.136699999999999378e+00
8.499200000000000088e+00
7.858600000000000030e+00
7.951100000000000279e+00
8.140499999999999403e+00
7.689700000000000202e+00
8.428200000000000358e+00
7.822799999999999976e+00
7.823599999999999888e+00
8.384900000000000020e+00
7.689700000000000202e+00
7.689700000000000202e+00
7.809800000000000075e+00
8.115899999999999892e+00
8.344099999999999184e+00
8.055500000000000327e+00
8.499200000000000088e+00
7.689700000000000202e+00
7.689700000000000202e+00
8.281800000000000495e+00
8.221999999999999531e+00
8.499200000000000088e+00
8.480100000000000193e+00
7.924800000000000288e+00
7.689700000000000202e+00
8.499200000000000088e+00
8.499200000000000088e+00
7.689700000000000202e+00
8.163700000000000401e+00
8.422499999999999432e+00
8.237399999999999167e+00
8.140100000000000335e+00
7.858900000000000219e+00
8.499200000000000088e+00
7.689700000000000202e+00
7.689700000000000202e+00
8.082100000000000506e+00
8.149100000000000676e+00
7.927200000000000024e+00
8.204700000000000770e+00
8.487299999999999400e+00
8.499200000000000088e+00
7.830000000000000071e+00
7.969199999999999839e+00
7.689700000000000202e+00
8.499200000000000088e+00
7.815900000000000070e+00
7.689700000000000202e+00
8.349600000000000577e+00
7.689700000000000202e+00
8.262000000000000455e+00
8.036699999999999733e+00
8.499200000000000088e+00
8.267400000000000304e+00
7.689700000000000202e+00
8.499200000000000088e+00
7.689700000000000202e+00
7.816300000000000026e+00
7.689700000000000202e+00
8.499200000000000088e+00
8.269199999999999662e+00
8.485900000000000887e+00
8.499200000000000088e+00
8.285399999999999210e+00
