1.283239999999999981e+01
1.194759999999999955e+01
1.109220000000000006e+01
1.102449999999999974e+01
1.069580000000000020e+01
1.004840000000000089e+01
9.692099999999999937e+00
8.805500000000000327e+00
8.439899999999999736e+00
8.743700000000000472e+00
8.733700000000000685e+00
8.425300000000000011e+00
7.729800000000000004e+00
7.934300000000000352e+00
7.940900000000000070e+00
7.080000000000000071e+00
7.326299999999999812e+00
7.682800000000000296e+00
7.570500000000000007e+00
6.945500000000000007e+00
6.945500000000000007e+00
6.945500000000000007e+00
7.641499999999999737e+00
7.466199999999999726e+00
7.676700000000000301e+00
7.439099999999999824e+00
7.137199999999999989e+00
7.676700000000000301e+00
7.161900000000000155e+00
6.945500000000000007e+00
7.040300000000000225e+00
7.047200000000000131e+00
7.309099999999999930e+00
7.435299999999999798e+00
6.945500000000000007e+00
7.552599999999999980e+00
7.593399999999999928e+00
7.557400000000000340e+00
7.385600000000000165e+00
7.676700000000000301e+00
7.470799999999999663e+00
6.945500000000000007e+00
7.520800000000000374e+00
6.945500000000000007e+00
7.124900000000000233e+00
7.676700000000000301e+00
7.246500000000000163e+00
7.676700000000000301e+00
7.175699999999999967e+00
6.945500000000000007e+00
6.945500000000000007e+00
7.145999999999999908e+00
6.945500000000000007e+00
7.336700000000000443e+00
7.541800000000000281e+00
7.629800000000000360e+00
7.291500000000000092e+00
7.676700000000000301e+00
6.945500000000000007e+00
7.378999999999999559e+00
7.036999999999999922e+00
7.085099999999999731e+00
7.676700000000000301e+00
7.276799999999999713e+00
7.338499999999999801e+00
7.363000000000000433e+00
7.354300000000000281e+00
7.191699999999999982e+00
7.296299999999999564e+00
7.176000000000000156e+00
7.355400000000000382e+00
7.399300000000000210e+00
7.041599999999999859e+00
7.094899999999999984e+00
7.510399999999999743e+00
7.589599999999999902e+00
7.676700000000000301e+00
7.209999999999999964e+00
7.388899999999999579e+00
7.520400000000000418e+00
7.298099999999999810e+00
7.144199999999999662e+00
7.392199999999999882e+00
7.158299999999999663e+00
7.272000000000000242e+00
7.424299999999999677e+00
6.945500000000000007e+00
7.427900000000000169e+00
7.676700000000000301e+00
7.676700000000000301e+00
7.312899999999999956e+00
6.990199999999999747e+00
7.546000000000000263e+00
7.197300000000000253e+00
6.945500000000000007e+00
7.292799999999999727e+00
7.676700000000000301e+00
7.455099999999999838e+00
7.337900000000000311e+00
6.945500000000000007e+00
