1.274610000000000021e+01
1.246400000000000041e+01
1.109900000000000020e+01
1.110389999999999944e+01
1.080400000000000027e+01
9.664600000000000080e+00
9.615299999999999514e+00
9.184799999999999187e+00
8.845000000000000639e+00
8.781299999999999883e+00
8.663800000000000168e+00
8.317099999999999937e+00
7.704299999999999926e+00
7.565100000000000158e+00
7.695999999999999730e+00
7.584600000000000009e+00
7.333099999999999952e+00
7.687299999999999578e+00
7.708400000000000141e+00
8.087899999999999423e+00
7.806199999999999584e+00
7.496299999999999741e+00
7.865300000000000402e+00
7.847400000000000375e+00
7.979300000000000281e+00
7.317599999999999660e+00
7.376299999999999635e+00
8.004300000000000637e+00
8.087899999999999423e+00
7.317599999999999660e+00
7.410199999999999676e+00
7.480100000000000193e+00
7.782899999999999707e+00
8.087899999999999423e+00
7.445700000000000429e+00
7.439000000000000057e+00
7.317599999999999660e+00
7.875200000000000422e+00
7.682199999999999918e+00
7.531699999999999839e+00
7.317599999999999660e+00
7.317599999999999660e+00
7.317599999999999660e+00
7.780300000000000438e+00
7.912099999999999689e+00
7.317599999999999660e+00
7.534799999999999720e+00
7.715600000000000236e+00
7.390699999999999825e+00
8.050800000000000622e+00
7.785899999999999821e+00
7.801800000000000068e+00
7.422100000000000364e+00
7.837600000000000122e+00
8.087899999999999423e+00
8.087899999999999423e+00
7.708899999999999864e+00
8.087899999999999423e+00
7.539100000000000357e+00
8.087899999999999423e+00
7.712299999999999933e+00
7.317599999999999660e+00
7.567700000000000315e+00
7.619600000000000151e+00
7.317599999999999660e+00
8.087899999999999423e+00
7.670899999999999608e+00
7.366699999999999804e+00
7.587399999999999700e+00
8.019600000000000506e+00
7.861399999999999721e+00
8.030099999999999127e+00
8.010799999999999699e+00
7.317599999999999660e+00
7.950599999999999667e+00
7.317599999999999660e+00
7.567000000000000171e+00
8.017300000000000537e+00
7.325099999999999945e+00
7.487700000000000244e+00
7.630700000000000038e+00
7.744399999999999729e+00
8.022199999999999775e+00
7.829200000000000159e+00
8.087899999999999423e+00
7.946600000000000108e+00
7.692999999999999616e+00
7.317599999999999660e+00
8.087899999999999423e+00
7.886199999999999655e+00
8.087899999999999423e+00
7.754299999999999748e+00
7.931899999999999729e+00
7.491999999999999993e+00
7.668800000000000061e+00
7.961100000000000065e+00
7.757100000000000328e+00
7.317599999999999660e+00
7.818800000000000416e+00
7.331400000000000361e+00
