1.178739999999999988e+01
1.130840000000000067e+01
1.111679999999999957e+01
1.129180000000000028e+01
1.008000000000000007e+01
9.626099999999999213e+00
1.007569999999999943e+01
8.925200000000000244e+00
9.193799999999999528e+00
8.317700000000000315e+00
8.048999999999999488e+00
8.227000000000000313e+00
8.379799999999999471e+00
8.060100000000000264e+00
7.893299999999999983e+00
7.284099999999999575e+00
7.119200000000000195e+00
6.822400000000000020e+00
6.935800000000000409e+00
7.385600000000000165e+00
6.647199999999999775e+00
7.197300000000000253e+00
7.161400000000000432e+00
6.635500000000000398e+00
6.970100000000000406e+00
6.635500000000000398e+00
6.635500000000000398e+00
6.761000000000000121e+00
6.635500000000000398e+00
6.635500000000000398e+00
7.333899999999999864e+00
6.698400000000000354e+00
7.059700000000000308e+00
7.002600000000000158e+00
6.870700000000000252e+00
6.635500000000000398e+00
6.644199999999999662e+00
6.967800000000000438e+00
7.333899999999999864e+00
6.652599999999999625e+00
6.816799999999999748e+00
6.828199999999999825e+00
7.072099999999999831e+00
7.333899999999999864e+00
6.635500000000000398e+00
6.753999999999999559e+00
6.694799999999999862e+00
7.333899999999999864e+00
6.887500000000000178e+00
7.333899999999999864e+00
6.685999999999999943e+00
6.849499999999999922e+00
7.306799999999999962e+00
6.858100000000000307e+00
6.759699999999999598e+00
6.712600000000000122e+00
6.790700000000000180e+00
6.635500000000000398e+00
7.314899999999999736e+00
6.741500000000000270e+00
6.780599999999999739e+00
7.244100000000000428e+00
6.694799999999999862e+00
6.733999999999999986e+00
6.956100000000000172e+00
7.256000000000000227e+00
7.253000000000000114e+00
7.033000000000000362e+00
6.775500000000000078e+00
6.635500000000000398e+00
6.927399999999999558e+00
6.875300000000000189e+00
7.333899999999999864e+00
7.238500000000000156e+00
6.635500000000000398e+00
7.016499999999999737e+00
7.163299999999999557e+00
7.100699999999999790e+00
6.685699999999999754e+00
6.635500000000000398e+00
6.939799999999999969e+00
7.333899999999999864e+00
6.726200000000000401e+00
6.978399999999999714e+00
7.156200000000000117e+00
7.092800000000000438e+00
6.780599999999999739e+00
7.209600000000000009e+00
6.635500000000000398e+00
7.046899999999999942e+00
6.998599999999999710e+00
7.332900000000000418e+00
7.300200000000000244e+00
6.935500000000000220e+00
6.837799999999999656e+00
6.635500000000000398e+00
7.086000000000000298e+00
6.968799999999999883e+00
7.095200000000000173e+00
7.107800000000000118e+00
