1.195049999999999990e+01
1.255889999999999951e+01
1.101449999999999996e+01
1.161500000000000021e+01
1.066259999999999941e+01
1.075309999999999988e+01
9.964000000000000412e+00
9.293599999999999639e+00
8.919399999999999551e+00
8.645799999999999486e+00
9.262999999999999901e+00
8.247899999999999565e+00
8.742100000000000648e+00
8.375400000000000844e+00
7.560900000000000176e+00
7.400500000000000078e+00
7.292099999999999582e+00
7.383600000000000385e+00
7.422500000000000320e+00
7.420600000000000307e+00
7.462799999999999656e+00
7.404799999999999827e+00
7.519800000000000040e+00
7.326500000000000234e+00
6.796700000000000408e+00
7.006899999999999906e+00
6.796700000000000408e+00
7.043400000000000105e+00
7.512199999999999989e+00
6.796700000000000408e+00
7.048700000000000188e+00
6.796700000000000408e+00
7.496000000000000441e+00
6.796700000000000408e+00
7.093899999999999650e+00
6.796700000000000408e+00
6.796700000000000408e+00
6.864200000000000301e+00
7.441399999999999793e+00
7.210300000000000153e+00
7.213700000000000223e+00
6.837600000000000122e+00
7.512199999999999989e+00
7.083499999999999908e+00
6.935500000000000220e+00
6.796700000000000408e+00
7.505300000000000082e+00
7.204699999999999882e+00
7.198800000000000310e+00
7.232000000000000206e+00
6.796700000000000408e+00
7.068599999999999994e+00
6.963000000000000078e+00
6.796700000000000408e+00
7.442499999999999893e+00
7.093799999999999883e+00
7.512199999999999989e+00
7.317499999999999893e+00
7.304499999999999993e+00
7.376999999999999780e+00
6.816399999999999793e+00
7.086299999999999599e+00
7.192300000000000360e+00
7.512199999999999989e+00
7.262699999999999712e+00
6.996800000000000352e+00
6.840499999999999581e+00
7.499299999999999855e+00
7.205199999999999605e+00
6.796700000000000408e+00
7.132500000000000284e+00
7.404499999999999638e+00
7.122499999999999609e+00
7.220299999999999940e+00
6.796700000000000408e+00
7.412700000000000067e+00
6.796700000000000408e+00
7.406200000000000117e+00
6.929800000000000182e+00
6.796700000000000408e+00
7.216000000000000192e+00
7.358799999999999564e+00
7.372799999999999798e+00
7.512199999999999989e+00
6.796700000000000408e+00
7.288899999999999935e+00
7.422699999999999854e+00
6.994299999999999962e+00
6.843799999999999883e+00
6.796700000000000408e+00
7.217999999999999972e+00
6.796700000000000408e+00
6.796700000000000408e+00
7.376199999999999868e+00
7.447499999999999787e+00
7.248599999999999710e+00
6.796700000000000408e+00
6.975600000000000023e+00
7.512199999999999989e+00
6.796700000000000408e+00
