1.178739999999999988e+01
1.171250000000000036e+01
1.175689999999999991e+01
1.094689999999999941e+01
1.097409999999999997e+01
9.781800000000000495e+00
9.202500000000000568e+00
8.929000000000000270e+00
8.861200000000000188e+00
8.434699999999999420e+00
7.936099999999999710e+00
7.489799999999999791e+00
7.377399999999999736e+00
7.421100000000000030e+00
6.878400000000000070e+00
6.915499999999999758e+00
6.456100000000000172e+00
6.877699999999999925e+00
6.725999999999999979e+00
5.990700000000000358e+00
6.307100000000000151e+00
6.355699999999999683e+00
6.352500000000000036e+00
6.120199999999999640e+00
6.292399999999999771e+00
6.305799999999999628e+00
5.902599999999999625e+00
6.199300000000000033e+00
5.764300000000000423e+00
5.705300000000000260e+00
6.014000000000000234e+00
5.705300000000000260e+00
5.855599999999999916e+00
5.921100000000000030e+00
5.705300000000000260e+00
5.795600000000000307e+00
6.119100000000000428e+00
5.894199999999999662e+00
5.705300000000000260e+00
6.245199999999999640e+00
6.059300000000000352e+00
6.008200000000000429e+00
6.176999999999999602e+00
6.305799999999999628e+00
5.705300000000000260e+00
6.173399999999999999e+00
5.873099999999999987e+00
5.857599999999999696e+00
5.705300000000000260e+00
5.770100000000000229e+00
6.072300000000000253e+00
6.174599999999999866e+00
6.305799999999999628e+00
5.927599999999999980e+00
6.084399999999999586e+00
6.112199999999999633e+00
6.069300000000000139e+00
5.713300000000000267e+00
6.305799999999999628e+00
6.193200000000000038e+00
5.705300000000000260e+00
6.091199999999999726e+00
6.305799999999999628e+00
6.120400000000000063e+00
5.705300000000000260e+00
6.272400000000000198e+00
5.898600000000000065e+00
6.305799999999999628e+00
5.705300000000000260e+00
6.100500000000000256e+00
6.138399999999999856e+00
6.089000000000000412e+00
6.272400000000000198e+00
5.874500000000000277e+00
6.072700000000000209e+00
5.799000000000000377e+00
6.185100000000000264e+00
6.218499999999999694e+00
5.901200000000000223e+00
6.305799999999999628e+00
6.095699999999999896e+00
5.705300000000000260e+00
5.846499999999999808e+00
6.255099999999999660e+00
5.959800000000000431e+00
5.705300000000000260e+00
6.046599999999999753e+00
5.852100000000000080e+00
5.741900000000000226e+00
6.087600000000000122e+00
5.875899999999999679e+00
6.035000000000000142e+00
5.705300000000000260e+00
5.752200000000000202e+00
5.836599999999999788e+00
6.121500000000000163e+00
5.968200000000000394e+00
5.889300000000000423e+00
5.867399999999999949e+00
5.921400000000000219e+00
