1.180760000000000076e+01
1.250779999999999959e+01
1.131540000000000035e+01
1.066140000000000043e+01
1.040850000000000009e+01
1.039049999999999940e+01
9.709600000000000009e+00
9.478899999999999437e+00
9.294600000000000861e+00
8.466100000000000847e+00
9.090099999999999625e+00
8.579599999999999227e+00
7.817099999999999937e+00
8.312400000000000233e+00
7.511700000000000266e+00
7.397199999999999775e+00
7.969100000000000072e+00
8.007099999999999440e+00
7.644700000000000273e+00
7.693200000000000038e+00
7.921700000000000408e+00
7.193599999999999994e+00
7.832900000000000418e+00
7.277599999999999625e+00
7.765900000000000247e+00
7.950800000000000090e+00
7.193599999999999994e+00
7.950800000000000090e+00
7.488100000000000200e+00
7.633099999999999774e+00
7.330199999999999605e+00
7.950800000000000090e+00
7.589800000000000324e+00
7.233399999999999608e+00
7.193599999999999994e+00
7.432000000000000384e+00
7.193599999999999994e+00
7.714100000000000179e+00
7.493599999999999817e+00
7.486200000000000188e+00
7.561099999999999710e+00
7.546700000000000408e+00
7.730400000000000382e+00
7.193599999999999994e+00
7.659699999999999953e+00
7.514999999999999680e+00
7.751999999999999780e+00
7.666800000000000281e+00
7.628199999999999648e+00
7.835499999999999687e+00
7.845200000000000173e+00
7.557400000000000340e+00
7.603399999999999714e+00
7.526200000000000223e+00
7.819200000000000372e+00
7.894599999999999618e+00
7.193599999999999994e+00
7.474099999999999966e+00
7.199499999999999567e+00
7.713599999999999568e+00
7.584699999999999775e+00
7.653299999999999770e+00
7.529799999999999827e+00
7.438799999999999635e+00
7.950800000000000090e+00
7.318599999999999994e+00
7.409099999999999575e+00
7.950800000000000090e+00
7.475399999999999601e+00
7.193599999999999994e+00
7.950800000000000090e+00
7.397199999999999775e+00
7.212100000000000399e+00
7.279099999999999682e+00
7.259000000000000341e+00
7.937999999999999723e+00
7.548399999999999999e+00
7.246599999999999930e+00
7.193599999999999994e+00
7.544500000000000206e+00
7.524700000000000166e+00
7.267800000000000260e+00
7.857300000000000395e+00
7.286299999999999777e+00
7.551599999999999646e+00
7.193599999999999994e+00
7.802200000000000024e+00
7.193599999999999994e+00
7.193599999999999994e+00
7.902999999999999581e+00
7.950800000000000090e+00
7.338899999999999757e+00
7.533199999999999896e+00
7.277700000000000280e+00
7.193599999999999994e+00
7.263200000000000323e+00
7.489600000000000257e+00
7.355800000000000338e+00
7.193599999999999994e+00
7.193599999999999994e+00
