1.178739999999999988e+01
1.238470000000000049e+01
1.207980000000000054e+01
1.052720000000000056e+01
1.091389999999999993e+01
1.080550000000000033e+01
1.042029999999999923e+01
9.200900000000000745e+00
8.796099999999999142e+00
8.578699999999999548e+00
9.076800000000000423e+00
7.953100000000000058e+00
7.711800000000000210e+00
8.132999999999999119e+00
7.786900000000000155e+00
7.095100000000000406e+00
6.925300000000000011e+00
6.773399999999999643e+00
6.769700000000000273e+00
7.209800000000000431e+00
6.697899999999999743e+00
6.915099999999999802e+00
6.835200000000000387e+00
6.237099999999999866e+00
6.829399999999999693e+00
6.288100000000000023e+00
6.378199999999999648e+00
6.854199999999999626e+00
6.507699999999999818e+00
6.581100000000000172e+00
6.457499999999999574e+00
6.439499999999999780e+00
6.201399999999999579e+00
6.779399999999999871e+00
6.201399999999999579e+00
6.575599999999999667e+00
6.201399999999999579e+00
6.499200000000000088e+00
6.852500000000000036e+00
6.201399999999999579e+00
6.696399999999999686e+00
6.642199999999999882e+00
6.537799999999999834e+00
6.528999999999999915e+00
6.201399999999999579e+00
6.702200000000000379e+00
6.307000000000000384e+00
6.201399999999999579e+00
6.277400000000000091e+00
6.242799999999999905e+00
6.201399999999999579e+00
6.576600000000000001e+00
6.201399999999999579e+00
6.854199999999999626e+00
6.398100000000000342e+00
6.277099999999999902e+00
6.818599999999999994e+00
6.495400000000000063e+00
6.327799999999999869e+00
6.201399999999999579e+00
6.201399999999999579e+00
6.678899999999999615e+00
6.692199999999999704e+00
6.581599999999999895e+00
6.748700000000000365e+00
6.201399999999999579e+00
6.393799999999999706e+00
6.854199999999999626e+00
6.436200000000000365e+00
6.845699999999999896e+00
6.358299999999999841e+00
6.256300000000000416e+00
6.854199999999999626e+00
6.458700000000000330e+00
6.854199999999999626e+00
6.854199999999999626e+00
6.578999999999999737e+00
6.201399999999999579e+00
6.466599999999999682e+00
6.703999999999999737e+00
6.696399999999999686e+00
6.854199999999999626e+00
6.671700000000000408e+00
6.298600000000000421e+00
6.342699999999999783e+00
6.354199999999999626e+00
6.854199999999999626e+00
6.613699999999999690e+00
6.692199999999999704e+00
6.691099999999999604e+00
6.201399999999999579e+00
6.731099999999999639e+00
6.536999999999999922e+00
6.201399999999999579e+00
6.228100000000000414e+00
6.437500000000000000e+00
6.854199999999999626e+00
6.854199999999999626e+00
6.854199999999999626e+00
6.374699999999999811e+00
