1.236190000000000033e+01
1.222949999999999982e+01
1.127089999999999925e+01
1.092549999999999955e+01
1.114760000000000062e+01
1.030189999999999984e+01
1.039540000000000042e+01
9.697599999999999554e+00
8.951100000000000279e+00
9.243199999999999861e+00
9.060399999999999565e+00
8.246600000000000819e+00
8.044200000000000017e+00
8.061700000000000088e+00
8.454499999999999460e+00
8.448399999999999466e+00
8.003099999999999881e+00
7.911999999999999922e+00
8.136900000000000688e+00
7.832499999999999574e+00
8.089499999999999247e+00
8.123799999999999244e+00
8.499200000000000088e+00
8.497099999999999653e+00
8.499200000000000088e+00
8.157700000000000173e+00
8.020699999999999719e+00
8.499200000000000088e+00
8.054100000000000037e+00
8.499200000000000088e+00
8.397500000000000853e+00
8.150800000000000267e+00
8.122700000000000031e+00
8.016000000000000014e+00
8.473300000000000054e+00
8.499200000000000088e+00
8.379899999999999238e+00
8.224899999999999878e+00
8.157199999999999562e+00
7.689700000000000202e+00
8.279700000000000060e+00
8.015299999999999869e+00
7.811600000000000321e+00
8.110500000000000043e+00
8.499200000000000088e+00
7.689700000000000202e+00
7.930900000000000283e+00
7.958000000000000185e+00
8.499200000000000088e+00
8.200200000000000600e+00
8.091699999999999449e+00
8.236200000000000188e+00
8.060499999999999332e+00
7.689700000000000202e+00
8.301600000000000534e+00
8.499200000000000088e+00
8.499200000000000088e+00
8.452600000000000335e+00
8.070000000000000284e+00
7.888399999999999856e+00
7.953400000000000247e+00
8.071999999999999176e+00
8.238699999999999690e+00
8.310299999999999798e+00
7.935900000000000176e+00
7.689700000000000202e+00
8.301600000000000534e+00
7.840700000000000003e+00
7.689700000000000202e+00
7.689700000000000202e+00
8.003099999999999881e+00
7.689700000000000202e+00
8.302400000000000446e+00
7.689700000000000202e+00
8.015599999999999170e+00
7.950599999999999667e+00
7.951200000000000045e+00
7.689700000000000202e+00
8.044499999999999318e+00
8.032600000000000406e+00
7.928600000000000314e+00
7.689700000000000202e+00
8.499200000000000088e+00
7.953700000000000436e+00
8.499200000000000088e+00
8.499200000000000088e+00
8.039999999999999147e+00
8.479699999999999349e+00
7.986900000000000333e+00
7.689700000000000202e+00
8.385799999999999699e+00
8.203400000000000247e+00
7.912700000000000067e+00
8.354599999999999582e+00
8.006299999999999528e+00
7.689700000000000202e+00
8.138700000000000045e+00
7.933900000000000396e+00
7.689700000000000202e+00
8.053900000000000503e+00
