1.234270000000000067e+01
1.232460000000000022e+01
1.093410000000000082e+01
1.037909999999999933e+01
1.050319999999999965e+01
1.055920000000000059e+01
9.804000000000000270e+00
9.374599999999999156e+00
9.364200000000000301e+00
8.497799999999999798e+00
8.192700000000000315e+00
8.384499999999999176e+00
7.980999999999999872e+00
7.621000000000000441e+00
7.758799999999999919e+00
7.660999999999999588e+00
7.066300000000000026e+00
7.096899999999999764e+00
6.958999999999999631e+00
6.945500000000000007e+00
7.290799999999999947e+00
7.676700000000000301e+00
7.248800000000000132e+00
7.610400000000000276e+00
7.368599999999999817e+00
6.945500000000000007e+00
7.676700000000000301e+00
7.676700000000000301e+00
7.583999999999999631e+00
7.420099999999999696e+00
7.676700000000000301e+00
6.945500000000000007e+00
7.568399999999999572e+00
7.423600000000000421e+00
7.086000000000000298e+00
7.409299999999999997e+00
6.945500000000000007e+00
7.171400000000000219e+00
6.945500000000000007e+00
7.589299999999999713e+00
7.021700000000000053e+00
6.978600000000000136e+00
7.334900000000000198e+00
7.676700000000000301e+00
7.493699999999999584e+00
6.945500000000000007e+00
6.945500000000000007e+00
7.648900000000000254e+00
7.559599999999999653e+00
7.676700000000000301e+00
7.247600000000000264e+00
7.263200000000000323e+00
7.382699999999999818e+00
7.411699999999999733e+00
7.536900000000000155e+00
7.493400000000000283e+00
7.676700000000000301e+00
7.081999999999999851e+00
7.176999999999999602e+00
7.249600000000000044e+00
6.945500000000000007e+00
7.117899999999999672e+00
7.308500000000000441e+00
6.945500000000000007e+00
7.264700000000000379e+00
6.945500000000000007e+00
6.945500000000000007e+00
7.138099999999999667e+00
7.530000000000000249e+00
7.253700000000000259e+00
7.434499999999999886e+00
7.595500000000000362e+00
7.142800000000000260e+00
7.161100000000000243e+00
7.513600000000000279e+00
6.945500000000000007e+00
7.569300000000000139e+00
7.676700000000000301e+00
7.472400000000000375e+00
7.278299999999999770e+00
7.572099999999999831e+00
7.236699999999999910e+00
7.485800000000000232e+00
7.331699999999999662e+00
7.149099999999999788e+00
7.676700000000000301e+00
7.182599999999999874e+00
7.632399999999999629e+00
7.278299999999999770e+00
6.945500000000000007e+00
7.405000000000000249e+00
7.660199999999999676e+00
7.433200000000000252e+00
7.416800000000000281e+00
7.017400000000000304e+00
7.676700000000000301e+00
7.676700000000000301e+00
7.145999999999999908e+00
7.176000000000000156e+00
6.956199999999999939e+00
