1.178739999999999988e+01
1.135720000000000063e+01
1.209939999999999927e+01
1.166820000000000057e+01
1.044969999999999999e+01
1.032549999999999990e+01
1.003839999999999932e+01
9.196400000000000574e+00
8.906299999999999883e+00
8.636200000000000543e+00
8.684699999999999420e+00
8.395799999999999486e+00
8.782299999999999329e+00
7.755899999999999572e+00
7.799199999999999910e+00
8.029299999999999216e+00
7.998099999999999987e+00
7.294299999999999784e+00
7.281100000000000350e+00
7.200700000000000323e+00
7.333099999999999952e+00
6.955599999999999561e+00
7.407899999999999707e+00
7.641200000000000436e+00
7.619600000000000151e+00
6.945500000000000007e+00
7.317700000000000315e+00
6.945500000000000007e+00
7.445299999999999585e+00
7.627299999999999969e+00
7.676700000000000301e+00
7.416999999999999815e+00
6.945500000000000007e+00
7.676700000000000301e+00
7.330799999999999983e+00
7.676700000000000301e+00
6.945500000000000007e+00
7.260799999999999699e+00
7.277899999999999814e+00
7.227500000000000036e+00
6.945500000000000007e+00
7.644599999999999618e+00
7.433600000000000207e+00
6.945500000000000007e+00
7.303099999999999703e+00
7.597299999999999720e+00
7.234600000000000364e+00
7.125700000000000145e+00
6.945500000000000007e+00
7.253700000000000259e+00
7.234499999999999709e+00
7.270599999999999952e+00
7.030899999999999928e+00
7.516200000000000436e+00
7.676700000000000301e+00
7.676700000000000301e+00
6.945500000000000007e+00
7.511000000000000121e+00
7.266600000000000392e+00
7.618299999999999628e+00
7.623899999999999899e+00
7.676700000000000301e+00
7.291199999999999903e+00
7.326600000000000001e+00
7.206000000000000405e+00
7.092900000000000205e+00
6.945500000000000007e+00
6.988100000000000200e+00
6.964100000000000179e+00
7.622700000000000031e+00
7.676700000000000301e+00
7.576500000000000234e+00
6.945500000000000007e+00
7.676700000000000301e+00
7.391000000000000014e+00
7.459200000000000053e+00
7.367700000000000138e+00
7.482400000000000162e+00
7.676700000000000301e+00
7.586400000000000254e+00
7.124100000000000321e+00
7.295700000000000074e+00
7.605500000000000149e+00
7.112800000000000011e+00
7.249299999999999855e+00
7.347500000000000142e+00
7.134400000000000297e+00
7.059400000000000119e+00
7.018299999999999983e+00
7.478200000000000180e+00
7.277099999999999902e+00
7.676700000000000301e+00
7.258300000000000196e+00
7.054100000000000037e+00
6.996599999999999930e+00
7.427999999999999936e+00
7.193999999999999950e+00
7.305699999999999861e+00
7.464199999999999946e+00
7.676700000000000301e+00
