1.233380000000000010e+01
1.191089999999999982e+01
1.213509999999999955e+01
1.095780000000000065e+01
1.070480000000000054e+01
1.063700000000000045e+01
1.058189999999999920e+01
1.024220000000000041e+01
9.356099999999999639e+00
8.894600000000000506e+00
8.449899999999999523e+00
8.212799999999999656e+00
8.358599999999999142e+00
8.611299999999999955e+00
8.407500000000000639e+00
7.592900000000000205e+00
7.290600000000000414e+00
7.682699999999999640e+00
7.044699999999999740e+00
7.384400000000000297e+00
7.120899999999999785e+00
6.807500000000000107e+00
7.475600000000000023e+00
7.029899999999999594e+00
7.324399999999999800e+00
6.728500000000000369e+00
7.436799999999999855e+00
7.236600000000000144e+00
6.728500000000000369e+00
6.804499999999999993e+00
7.353299999999999947e+00
6.984099999999999753e+00
7.187100000000000044e+00
6.927800000000000402e+00
7.037899999999999601e+00
6.755399999999999849e+00
7.436799999999999855e+00
6.953400000000000247e+00
6.728500000000000369e+00
7.172699999999999854e+00
7.436799999999999855e+00
6.728500000000000369e+00
6.974700000000000344e+00
6.854599999999999582e+00
7.161699999999999733e+00
6.728500000000000369e+00
6.728500000000000369e+00
7.049800000000000288e+00
7.436799999999999855e+00
7.055799999999999628e+00
7.306600000000000428e+00
6.906799999999999606e+00
7.161900000000000155e+00
6.851899999999999658e+00
7.226300000000000168e+00
6.772800000000000153e+00
6.728500000000000369e+00
7.138099999999999667e+00
7.299599999999999866e+00
6.839500000000000135e+00
7.436799999999999855e+00
6.904200000000000337e+00
7.171199999999999797e+00
6.800900000000000389e+00
7.144999999999999574e+00
6.966499999999999915e+00
7.436799999999999855e+00
6.728500000000000369e+00
6.927800000000000402e+00
7.068999999999999950e+00
7.421299999999999564e+00
6.998899999999999899e+00
7.394199999999999662e+00
7.250399999999999956e+00
7.246299999999999741e+00
7.201500000000000234e+00
7.436799999999999855e+00
7.377500000000000391e+00
6.968300000000000161e+00
7.279799999999999827e+00
6.925500000000000433e+00
7.113100000000000200e+00
7.265500000000000291e+00
7.216899999999999871e+00
6.794800000000000395e+00
6.926499999999999879e+00
7.177299999999999791e+00
7.081100000000000172e+00
6.823199999999999932e+00
7.276799999999999713e+00
6.890500000000000291e+00
7.113500000000000156e+00
6.974000000000000199e+00
7.173099999999999810e+00
6.891099999999999781e+00
7.436799999999999855e+00
6.728500000000000369e+00
6.728500000000000369e+00
7.351700000000000124e+00
7.266099999999999781e+00
