1.302810000000000024e+01
1.129110000000000014e+01
1.082169999999999987e+01
1.062560000000000038e+01
1.101210000000000022e+01
1.045410000000000039e+01
9.212199999999999278e+00
9.598800000000000665e+00
9.066100000000000492e+00
9.159100000000000463e+00
8.640000000000000568e+00
8.454200000000000159e+00
8.041700000000000514e+00
7.645800000000000374e+00
7.724000000000000199e+00
7.335499999999999687e+00
7.696399999999999686e+00
7.618400000000000283e+00
7.373199999999999754e+00
7.452300000000000146e+00
6.945500000000000007e+00
7.010699999999999932e+00
7.391700000000000159e+00
7.408599999999999852e+00
7.259699999999999598e+00
7.561799999999999855e+00
7.676700000000000301e+00
7.488699999999999690e+00
6.945500000000000007e+00
7.614600000000000257e+00
7.078199999999999825e+00
7.222000000000000419e+00
7.304400000000000226e+00
7.517999999999999794e+00
7.576600000000000001e+00
7.573400000000000354e+00
7.676700000000000301e+00
6.945500000000000007e+00
7.103799999999999670e+00
7.360999999999999766e+00
6.962500000000000355e+00
7.375099999999999767e+00
7.676700000000000301e+00
6.985899999999999999e+00
7.676700000000000301e+00
7.676700000000000301e+00
7.536599999999999966e+00
7.289600000000000080e+00
7.676700000000000301e+00
7.663899999999999935e+00
6.945500000000000007e+00
6.972800000000000331e+00
6.945500000000000007e+00
6.945500000000000007e+00
7.620199999999999640e+00
7.676700000000000301e+00
7.545799999999999841e+00
7.590900000000000425e+00
7.418400000000000105e+00
7.440500000000000114e+00
7.676700000000000301e+00
7.295499999999999652e+00
7.278800000000000381e+00
7.426599999999999646e+00
7.475500000000000256e+00
7.093300000000000161e+00
7.122600000000000264e+00
6.945500000000000007e+00
6.945500000000000007e+00
7.436600000000000321e+00
6.967600000000000016e+00
6.945500000000000007e+00
7.237099999999999866e+00
7.534299999999999997e+00
7.520400000000000418e+00
7.440199999999999925e+00
7.676700000000000301e+00
7.583199999999999719e+00
7.319899999999999629e+00
7.523100000000000342e+00
7.340300000000000047e+00
7.633300000000000196e+00
7.357800000000000118e+00
6.945500000000000007e+00
6.954799999999999649e+00
6.998000000000000220e+00
7.602899999999999991e+00
6.945500000000000007e+00
6.945500000000000007e+00
7.038000000000000256e+00
7.059199999999999697e+00
7.421999999999999709e+00
7.085300000000000153e+00
7.342500000000000249e+00
7.521700000000000053e+00
7.210899999999999643e+00
7.531100000000000350e+00
7.507900000000000240e+00
7.676700000000000301e+00
7.589400000000000368e+00
