1.243909999999999982e+01
1.159609999999999985e+01
1.095400000000000063e+01
1.056859999999999999e+01
1.032429999999999914e+01
1.041779999999999973e+01
9.959099999999999397e+00
1.020739999999999981e+01
8.954000000000000625e+00
9.148699999999999832e+00
9.110599999999999810e+00
8.596799999999999997e+00
8.037399999999999878e+00
8.492599999999999483e+00
7.703999999999999737e+00
8.365299999999999514e+00
8.238699999999999690e+00
7.689700000000000202e+00
7.434499999999999886e+00
7.996900000000000119e+00
7.947099999999999831e+00
7.301199999999999690e+00
7.950800000000000090e+00
7.481499999999999595e+00
7.487300000000000288e+00
7.193599999999999994e+00
7.480800000000000338e+00
7.942899999999999849e+00
7.427900000000000169e+00
7.307500000000000107e+00
7.193599999999999994e+00
7.223399999999999821e+00
7.741999999999999993e+00
7.193599999999999994e+00
7.380499999999999616e+00
7.950800000000000090e+00
7.912099999999999689e+00
7.950800000000000090e+00
7.755399999999999849e+00
7.892599999999999838e+00
7.407399999999999984e+00
7.423300000000000232e+00
7.923499999999999766e+00
7.781699999999999839e+00
7.790799999999999947e+00
7.193599999999999994e+00
7.397300000000000431e+00
7.950800000000000090e+00
7.950800000000000090e+00
7.950800000000000090e+00
7.543599999999999639e+00
7.950800000000000090e+00
7.950800000000000090e+00
7.386300000000000310e+00
7.193599999999999994e+00
7.576200000000000045e+00
7.436200000000000365e+00
7.638600000000000279e+00
7.193599999999999994e+00
7.206599999999999895e+00
7.815100000000000158e+00
7.863999999999999879e+00
7.950800000000000090e+00
7.193599999999999994e+00
7.608600000000000030e+00
7.950800000000000090e+00
7.483100000000000307e+00
7.193599999999999994e+00
7.908599999999999852e+00
7.321600000000000108e+00
7.695999999999999730e+00
7.950800000000000090e+00
7.226600000000000357e+00
7.950800000000000090e+00
7.584200000000000053e+00
7.193599999999999994e+00
7.223799999999999777e+00
7.950800000000000090e+00
7.469500000000000028e+00
7.911900000000000155e+00
7.593499999999999694e+00
7.494699999999999918e+00
7.320199999999999818e+00
7.894199999999999662e+00
7.255799999999999805e+00
7.490300000000000402e+00
7.950800000000000090e+00
7.535099999999999909e+00
7.653500000000000192e+00
7.372600000000000264e+00
7.768299999999999983e+00
7.193599999999999994e+00
7.389800000000000146e+00
7.406799999999999606e+00
7.193599999999999994e+00
7.301899999999999835e+00
7.498300000000000409e+00
7.473600000000000243e+00
7.950800000000000090e+00
7.670600000000000307e+00
