1.213310000000000066e+01
1.263119999999999976e+01
1.182830000000000048e+01
1.116810000000000080e+01
1.125099999999999945e+01
1.121230000000000082e+01
9.861700000000000799e+00
1.037240000000000073e+01
9.886499999999999844e+00
9.304899999999999949e+00
9.470399999999999707e+00
9.475600000000000023e+00
8.920899999999999608e+00
8.902499999999999858e+00
8.150000000000000355e+00
8.760699999999999932e+00
8.603099999999999525e+00
8.381600000000000605e+00
7.660899999999999821e+00
7.576900000000000190e+00
7.900900000000000034e+00
7.454600000000000115e+00
8.197100000000000719e+00
8.171699999999999520e+00
7.997700000000000031e+00
7.591599999999999682e+00
7.675200000000000244e+00
8.163299999999999557e+00
8.000099999999999767e+00
7.839599999999999902e+00
7.385799999999999699e+00
7.385799999999999699e+00
8.163299999999999557e+00
8.155499999999999972e+00
8.163299999999999557e+00
7.730699999999999683e+00
7.676700000000000301e+00
7.385799999999999699e+00
7.385799999999999699e+00
7.385799999999999699e+00
7.739300000000000068e+00
7.543800000000000061e+00
7.894300000000000317e+00
7.772800000000000153e+00
7.385799999999999699e+00
7.910400000000000098e+00
7.813399999999999679e+00
8.163299999999999557e+00
7.702300000000000146e+00
7.554499999999999993e+00
7.818900000000000183e+00
7.685599999999999987e+00
7.810999999999999943e+00
7.882200000000000095e+00
8.163299999999999557e+00
7.558300000000000018e+00
7.469199999999999839e+00
7.739499999999999602e+00
7.385799999999999699e+00
7.764100000000000001e+00
8.163299999999999557e+00
7.385799999999999699e+00
8.163299999999999557e+00
7.777400000000000091e+00
7.729499999999999815e+00
7.697899999999999743e+00
8.038100000000000023e+00
8.163299999999999557e+00
7.385799999999999699e+00
7.774499999999999744e+00
8.163299999999999557e+00
7.951999999999999957e+00
8.145599999999999952e+00
8.029799999999999827e+00
7.934700000000000308e+00
7.489099999999999646e+00
7.542900000000000382e+00
8.163299999999999557e+00
7.460399999999999920e+00
8.055899999999999395e+00
7.812800000000000189e+00
7.693500000000000227e+00
7.965600000000000236e+00
7.591999999999999638e+00
7.630099999999999660e+00
8.163299999999999557e+00
7.521600000000000286e+00
7.385799999999999699e+00
7.385799999999999699e+00
8.163299999999999557e+00
8.163299999999999557e+00
7.385799999999999699e+00
7.385799999999999699e+00
7.493900000000000006e+00
7.468700000000000117e+00
8.163299999999999557e+00
7.734600000000000364e+00
7.991999999999999993e+00
8.163299999999999557e+00
7.725500000000000256e+00
