1.237800000000000011e+01
1.169640000000000057e+01
1.183419999999999916e+01
1.112959999999999994e+01
1.132859999999999978e+01
9.910999999999999588e+00
1.012379999999999924e+01
9.288700000000000401e+00
9.896900000000000475e+00
9.086299999999999599e+00
8.570499999999999119e+00
8.914300000000000779e+00
8.275100000000000122e+00
8.388400000000000745e+00
8.058500000000000441e+00
8.324099999999999611e+00
7.928799999999999848e+00
7.725500000000000256e+00
7.641300000000000203e+00
7.838499999999999801e+00
7.029600000000000293e+00
7.717100000000000293e+00
7.429599999999999760e+00
7.412700000000000067e+00
7.057100000000000151e+00
7.295499999999999652e+00
7.419699999999999740e+00
6.951100000000000279e+00
6.945500000000000007e+00
6.970900000000000318e+00
7.354000000000000092e+00
7.328800000000000203e+00
7.670399999999999885e+00
7.291400000000000325e+00
7.166599999999999859e+00
7.029700000000000060e+00
6.945500000000000007e+00
7.019400000000000084e+00
7.086000000000000298e+00
7.320599999999999774e+00
7.517699999999999605e+00
7.650299999999999656e+00
7.345399999999999707e+00
7.305900000000000283e+00
6.980199999999999960e+00
6.945500000000000007e+00
7.357300000000000395e+00
7.676700000000000301e+00
7.202700000000000102e+00
6.945500000000000007e+00
7.478900000000000325e+00
7.422699999999999854e+00
7.152300000000000324e+00
7.676700000000000301e+00
7.634599999999999831e+00
7.342999999999999972e+00
7.006499999999999950e+00
7.197499999999999787e+00
7.265399999999999636e+00
7.676700000000000301e+00
7.575800000000000090e+00
7.461199999999999832e+00
7.676700000000000301e+00
6.945500000000000007e+00
7.400500000000000078e+00
7.676700000000000301e+00
6.945500000000000007e+00
6.945500000000000007e+00
7.232499999999999929e+00
7.003800000000000026e+00
7.492799999999999905e+00
7.170799999999999841e+00
7.629999999999999893e+00
7.260399999999999743e+00
6.945500000000000007e+00
7.676700000000000301e+00
6.945500000000000007e+00
7.131000000000000227e+00
7.340300000000000047e+00
7.676700000000000301e+00
6.992300000000000182e+00
6.945500000000000007e+00
7.527599999999999625e+00
7.322600000000000442e+00
7.561799999999999855e+00
6.967900000000000205e+00
7.332699999999999996e+00
7.676700000000000301e+00
7.179299999999999571e+00
7.367700000000000138e+00
7.676700000000000301e+00
7.605999999999999872e+00
6.945500000000000007e+00
7.239399999999999835e+00
6.945500000000000007e+00
7.581699999999999662e+00
7.550399999999999778e+00
7.012299999999999756e+00
7.636099999999999888e+00
7.676700000000000301e+00
