1.278720000000000034e+01
1.137739999999999974e+01
1.142319999999999958e+01
1.118149999999999977e+01
1.044030000000000058e+01
9.642400000000000304e+00
9.717000000000000526e+00
9.281599999999999184e+00
8.876099999999999213e+00
8.313700000000000756e+00
7.833499999999999908e+00
7.973499999999999588e+00
7.178399999999999892e+00
7.499699999999999811e+00
6.947899999999999743e+00
7.615599999999999703e+00
7.001400000000000290e+00
7.377399999999999736e+00
7.594400000000000261e+00
7.383600000000000385e+00
7.389800000000000146e+00
6.988100000000000200e+00
7.233200000000000074e+00
6.871100000000000207e+00
7.149899999999999700e+00
6.871100000000000207e+00
7.472199999999999953e+00
6.871100000000000207e+00
7.594400000000000261e+00
6.871100000000000207e+00
7.594400000000000261e+00
7.533000000000000362e+00
7.434700000000000308e+00
7.594400000000000261e+00
6.871100000000000207e+00
7.267199999999999882e+00
7.432500000000000107e+00
7.210499999999999687e+00
7.382200000000000095e+00
7.056400000000000006e+00
6.871100000000000207e+00
7.341999999999999638e+00
7.565100000000000158e+00
6.989799999999999791e+00
7.594400000000000261e+00
7.015600000000000058e+00
7.215799999999999770e+00
6.871100000000000207e+00
7.594400000000000261e+00
7.185999999999999943e+00
7.078700000000000436e+00
7.396799999999999820e+00
6.955899999999999750e+00
6.973300000000000054e+00
7.579500000000000348e+00
7.498899999999999899e+00
6.925500000000000433e+00
6.871999999999999886e+00
6.871100000000000207e+00
7.594400000000000261e+00
6.871100000000000207e+00
7.594400000000000261e+00
7.579100000000000392e+00
7.023699999999999832e+00
7.232999999999999652e+00
7.026299999999999990e+00
7.594400000000000261e+00
7.455700000000000216e+00
7.213400000000000034e+00
7.272899999999999920e+00
6.871100000000000207e+00
7.273299999999999876e+00
6.916599999999999859e+00
7.403500000000000192e+00
6.982199999999999740e+00
7.583800000000000097e+00
6.871100000000000207e+00
7.207799999999999763e+00
7.594400000000000261e+00
6.871100000000000207e+00
7.119799999999999685e+00
7.594400000000000261e+00
7.594400000000000261e+00
7.147999999999999687e+00
6.915399999999999991e+00
7.594400000000000261e+00
7.594400000000000261e+00
7.182199999999999918e+00
7.041400000000000325e+00
7.216800000000000104e+00
7.374100000000000321e+00
7.582600000000000229e+00
6.928899999999999615e+00
7.106099999999999639e+00
7.436200000000000365e+00
7.594400000000000261e+00
7.265100000000000335e+00
7.106399999999999828e+00
7.465700000000000003e+00
7.406600000000000072e+00
