1.283230000000000004e+01
1.241709999999999958e+01
1.165450000000000053e+01
1.130599999999999916e+01
9.776899999999999480e+00
9.385799999999999699e+00
8.972699999999999676e+00
8.620900000000000674e+00
9.097699999999999676e+00
8.204000000000000625e+00
7.766499999999999737e+00
8.319599999999999440e+00
7.364399999999999835e+00
7.972900000000000098e+00
7.804199999999999804e+00
7.012599999999999945e+00
7.433799999999999741e+00
6.982099999999999973e+00
7.612599999999999589e+00
7.525900000000000034e+00
7.355100000000000193e+00
6.945500000000000007e+00
7.268900000000000361e+00
7.476200000000000401e+00
6.945500000000000007e+00
7.515100000000000335e+00
7.507600000000000051e+00
7.522899999999999920e+00
7.360500000000000043e+00
6.945500000000000007e+00
7.351300000000000168e+00
6.972800000000000331e+00
7.114600000000000257e+00
7.490999999999999659e+00
6.945500000000000007e+00
7.090700000000000003e+00
7.676700000000000301e+00
7.131199999999999761e+00
7.324600000000000222e+00
6.977599999999999802e+00
7.214400000000000368e+00
7.264899999999999913e+00
7.480299999999999727e+00
7.676700000000000301e+00
6.945500000000000007e+00
7.189099999999999824e+00
7.676700000000000301e+00
7.583899999999999864e+00
7.362400000000000055e+00
7.620199999999999640e+00
7.504500000000000171e+00
6.945500000000000007e+00
6.965799999999999770e+00
7.174699999999999633e+00
7.302900000000000169e+00
7.057299999999999685e+00
6.945500000000000007e+00
7.661200000000000010e+00
7.401699999999999946e+00
7.237099999999999866e+00
7.026299999999999990e+00
7.018699999999999939e+00
6.945500000000000007e+00
7.545700000000000074e+00
6.945500000000000007e+00
6.945500000000000007e+00
7.549000000000000377e+00
7.471199999999999619e+00
7.434300000000000352e+00
7.676700000000000301e+00
7.676700000000000301e+00
7.676700000000000301e+00
7.362700000000000244e+00
7.676700000000000301e+00
7.676700000000000301e+00
6.945500000000000007e+00
7.676700000000000301e+00
7.229099999999999859e+00
7.263399999999999856e+00
6.945500000000000007e+00
7.676700000000000301e+00
6.956100000000000172e+00
7.612000000000000099e+00
7.323900000000000077e+00
7.594999999999999751e+00
7.400500000000000078e+00
7.676700000000000301e+00
6.945500000000000007e+00
7.229400000000000048e+00
7.232000000000000206e+00
7.234099999999999753e+00
7.676700000000000301e+00
7.169900000000000162e+00
7.077899999999999636e+00
7.620400000000000063e+00
7.063500000000000334e+00
7.190999999999999837e+00
6.945500000000000007e+00
7.626299999999999635e+00
7.468300000000000161e+00
