1.180620000000000047e+01
1.135169999999999924e+01
1.152640000000000065e+01
1.165070000000000050e+01
1.075660000000000061e+01
1.071889999999999965e+01
1.010679999999999978e+01
9.618000000000000327e+00
9.072800000000000864e+00
9.500600000000000378e+00
8.706699999999999662e+00
8.963100000000000733e+00
7.989099999999999646e+00
8.515200000000000102e+00
8.160199999999999676e+00
7.748999999999999666e+00
7.820100000000000051e+00
7.570400000000000240e+00
7.045600000000000307e+00
7.475699999999999790e+00
7.632399999999999629e+00
7.619299999999999962e+00
6.939300000000000246e+00
7.249399999999999622e+00
7.324600000000000222e+00
7.291299999999999670e+00
6.883499999999999730e+00
7.535499999999999865e+00
7.449099999999999611e+00
7.309400000000000119e+00
7.018500000000000405e+00
6.883499999999999730e+00
6.883499999999999730e+00
6.883499999999999730e+00
6.883499999999999730e+00
7.326399999999999579e+00
7.608100000000000307e+00
7.608100000000000307e+00
7.050200000000000244e+00
7.024200000000000443e+00
7.149799999999999933e+00
7.185399999999999565e+00
7.312500000000000000e+00
6.996400000000000396e+00
7.105699999999999683e+00
6.883499999999999730e+00
7.608100000000000307e+00
6.883499999999999730e+00
7.608100000000000307e+00
7.608100000000000307e+00
6.883499999999999730e+00
7.364300000000000068e+00
7.456299999999999706e+00
6.883499999999999730e+00
7.229199999999999626e+00
7.608100000000000307e+00
7.261400000000000077e+00
7.342600000000000016e+00
7.021799999999999820e+00
7.120599999999999596e+00
7.190400000000000347e+00
6.883499999999999730e+00
7.608100000000000307e+00
7.337900000000000311e+00
7.451699999999999768e+00
6.904099999999999682e+00
7.208400000000000141e+00
7.312299999999999578e+00
6.883499999999999730e+00
6.956199999999999939e+00
7.211400000000000254e+00
7.338799999999999990e+00
6.975500000000000256e+00
6.903500000000000192e+00
6.998899999999999899e+00
7.486100000000000421e+00
6.883499999999999730e+00
7.243299999999999628e+00
6.883499999999999730e+00
6.978100000000000414e+00
6.908199999999999896e+00
7.274499999999999744e+00
7.440299999999999692e+00
7.240999999999999659e+00
7.022000000000000242e+00
6.929499999999999993e+00
7.608100000000000307e+00
7.488999999999999879e+00
7.219199999999999839e+00
7.409200000000000230e+00
7.565999999999999837e+00
7.389999999999999680e+00
7.215900000000000425e+00
7.608100000000000307e+00
7.608100000000000307e+00
6.916999999999999815e+00
7.114700000000000024e+00
7.014199999999999768e+00
7.346599999999999575e+00
7.129400000000000404e+00
