1.178739999999999988e+01
1.147339999999999982e+01
1.094710000000000072e+01
1.076779999999999937e+01
1.018679999999999986e+01
9.836600000000000676e+00
9.612999999999999545e+00
9.993000000000000327e+00
9.319200000000000372e+00
9.386400000000000077e+00
9.111000000000000654e+00
9.014499999999999957e+00
7.945899999999999963e+00
8.194599999999999440e+00
8.375299999999999301e+00
8.218400000000000816e+00
7.378300000000000303e+00
7.195599999999999774e+00
7.576800000000000423e+00
7.670799999999999841e+00
7.672799999999999621e+00
7.202200000000000379e+00
7.126299999999999635e+00
7.520199999999999996e+00
7.530100000000000016e+00
6.945500000000000007e+00
7.301300000000000345e+00
7.631199999999999761e+00
7.553899999999999615e+00
7.676700000000000301e+00
7.553799999999999848e+00
6.945500000000000007e+00
7.654499999999999638e+00
6.945500000000000007e+00
7.639499999999999957e+00
7.613699999999999690e+00
7.676700000000000301e+00
7.676700000000000301e+00
7.663100000000000023e+00
7.546499999999999986e+00
7.576100000000000279e+00
6.945500000000000007e+00
6.945500000000000007e+00
7.421899999999999942e+00
7.020500000000000185e+00
7.224300000000000388e+00
7.299900000000000055e+00
6.945500000000000007e+00
7.325800000000000090e+00
7.524300000000000210e+00
6.945500000000000007e+00
7.267400000000000304e+00
6.945500000000000007e+00
7.498000000000000220e+00
7.627100000000000435e+00
7.483600000000000030e+00
7.052500000000000213e+00
6.945500000000000007e+00
7.663100000000000023e+00
7.388200000000000323e+00
7.676700000000000301e+00
7.084800000000000431e+00
7.408100000000000129e+00
6.945500000000000007e+00
6.945500000000000007e+00
7.676700000000000301e+00
7.418800000000000061e+00
7.354099999999999859e+00
7.008499999999999730e+00
7.451500000000000234e+00
7.138099999999999667e+00
7.275999999999999801e+00
7.038899999999999935e+00
7.548499999999999766e+00
7.469699999999999562e+00
6.945500000000000007e+00
7.368400000000000283e+00
7.136999999999999567e+00
7.169200000000000017e+00
7.064799999999999969e+00
7.312999999999999723e+00
6.967999999999999972e+00
7.676700000000000301e+00
7.011099999999999888e+00
7.416400000000000325e+00
6.945500000000000007e+00
7.059599999999999653e+00
7.676700000000000301e+00
6.945500000000000007e+00
7.299800000000000288e+00
7.676700000000000301e+00
7.561200000000000365e+00
6.945500000000000007e+00
6.945500000000000007e+00
7.311399999999999899e+00
7.603200000000000180e+00
6.945500000000000007e+00
6.945500000000000007e+00
7.676700000000000301e+00
7.676700000000000301e+00
