1.259029999999999916e+01
1.224510000000000076e+01
1.092060000000000031e+01
1.142249999999999943e+01
1.015019999999999989e+01
9.898099999999999454e+00
1.047359999999999935e+01
9.325300000000000367e+00
8.898300000000000765e+00
8.645500000000000185e+00
8.416700000000000514e+00
8.212099999999999511e+00
8.300200000000000244e+00
8.308600000000000207e+00
8.557600000000000762e+00
8.281800000000000495e+00
7.549999999999999822e+00
8.120300000000000296e+00
7.724400000000000155e+00
7.441699999999999982e+00
7.441699999999999982e+00
7.872499999999999609e+00
7.950400000000000134e+00
7.736200000000000188e+00
8.018000000000000682e+00
7.996500000000000163e+00
7.758099999999999774e+00
7.724199999999999733e+00
7.441699999999999982e+00
7.924199999999999910e+00
7.897499999999999964e+00
7.672600000000000087e+00
8.224999999999999645e+00
7.441699999999999982e+00
8.079000000000000625e+00
7.756700000000000372e+00
7.756999999999999673e+00
7.441699999999999982e+00
7.712699999999999889e+00
8.224999999999999645e+00
7.441699999999999982e+00
7.441699999999999982e+00
8.224999999999999645e+00
7.441699999999999982e+00
7.441699999999999982e+00
7.646399999999999864e+00
7.441699999999999982e+00
7.909200000000000230e+00
8.051899999999999835e+00
8.224999999999999645e+00
7.441699999999999982e+00
8.224999999999999645e+00
8.156499999999999417e+00
8.224999999999999645e+00
8.224999999999999645e+00
7.760699999999999932e+00
8.224999999999999645e+00
8.047000000000000597e+00
8.224999999999999645e+00
7.739499999999999602e+00
7.825599999999999667e+00
7.980000000000000426e+00
7.882900000000000240e+00
7.826500000000000234e+00
7.441699999999999982e+00
7.441699999999999982e+00
7.605100000000000193e+00
7.714999999999999858e+00
7.915399999999999991e+00
7.972000000000000419e+00
7.544400000000000439e+00
8.059200000000000585e+00
8.028200000000000003e+00
7.441699999999999982e+00
7.716000000000000192e+00
7.441699999999999982e+00
8.224999999999999645e+00
8.224999999999999645e+00
7.441699999999999982e+00
7.699699999999999989e+00
7.554000000000000270e+00
7.636300000000000310e+00
7.518900000000000361e+00
8.224999999999999645e+00
7.890799999999999592e+00
7.441699999999999982e+00
7.441699999999999982e+00
8.224999999999999645e+00
7.497499999999999609e+00
7.956599999999999895e+00
8.078099999999999170e+00
7.479400000000000048e+00
8.194800000000000750e+00
8.224999999999999645e+00
8.224999999999999645e+00
7.445700000000000429e+00
7.791900000000000048e+00
8.204200000000000159e+00
8.049699999999999633e+00
7.954200000000000159e+00
