1.302810000000000024e+01
1.215869999999999962e+01
1.188920000000000066e+01
1.138359999999999950e+01
1.139179999999999993e+01
1.124649999999999928e+01
1.006700000000000017e+01
9.950599999999999667e+00
9.816100000000000492e+00
9.168900000000000716e+00
9.118499999999999162e+00
9.134900000000000020e+00
8.579200000000000159e+00
9.299699999999999633e+00
8.896000000000000796e+00
8.175000000000000711e+00
8.365500000000000824e+00
8.743499999999999162e+00
8.080099999999999838e+00
8.569699999999999207e+00
7.913100000000000023e+00
8.075300000000000367e+00
7.690199999999999925e+00
8.430600000000000094e+00
8.143299999999999983e+00
7.627699999999999925e+00
7.627699999999999925e+00
8.374000000000000554e+00
7.880799999999999805e+00
8.008499999999999730e+00
7.777099999999999902e+00
7.948500000000000121e+00
8.430600000000000094e+00
7.744100000000000428e+00
8.328699999999999548e+00
8.064199999999999591e+00
7.863699999999999690e+00
7.627699999999999925e+00
7.798799999999999955e+00
7.889499999999999957e+00
7.705899999999999750e+00
7.691399999999999793e+00
8.257099999999999440e+00
7.731200000000000294e+00
8.032500000000000639e+00
7.917300000000000004e+00
7.627699999999999925e+00
7.698999999999999844e+00
8.341400000000000148e+00
8.068699999999999761e+00
7.627699999999999925e+00
7.627699999999999925e+00
8.087600000000000122e+00
7.937999999999999723e+00
8.426700000000000301e+00
8.079800000000000537e+00
8.002499999999999503e+00
7.990599999999999703e+00
8.324299999999999145e+00
7.820100000000000051e+00
7.627699999999999925e+00
7.628999999999999559e+00
8.130100000000000549e+00
7.860899999999999999e+00
7.627699999999999925e+00
8.046099999999999142e+00
7.756300000000000416e+00
7.708099999999999952e+00
8.301999999999999602e+00
8.361000000000000654e+00
8.430600000000000094e+00
8.430600000000000094e+00
8.232300000000000395e+00
7.633000000000000007e+00
7.841199999999999726e+00
8.025199999999999889e+00
8.102800000000000225e+00
7.627699999999999925e+00
8.308500000000000441e+00
8.430600000000000094e+00
7.974400000000000155e+00
8.238300000000000622e+00
7.773600000000000065e+00
8.222799999999999443e+00
8.168599999999999639e+00
8.430600000000000094e+00
8.430600000000000094e+00
7.946200000000000152e+00
7.829399999999999693e+00
8.074099999999999611e+00
7.627699999999999925e+00
8.430600000000000094e+00
7.771899999999999586e+00
7.936200000000000365e+00
7.690699999999999648e+00
8.430600000000000094e+00
8.386400000000000077e+00
8.430600000000000094e+00
7.627699999999999925e+00
7.799000000000000377e+00
