1.249109999999999943e+01
1.206850000000000023e+01
1.209939999999999927e+01
1.132809999999999917e+01
1.045579999999999998e+01
1.059960000000000058e+01
9.791199999999999903e+00
9.480600000000000804e+00
9.843799999999999883e+00
9.051299999999999457e+00
9.268800000000000594e+00
8.180600000000000094e+00
8.782299999999999329e+00
7.798499999999999766e+00
8.264699999999999491e+00
8.218400000000000816e+00
8.074699999999999989e+00
7.369799999999999685e+00
7.420399999999999885e+00
7.511199999999999655e+00
7.720900000000000318e+00
6.955599999999999561e+00
6.945500000000000007e+00
6.945500000000000007e+00
7.676700000000000301e+00
7.676700000000000301e+00
7.449099999999999611e+00
7.664299999999999891e+00
7.601799999999999891e+00
7.357499999999999929e+00
7.056600000000000428e+00
7.379400000000000404e+00
7.194399999999999906e+00
7.456900000000000084e+00
7.676700000000000301e+00
7.311899999999999622e+00
7.405199999999999783e+00
7.623899999999999899e+00
6.945500000000000007e+00
7.557199999999999918e+00
7.288999999999999702e+00
7.676700000000000301e+00
7.676700000000000301e+00
7.676700000000000301e+00
6.945500000000000007e+00
7.516200000000000436e+00
7.394800000000000040e+00
7.676700000000000301e+00
7.676700000000000301e+00
6.945500000000000007e+00
7.131400000000000183e+00
7.367799999999999905e+00
7.412200000000000344e+00
7.437199999999999811e+00
7.137299999999999756e+00
7.676700000000000301e+00
7.235599999999999810e+00
7.049100000000000144e+00
7.166400000000000325e+00
7.548000000000000043e+00
7.417699999999999960e+00
7.676700000000000301e+00
6.945500000000000007e+00
7.607700000000000351e+00
7.304899999999999949e+00
7.567999999999999616e+00
7.364099999999999646e+00
7.345600000000000129e+00
7.413599999999999746e+00
7.511899999999999800e+00
7.089400000000000368e+00
7.132799999999999585e+00
6.999699999999999811e+00
6.945500000000000007e+00
7.676700000000000301e+00
7.134299999999999642e+00
7.134000000000000341e+00
7.365899999999999892e+00
7.431799999999999962e+00
7.676700000000000301e+00
6.945500000000000007e+00
7.285000000000000142e+00
6.983600000000000030e+00
7.418400000000000105e+00
7.676700000000000301e+00
7.630200000000000315e+00
7.438100000000000378e+00
6.945500000000000007e+00
6.945500000000000007e+00
7.676700000000000301e+00
7.676700000000000301e+00
7.676700000000000301e+00
7.599700000000000344e+00
7.031600000000000072e+00
7.346799999999999997e+00
7.246199999999999974e+00
7.676700000000000301e+00
7.636199999999999655e+00
7.072700000000000209e+00
7.213400000000000034e+00
