1.302810000000000024e+01
1.254330000000000034e+01
1.101409999999999911e+01
1.144780000000000086e+01
1.113359999999999950e+01
1.005760000000000076e+01
1.015140000000000065e+01
9.362999999999999545e+00
1.002970000000000006e+01
8.947800000000000864e+00
9.257899999999999352e+00
9.208999999999999631e+00
8.795999999999999375e+00
7.913199999999999790e+00
7.977899999999999991e+00
7.905000000000000249e+00
8.185299999999999798e+00
7.396799999999999820e+00
7.382100000000000328e+00
7.784699999999999953e+00
7.686700000000000088e+00
7.022000000000000242e+00
7.186899999999999622e+00
7.183900000000000396e+00
7.082399999999999807e+00
7.108100000000000307e+00
6.861900000000000333e+00
7.133200000000000429e+00
7.278699999999999726e+00
6.976099999999999746e+00
7.199900000000000411e+00
7.066200000000000259e+00
6.753300000000000303e+00
7.337100000000000399e+00
7.464199999999999946e+00
6.831900000000000084e+00
7.391099999999999781e+00
6.972000000000000419e+00
7.317599999999999660e+00
6.753300000000000303e+00
7.331800000000000317e+00
7.173399999999999999e+00
7.413100000000000023e+00
7.464199999999999946e+00
6.753300000000000303e+00
7.210899999999999643e+00
7.394700000000000273e+00
7.394099999999999895e+00
7.464199999999999946e+00
7.250200000000000422e+00
6.753300000000000303e+00
6.753300000000000303e+00
6.871299999999999741e+00
7.365999999999999659e+00
7.011800000000000033e+00
6.753300000000000303e+00
7.063299999999999912e+00
6.989799999999999791e+00
7.147899999999999920e+00
7.137400000000000411e+00
7.403999999999999915e+00
7.430200000000000138e+00
6.894000000000000128e+00
6.753300000000000303e+00
6.753300000000000303e+00
7.464199999999999946e+00
7.025199999999999889e+00
6.753300000000000303e+00
7.025000000000000355e+00
7.464199999999999946e+00
7.305600000000000094e+00
6.783199999999999896e+00
7.324499999999999567e+00
7.313399999999999679e+00
7.262999999999999901e+00
7.307999999999999829e+00
7.260100000000000442e+00
7.086400000000000254e+00
7.112700000000000244e+00
6.791299999999999670e+00
6.900699999999999612e+00
7.105199999999999960e+00
6.838199999999999612e+00
7.379800000000000360e+00
6.944700000000000095e+00
7.464199999999999946e+00
6.753300000000000303e+00
7.365800000000000125e+00
6.827200000000000379e+00
7.097999999999999865e+00
6.753300000000000303e+00
7.217399999999999594e+00
6.753300000000000303e+00
7.236600000000000144e+00
7.464199999999999946e+00
7.189700000000000202e+00
7.258700000000000152e+00
6.825999999999999623e+00
7.379199999999999982e+00
6.753300000000000303e+00
