1.288439999999999941e+01
1.253439999999999976e+01
1.206370000000000076e+01
1.069689999999999941e+01
1.119110000000000049e+01
9.993600000000000705e+00
9.902599999999999625e+00
9.484400000000000830e+00
9.721399999999999153e+00
8.614399999999999835e+00
8.857300000000000395e+00
8.860300000000000509e+00
8.496499999999999275e+00
8.243900000000000006e+00
7.510100000000000442e+00
7.625799999999999912e+00
7.133499999999999730e+00
7.019199999999999662e+00
6.925699999999999967e+00
7.370099999999999874e+00
6.801099999999999923e+00
7.168099999999999916e+00
6.912300000000000111e+00
6.759500000000000064e+00
7.042600000000000193e+00
6.962600000000000122e+00
7.059400000000000119e+00
7.324399999999999800e+00
7.449300000000000033e+00
6.759500000000000064e+00
7.180200000000000138e+00
6.759500000000000064e+00
7.354899999999999771e+00
7.315100000000000158e+00
7.301199999999999690e+00
7.471000000000000085e+00
7.109600000000000364e+00
7.230599999999999916e+00
7.471000000000000085e+00
7.053499999999999659e+00
7.351300000000000168e+00
6.930699999999999861e+00
7.363800000000000345e+00
6.759500000000000064e+00
6.807000000000000384e+00
7.281299999999999883e+00
7.383600000000000385e+00
7.131700000000000372e+00
7.471000000000000085e+00
7.471000000000000085e+00
6.759500000000000064e+00
7.017599999999999838e+00
6.759500000000000064e+00
6.855199999999999960e+00
6.796499999999999986e+00
6.759500000000000064e+00
7.164100000000000357e+00
7.466899999999999871e+00
7.376599999999999824e+00
6.759500000000000064e+00
6.759500000000000064e+00
7.298399999999999999e+00
6.918300000000000338e+00
6.824900000000000411e+00
7.049999999999999822e+00
6.884699999999999598e+00
7.179999999999999716e+00
6.848799999999999777e+00
6.759500000000000064e+00
6.908299999999999663e+00
7.058600000000000207e+00
6.760500000000000398e+00
6.885600000000000165e+00
6.759500000000000064e+00
6.759500000000000064e+00
7.471000000000000085e+00
7.060999999999999943e+00
7.233200000000000074e+00
7.471000000000000085e+00
7.038400000000000212e+00
6.868999999999999773e+00
7.244699999999999918e+00
7.471000000000000085e+00
6.759500000000000064e+00
7.396200000000000330e+00
7.075199999999999712e+00
7.471000000000000085e+00
7.116600000000000037e+00
7.279600000000000293e+00
7.471000000000000085e+00
7.008499999999999730e+00
7.439099999999999824e+00
6.759500000000000064e+00
7.223399999999999821e+00
7.471000000000000085e+00
7.471000000000000085e+00
7.128499999999999837e+00
7.471000000000000085e+00
6.800500000000000433e+00
6.822600000000000442e+00
