1.255649999999999977e+01
1.163289999999999935e+01
1.061899999999999977e+01
1.115160000000000018e+01
9.900600000000000733e+00
9.140299999999999869e+00
8.720599999999999241e+00
8.805799999999999628e+00
8.831200000000000827e+00
8.169100000000000250e+00
7.405999999999999694e+00
7.339500000000000135e+00
7.370700000000000252e+00
6.813900000000000290e+00
7.104000000000000092e+00
7.277599999999999625e+00
7.167600000000000193e+00
6.795099999999999696e+00
7.135500000000000398e+00
7.196900000000000297e+00
6.676400000000000112e+00
6.784600000000000186e+00
6.718200000000000394e+00
6.559000000000000163e+00
7.057199999999999918e+00
7.196900000000000297e+00
6.811700000000000088e+00
7.189499999999999780e+00
7.007299999999999862e+00
6.859200000000000408e+00
6.958400000000000141e+00
6.608600000000000030e+00
6.939799999999999969e+00
6.687599999999999767e+00
6.572300000000000253e+00
6.675699999999999967e+00
7.196900000000000297e+00
6.511499999999999844e+00
6.677900000000000169e+00
6.544100000000000250e+00
6.631800000000000139e+00
6.703800000000000203e+00
7.196900000000000297e+00
7.095799999999999663e+00
7.025000000000000355e+00
6.826299999999999812e+00
7.143399999999999750e+00
6.511499999999999844e+00
7.122499999999999609e+00
7.152300000000000324e+00
6.652599999999999625e+00
7.196900000000000297e+00
6.511499999999999844e+00
7.110100000000000087e+00
7.196900000000000297e+00
7.196900000000000297e+00
6.564499999999999780e+00
6.857599999999999696e+00
6.546400000000000219e+00
6.511499999999999844e+00
6.673600000000000421e+00
7.044100000000000250e+00
6.902300000000000324e+00
6.984399999999999942e+00
6.855500000000000149e+00
6.932100000000000151e+00
6.511499999999999844e+00
6.950599999999999667e+00
6.559199999999999697e+00
6.710600000000000342e+00
6.516799999999999926e+00
6.511499999999999844e+00
6.754199999999999982e+00
6.511499999999999844e+00
6.805299999999999905e+00
6.743100000000000094e+00
6.774099999999999788e+00
6.733100000000000307e+00
6.698900000000000077e+00
7.088300000000000267e+00
6.969500000000000028e+00
7.079500000000000348e+00
6.536900000000000155e+00
6.943699999999999761e+00
7.196900000000000297e+00
7.082900000000000418e+00
6.739499999999999602e+00
6.610100000000000087e+00
6.969000000000000306e+00
7.196900000000000297e+00
7.014400000000000190e+00
6.845399999999999707e+00
7.196900000000000297e+00
6.967299999999999827e+00
6.511499999999999844e+00
6.658199999999999896e+00
7.143699999999999939e+00
6.586299999999999599e+00
7.007799999999999585e+00
7.196900000000000297e+00
