1.268369999999999997e+01
1.224189999999999934e+01
1.156150000000000055e+01
1.056129999999999924e+01
1.011849999999999916e+01
1.078320000000000078e+01
1.039610000000000056e+01
9.426500000000000767e+00
9.228799999999999670e+00
9.310900000000000176e+00
8.273999999999999133e+00
8.043499999999999872e+00
8.578699999999999548e+00
8.035999999999999588e+00
7.591800000000000104e+00
7.641099999999999781e+00
7.219999999999999751e+00
7.447700000000000209e+00
7.044400000000000439e+00
6.989499999999999602e+00
7.213199999999999612e+00
7.266899999999999693e+00
7.333999999999999631e+00
7.550799999999999734e+00
7.013399999999999856e+00
6.945500000000000007e+00
7.614300000000000068e+00
7.096300000000000274e+00
7.492899999999999672e+00
7.510200000000000209e+00
6.945500000000000007e+00
7.024200000000000443e+00
7.676700000000000301e+00
7.200499999999999901e+00
6.945500000000000007e+00
6.945500000000000007e+00
7.504999999999999893e+00
7.532199999999999562e+00
7.091999999999999638e+00
7.676700000000000301e+00
6.945500000000000007e+00
6.945500000000000007e+00
7.494500000000000384e+00
6.945500000000000007e+00
7.159299999999999997e+00
7.405199999999999783e+00
7.676700000000000301e+00
7.135699999999999932e+00
7.171800000000000175e+00
7.375700000000000145e+00
6.945500000000000007e+00
6.945500000000000007e+00
7.407899999999999707e+00
7.486600000000000144e+00
6.945500000000000007e+00
6.945500000000000007e+00
7.296599999999999753e+00
6.945500000000000007e+00
7.045499999999999652e+00
6.945500000000000007e+00
7.676700000000000301e+00
6.983200000000000074e+00
7.676700000000000301e+00
7.676700000000000301e+00
7.676700000000000301e+00
7.391899999999999693e+00
7.488000000000000433e+00
7.040399999999999991e+00
7.362099999999999866e+00
7.204900000000000304e+00
7.366299999999999848e+00
7.032300000000000217e+00
7.151799999999999713e+00
7.190000000000000391e+00
6.945500000000000007e+00
7.261000000000000121e+00
7.376999999999999780e+00
7.411100000000000243e+00
7.550300000000000011e+00
7.505099999999999660e+00
6.956000000000000405e+00
7.188799999999999635e+00
6.994100000000000428e+00
7.163999999999999702e+00
7.258899999999999686e+00
7.676700000000000301e+00
7.460899999999999643e+00
6.945500000000000007e+00
7.406100000000000350e+00
7.618599999999999817e+00
6.988100000000000200e+00
7.124299999999999855e+00
6.945500000000000007e+00
7.203599999999999781e+00
6.945500000000000007e+00
7.528200000000000003e+00
6.945500000000000007e+00
7.460600000000000342e+00
7.103799999999999670e+00
7.676700000000000301e+00
