1.204579999999999984e+01
1.170459999999999923e+01
1.091530000000000022e+01
1.037909999999999933e+01
1.101210000000000022e+01
9.574299999999999145e+00
9.326399999999999579e+00
9.114699999999999136e+00
9.375400000000000844e+00
9.022500000000000853e+00
8.877399999999999736e+00
8.418200000000000571e+00
8.089700000000000557e+00
7.743699999999999584e+00
7.515799999999999592e+00
7.868599999999999817e+00
7.618400000000000283e+00
7.589800000000000324e+00
7.417300000000000004e+00
7.072799999999999976e+00
7.306199999999999584e+00
7.217999999999999972e+00
7.438299999999999912e+00
6.945500000000000007e+00
6.945500000000000007e+00
7.232300000000000395e+00
7.546999999999999709e+00
7.520699999999999719e+00
6.945500000000000007e+00
7.334699999999999775e+00
7.676700000000000301e+00
7.537399999999999878e+00
7.010799999999999699e+00
6.997300000000000075e+00
7.676700000000000301e+00
7.676700000000000301e+00
7.078599999999999781e+00
7.168999999999999595e+00
6.945500000000000007e+00
7.348600000000000243e+00
7.208099999999999952e+00
7.197000000000000064e+00
7.275100000000000122e+00
7.152700000000000280e+00
7.272899999999999920e+00
7.060100000000000264e+00
7.162899999999999601e+00
7.676700000000000301e+00
7.223900000000000432e+00
7.203299999999999592e+00
7.497899999999999565e+00
7.356399999999999828e+00
7.147499999999999964e+00
7.369799999999999685e+00
7.107099999999999973e+00
7.676700000000000301e+00
7.620300000000000296e+00
7.208099999999999952e+00
6.945500000000000007e+00
7.511999999999999567e+00
7.571299999999999919e+00
7.406500000000000306e+00
7.327499999999999680e+00
7.212299999999999933e+00
7.014100000000000001e+00
6.945500000000000007e+00
7.676700000000000301e+00
7.555699999999999861e+00
7.224800000000000111e+00
7.077700000000000102e+00
7.676700000000000301e+00
7.418099999999999916e+00
7.528500000000000192e+00
7.060699999999999754e+00
7.676700000000000301e+00
7.558699999999999974e+00
6.945500000000000007e+00
7.517400000000000304e+00
7.109300000000000175e+00
6.945500000000000007e+00
6.945500000000000007e+00
7.163599999999999746e+00
7.198999999999999844e+00
6.945500000000000007e+00
6.945500000000000007e+00
7.541999999999999815e+00
7.459900000000000198e+00
7.580499999999999794e+00
7.676700000000000301e+00
7.297100000000000364e+00
7.676700000000000301e+00
7.231900000000000439e+00
7.676700000000000301e+00
7.226899999999999658e+00
7.586400000000000254e+00
7.590099999999999625e+00
7.485999999999999766e+00
6.971799999999999997e+00
7.182100000000000151e+00
6.945500000000000007e+00
