1.219710000000000072e+01
1.237529999999999930e+01
1.145720000000000027e+01
1.185689999999999955e+01
1.123320000000000007e+01
1.010330000000000084e+01
9.815799999999999415e+00
9.849399999999999267e+00
9.902499999999999858e+00
1.000459999999999994e+01
9.592599999999999127e+00
9.229300000000000281e+00
8.851200000000000401e+00
9.132999999999999119e+00
8.853999999999999204e+00
8.273400000000000531e+00
8.071300000000000807e+00
8.459199999999999164e+00
7.647000000000000242e+00
8.280599999999999739e+00
8.210300000000000153e+00
7.474499999999999922e+00
7.588599999999999568e+00
7.629100000000000215e+00
7.441699999999999982e+00
8.002800000000000580e+00
7.441699999999999982e+00
7.886999999999999567e+00
7.589800000000000324e+00
8.081400000000000361e+00
8.091200000000000614e+00
7.648100000000000342e+00
8.114200000000000301e+00
7.441699999999999982e+00
8.224999999999999645e+00
8.224999999999999645e+00
8.081200000000000827e+00
7.525699999999999612e+00
7.574399999999999800e+00
7.441699999999999982e+00
7.711299999999999599e+00
8.108200000000000074e+00
7.791199999999999903e+00
8.224999999999999645e+00
7.441699999999999982e+00
7.957600000000000229e+00
7.592900000000000205e+00
7.530599999999999739e+00
7.762199999999999989e+00
7.740499999999999936e+00
8.224999999999999645e+00
8.224999999999999645e+00
8.224999999999999645e+00
7.441699999999999982e+00
7.480800000000000338e+00
8.224999999999999645e+00
7.441699999999999982e+00
7.441699999999999982e+00
7.931099999999999817e+00
7.641399999999999970e+00
7.875600000000000378e+00
7.892699999999999605e+00
7.899700000000000166e+00
7.990099999999999980e+00
7.521499999999999631e+00
7.824799999999999756e+00
7.835300000000000153e+00
7.942300000000000360e+00
7.516499999999999737e+00
7.441699999999999982e+00
7.824399999999999800e+00
7.501000000000000334e+00
8.145099999999999341e+00
7.828000000000000291e+00
7.784500000000000419e+00
7.712200000000000166e+00
7.490599999999999703e+00
8.104599999999999582e+00
7.477999999999999758e+00
7.441699999999999982e+00
7.901299999999999990e+00
8.224999999999999645e+00
7.618400000000000283e+00
7.441699999999999982e+00
8.165800000000000836e+00
7.988900000000000112e+00
8.224999999999999645e+00
7.441699999999999982e+00
7.441699999999999982e+00
7.441699999999999982e+00
7.446600000000000108e+00
7.715600000000000236e+00
7.462600000000000122e+00
8.075799999999999201e+00
7.836999999999999744e+00
7.750799999999999912e+00
8.224999999999999645e+00
7.759100000000000108e+00
7.725100000000000300e+00
7.441699999999999982e+00
