1.277500000000000036e+01
1.242680000000000007e+01
1.207760000000000034e+01
1.076440000000000019e+01
1.123889999999999922e+01
1.004589999999999961e+01
1.016929999999999978e+01
9.710699999999999221e+00
9.266000000000000014e+00
9.631399999999999295e+00
9.347500000000000142e+00
8.309400000000000119e+00
9.002399999999999736e+00
8.368199999999999861e+00
7.892100000000000115e+00
8.625000000000000000e+00
8.542299999999999116e+00
8.265700000000000713e+00
7.689700000000000202e+00
8.241899999999999338e+00
8.111399999999999721e+00
7.933399999999999785e+00
7.774899999999999700e+00
7.942700000000000315e+00
8.288199999999999790e+00
8.170400000000000773e+00
7.941600000000000215e+00
8.038600000000000634e+00
7.731700000000000017e+00
7.974400000000000155e+00
8.378899999999999793e+00
7.969500000000000028e+00
8.307499999999999218e+00
7.897199999999999775e+00
7.994500000000000384e+00
7.689700000000000202e+00
8.414899999999999380e+00
8.250600000000000378e+00
7.767599999999999838e+00
8.499200000000000088e+00
7.689700000000000202e+00
7.754599999999999937e+00
8.071699999999999875e+00
8.164500000000000313e+00
8.172299999999999898e+00
7.689700000000000202e+00
7.854400000000000048e+00
7.689700000000000202e+00
8.047000000000000597e+00
7.750700000000000145e+00
8.274699999999999278e+00
7.689700000000000202e+00
7.689700000000000202e+00
8.499200000000000088e+00
8.243800000000000239e+00
7.689700000000000202e+00
8.073199999999999932e+00
8.091499999999999915e+00
7.773399999999999643e+00
7.857700000000000351e+00
7.689700000000000202e+00
8.499200000000000088e+00
7.950000000000000178e+00
8.016400000000000858e+00
7.689700000000000202e+00
7.689700000000000202e+00
8.499200000000000088e+00
8.004300000000000637e+00
8.499200000000000088e+00
7.756099999999999994e+00
7.689700000000000202e+00
8.379599999999999937e+00
8.078900000000000858e+00
8.022800000000000153e+00
8.079200000000000159e+00
7.746199999999999974e+00
8.275000000000000355e+00
8.125999999999999446e+00
7.689700000000000202e+00
7.980800000000000338e+00
7.956000000000000405e+00
8.457000000000000739e+00
8.499200000000000088e+00
7.689700000000000202e+00
8.499200000000000088e+00
8.480600000000000804e+00
8.153499999999999304e+00
7.790099999999999802e+00
7.825199999999999712e+00
8.392599999999999838e+00
8.253099999999999881e+00
8.027900000000000702e+00
8.002100000000000435e+00
7.996299999999999741e+00
7.771499999999999631e+00
8.499200000000000088e+00
8.303800000000000736e+00
7.735299999999999621e+00
8.045799999999999841e+00
8.193699999999999761e+00
