1.222380000000000067e+01
1.221659999999999968e+01
1.187509999999999977e+01
1.027469999999999928e+01
9.839999999999999858e+00
9.472899999999999210e+00
9.074999999999999289e+00
8.863599999999999923e+00
9.062900000000000844e+00
8.451499999999999346e+00
8.103899999999999437e+00
8.316900000000000404e+00
7.970900000000000318e+00
7.492700000000000138e+00
7.840600000000000236e+00
7.500799999999999912e+00
7.358500000000000263e+00
7.721899999999999764e+00
8.093600000000000350e+00
7.336199999999999832e+00
7.626900000000000013e+00
7.336199999999999832e+00
7.680399999999999672e+00
8.108499999999999375e+00
7.730800000000000338e+00
7.908599999999999852e+00
7.391099999999999781e+00
7.845600000000000129e+00
7.970600000000000129e+00
7.753099999999999881e+00
7.718200000000000394e+00
7.612199999999999633e+00
7.378800000000000026e+00
7.336199999999999832e+00
7.506700000000000372e+00
7.336199999999999832e+00
7.600999999999999979e+00
7.336199999999999832e+00
7.435299999999999798e+00
7.959600000000000009e+00
7.797399999999999665e+00
7.719400000000000261e+00
7.965099999999999625e+00
7.689600000000000435e+00
7.336199999999999832e+00
8.025499999999999190e+00
7.547600000000000087e+00
7.336199999999999832e+00
7.336199999999999832e+00
7.392400000000000304e+00
8.075499999999999901e+00
8.108499999999999375e+00
7.449799999999999756e+00
8.105999999999999872e+00
7.996500000000000163e+00
7.692400000000000126e+00
7.461800000000000210e+00
7.485699999999999577e+00
8.108499999999999375e+00
7.424000000000000377e+00
7.944399999999999906e+00
7.766499999999999737e+00
7.976099999999999746e+00
7.472599999999999909e+00
7.828299999999999592e+00
8.108499999999999375e+00
7.336199999999999832e+00
7.827099999999999724e+00
7.354899999999999771e+00
7.661200000000000010e+00
8.108499999999999375e+00
8.027499999999999858e+00
8.108499999999999375e+00
8.108499999999999375e+00
7.551899999999999835e+00
8.108499999999999375e+00
8.108499999999999375e+00
7.787499999999999645e+00
7.857000000000000206e+00
7.457900000000000418e+00
7.336199999999999832e+00
7.740099999999999980e+00
7.409299999999999997e+00
7.654899999999999594e+00
7.336199999999999832e+00
7.721300000000000274e+00
7.577899999999999636e+00
7.843499999999999694e+00
7.336199999999999832e+00
8.108499999999999375e+00
7.991699999999999804e+00
7.336199999999999832e+00
7.734300000000000175e+00
7.902700000000000280e+00
7.669500000000000206e+00
7.638700000000000045e+00
7.980400000000000382e+00
7.336199999999999832e+00
7.753899999999999793e+00
7.509800000000000253e+00
