1.178739999999999988e+01
1.248859999999999992e+01
1.176999999999999957e+01
1.113959999999999972e+01
1.026270000000000060e+01
9.625299999999999301e+00
9.689199999999999591e+00
9.471299999999999386e+00
9.053100000000000591e+00
8.629899999999999238e+00
9.019800000000000040e+00
8.788500000000000867e+00
8.185100000000000264e+00
7.755300000000000082e+00
8.279700000000000060e+00
7.660300000000000331e+00
8.094699999999999562e+00
7.701800000000000423e+00
7.673399999999999999e+00
7.431199999999999584e+00
7.839900000000000091e+00
7.867799999999999905e+00
7.894700000000000273e+00
7.634299999999999642e+00
7.611200000000000188e+00
7.644199999999999662e+00
8.033099999999999241e+00
7.370599999999999596e+00
7.954799999999999649e+00
7.485699999999999577e+00
7.663599999999999746e+00
7.828199999999999825e+00
7.963599999999999568e+00
7.785400000000000098e+00
7.540000000000000036e+00
7.267999999999999794e+00
8.033099999999999241e+00
7.811899999999999622e+00
7.987199999999999633e+00
7.846099999999999852e+00
7.365499999999999936e+00
7.423000000000000043e+00
7.435299999999999798e+00
7.426199999999999690e+00
7.309300000000000352e+00
7.708599999999999675e+00
8.033099999999999241e+00
7.267999999999999794e+00
7.587200000000000166e+00
7.710700000000000109e+00
7.694700000000000095e+00
7.776099999999999568e+00
7.701100000000000279e+00
7.267999999999999794e+00
7.311600000000000321e+00
7.267999999999999794e+00
8.033099999999999241e+00
7.579200000000000159e+00
7.267999999999999794e+00
7.352599999999999802e+00
7.662399999999999878e+00
7.909699999999999953e+00
8.033099999999999241e+00
7.267999999999999794e+00
7.502500000000000391e+00
7.464699999999999669e+00
7.713799999999999990e+00
7.943500000000000227e+00
7.806400000000000006e+00
7.267999999999999794e+00
7.890200000000000102e+00
8.033099999999999241e+00
7.351399999999999935e+00
7.662099999999999689e+00
7.459399999999999586e+00
7.267999999999999794e+00
7.530000000000000249e+00
8.033099999999999241e+00
8.033099999999999241e+00
7.571399999999999686e+00
8.033099999999999241e+00
7.805200000000000138e+00
7.467600000000000016e+00
7.764800000000000146e+00
7.769400000000000084e+00
7.720299999999999940e+00
7.267999999999999794e+00
7.896200000000000330e+00
8.033099999999999241e+00
7.267999999999999794e+00
7.475600000000000023e+00
8.033099999999999241e+00
7.684899999999999842e+00
7.336000000000000298e+00
7.778900000000000148e+00
7.727599999999999802e+00
7.434000000000000163e+00
7.267999999999999794e+00
7.873499999999999943e+00
7.456599999999999895e+00
