1.302810000000000024e+01
1.148070000000000057e+01
1.122949999999999982e+01
1.137090000000000067e+01
1.129669999999999952e+01
1.147170000000000023e+01
1.013930000000000042e+01
1.034169999999999945e+01
1.020100000000000051e+01
1.020950000000000024e+01
1.000730000000000075e+01
9.576399999999999579e+00
9.873799999999999244e+00
8.776999999999999247e+00
9.516099999999999781e+00
8.565799999999999415e+00
8.948399999999999466e+00
8.769299999999999429e+00
8.784100000000000463e+00
8.774300000000000210e+00
8.202899999999999636e+00
8.181499999999999773e+00
8.766999999999999460e+00
8.381299999999999528e+00
7.995000000000000107e+00
8.295600000000000307e+00
8.174500000000000099e+00
8.704800000000000537e+00
8.168100000000000804e+00
7.875799999999999912e+00
8.396800000000000708e+00
8.334600000000000009e+00
7.967299999999999827e+00
8.084300000000000708e+00
8.515100000000000335e+00
7.900699999999999612e+00
8.704800000000000537e+00
7.875799999999999912e+00
8.113899999999999224e+00
7.875799999999999912e+00
8.038600000000000634e+00
8.244500000000000384e+00
8.579000000000000625e+00
8.603199999999999292e+00
7.971199999999999619e+00
8.466599999999999682e+00
7.875799999999999912e+00
8.601000000000000867e+00
8.070499999999999119e+00
8.365000000000000213e+00
8.485300000000000509e+00
8.675300000000000011e+00
8.360200000000000742e+00
8.245100000000000762e+00
8.080700000000000216e+00
8.141899999999999693e+00
8.082599999999999341e+00
7.875799999999999912e+00
8.704800000000000537e+00
8.704800000000000537e+00
8.282299999999999329e+00
8.538000000000000256e+00
8.386100000000000776e+00
7.923199999999999577e+00
8.551399999999999224e+00
8.395599999999999952e+00
8.466200000000000614e+00
8.592000000000000526e+00
8.250899999999999679e+00
7.875799999999999912e+00
8.218099999999999739e+00
8.704800000000000537e+00
8.223699999999999122e+00
8.704800000000000537e+00
8.704800000000000537e+00
8.142699999999999605e+00
8.143100000000000449e+00
7.875799999999999912e+00
8.475199999999999179e+00
7.961999999999999744e+00
7.875799999999999912e+00
8.610599999999999810e+00
8.704800000000000537e+00
7.875799999999999912e+00
8.440400000000000347e+00
8.293599999999999639e+00
8.371800000000000352e+00
8.616899999999999338e+00
8.453799999999999315e+00
8.389300000000000423e+00
7.875799999999999912e+00
8.372799999999999798e+00
8.079700000000000770e+00
8.468799999999999883e+00
8.100199999999999179e+00
8.294999999999999929e+00
8.704800000000000537e+00
7.875799999999999912e+00
8.704800000000000537e+00
8.645400000000000418e+00
