1.257000000000000028e+01
1.138299999999999912e+01
1.153669999999999973e+01
1.147199999999999953e+01
1.102759999999999962e+01
9.965999999999999304e+00
1.019400000000000084e+01
9.009600000000000719e+00
8.856899999999999551e+00
8.666000000000000369e+00
8.028200000000000003e+00
8.596299999999999386e+00
8.360200000000000742e+00
7.375399999999999956e+00
7.500499999999999723e+00
7.362800000000000011e+00
6.993500000000000050e+00
6.922100000000000364e+00
7.108200000000000074e+00
7.363599999999999923e+00
7.041000000000000369e+00
6.759500000000000064e+00
7.085099999999999731e+00
6.759500000000000064e+00
7.471000000000000085e+00
7.348300000000000054e+00
6.957499999999999574e+00
6.759500000000000064e+00
7.313900000000000290e+00
6.759500000000000064e+00
7.471000000000000085e+00
7.471000000000000085e+00
7.284500000000000419e+00
6.759500000000000064e+00
6.947099999999999831e+00
7.449900000000000411e+00
7.471000000000000085e+00
7.060299999999999798e+00
7.042600000000000193e+00
7.471000000000000085e+00
6.989499999999999602e+00
6.993999999999999773e+00
7.471000000000000085e+00
7.251400000000000290e+00
7.471000000000000085e+00
7.247300000000000075e+00
7.323100000000000165e+00
6.785700000000000287e+00
7.118599999999999817e+00
6.759500000000000064e+00
6.759500000000000064e+00
7.471000000000000085e+00
7.471000000000000085e+00
7.471000000000000085e+00
7.025500000000000078e+00
6.983799999999999564e+00
7.471000000000000085e+00
6.821799999999999642e+00
6.846400000000000041e+00
7.263600000000000279e+00
7.036400000000000432e+00
6.759500000000000064e+00
6.796899999999999942e+00
7.471000000000000085e+00
6.760600000000000165e+00
7.128300000000000303e+00
6.778299999999999770e+00
7.307500000000000107e+00
7.471000000000000085e+00
7.075199999999999712e+00
6.759500000000000064e+00
7.157000000000000028e+00
7.319799999999999862e+00
7.308399999999999785e+00
6.985299999999999621e+00
6.759500000000000064e+00
7.455599999999999561e+00
7.277700000000000280e+00
7.079600000000000115e+00
7.063299999999999912e+00
7.416400000000000325e+00
6.785999999999999588e+00
7.471000000000000085e+00
7.051499999999999879e+00
7.270599999999999952e+00
6.998400000000000176e+00
6.997899999999999565e+00
7.029700000000000060e+00
7.144400000000000084e+00
7.155000000000000249e+00
6.759500000000000064e+00
7.042699999999999960e+00
6.759500000000000064e+00
6.981900000000000439e+00
6.865899999999999892e+00
6.759500000000000064e+00
7.343399999999999928e+00
7.471000000000000085e+00
6.859300000000000175e+00
7.471000000000000085e+00
