1.223370000000000068e+01
1.245159999999999911e+01
1.186270000000000024e+01
1.124339999999999939e+01
1.056290000000000084e+01
9.737500000000000711e+00
9.678200000000000358e+00
9.263199999999999434e+00
8.807700000000000529e+00
8.512399999999999523e+00
7.993699999999999584e+00
7.599899999999999878e+00
8.082300000000000040e+00
7.487800000000000011e+00
7.115300000000000402e+00
6.923099999999999810e+00
7.439400000000000013e+00
6.804499999999999993e+00
6.711599999999999788e+00
7.189799999999999969e+00
7.293000000000000149e+00
7.147000000000000242e+00
6.850100000000000300e+00
6.902599999999999625e+00
6.882200000000000095e+00
7.225200000000000067e+00
7.402499999999999858e+00
6.786900000000000155e+00
7.009199999999999875e+00
7.116500000000000270e+00
7.086000000000000298e+00
6.826399999999999579e+00
7.402499999999999858e+00
6.741500000000000270e+00
7.402499999999999858e+00
6.697499999999999787e+00
7.402499999999999858e+00
6.708400000000000141e+00
7.160999999999999588e+00
6.697499999999999787e+00
7.371999999999999886e+00
7.036100000000000243e+00
6.697499999999999787e+00
6.905999999999999694e+00
7.306400000000000006e+00
7.309999999999999609e+00
7.032700000000000173e+00
6.794599999999999973e+00
6.857700000000000351e+00
6.852899999999999991e+00
6.832600000000000229e+00
7.402499999999999858e+00
7.152899999999999814e+00
7.219999999999999751e+00
6.895400000000000418e+00
7.217399999999999594e+00
6.990999999999999659e+00
6.966899999999999871e+00
6.900699999999999612e+00
7.402499999999999858e+00
7.402499999999999858e+00
7.033800000000000274e+00
6.747799999999999798e+00
7.058600000000000207e+00
7.034500000000000419e+00
7.055399999999999672e+00
6.978600000000000136e+00
7.042699999999999960e+00
7.028400000000000425e+00
7.117399999999999949e+00
7.005399999999999849e+00
7.244500000000000384e+00
6.946299999999999919e+00
7.209299999999999820e+00
6.944600000000000328e+00
7.347000000000000419e+00
6.747099999999999653e+00
6.697499999999999787e+00
6.697499999999999787e+00
7.151099999999999568e+00
6.849400000000000155e+00
6.697499999999999787e+00
7.034099999999999575e+00
7.402499999999999858e+00
6.978500000000000369e+00
7.044400000000000439e+00
7.163700000000000401e+00
7.402499999999999858e+00
7.156699999999999839e+00
7.402499999999999858e+00
7.227899999999999991e+00
7.343200000000000394e+00
6.895299999999999763e+00
6.992300000000000182e+00
7.402499999999999858e+00
7.064300000000000246e+00
6.955199999999999605e+00
6.869200000000000195e+00
7.370000000000000107e+00
6.908100000000000129e+00
