3.070159999999999911e+01
3.027179999999999893e+01
2.952270000000000039e+01
2.858040000000000092e+01
2.688009999999999877e+01
2.627649999999999864e+01
2.455870000000000175e+01
2.298979999999999890e+01
2.176610000000000156e+01
2.327029999999999887e+01
2.077990000000000137e+01
2.110920000000000130e+01
1.949010000000000176e+01
1.857090000000000174e+01
1.940589999999999904e+01
1.825039999999999907e+01
1.874020000000000152e+01
1.696069999999999922e+01
1.685020000000000095e+01
1.594170000000000087e+01
1.727680000000000149e+01
1.683470000000000155e+01
1.659410000000000096e+01
1.579359999999999964e+01
1.609690000000000154e+01
1.601129999999999853e+01
1.606589999999999918e+01
1.555209999999999937e+01
1.485270000000000046e+01
1.573799999999999955e+01
1.446279999999999966e+01
1.526280000000000037e+01
1.549729999999999919e+01
1.446279999999999966e+01
1.446279999999999966e+01
1.475050000000000061e+01
1.598520000000000074e+01
1.536509999999999998e+01
1.488599999999999923e+01
1.520400000000000063e+01
1.572250000000000014e+01
1.560120000000000040e+01
1.588659999999999961e+01
1.450750000000000028e+01
1.576280000000000037e+01
1.446279999999999966e+01
1.518340000000000067e+01
1.511529999999999951e+01
1.463719999999999999e+01
1.563840000000000074e+01
1.598520000000000074e+01
1.590300000000000047e+01
1.512870000000000026e+01
1.566920000000000002e+01
1.466779999999999973e+01
1.598520000000000074e+01
1.519250000000000078e+01
1.598520000000000074e+01
1.515019999999999989e+01
1.598520000000000074e+01
1.534500000000000064e+01
1.446279999999999966e+01
1.590349999999999930e+01
1.563129999999999953e+01
1.533580000000000076e+01
1.598520000000000074e+01
1.587490000000000023e+01
1.569069999999999965e+01
1.487870000000000026e+01
1.446279999999999966e+01
1.463049999999999962e+01
1.446279999999999966e+01
1.512139999999999951e+01
1.598520000000000074e+01
1.598520000000000074e+01
1.446279999999999966e+01
1.598520000000000074e+01
1.484149999999999991e+01
1.557179999999999964e+01
1.574719999999999942e+01
1.578800000000000026e+01
1.497860000000000014e+01
1.598520000000000074e+01
1.598520000000000074e+01
1.488760000000000083e+01
1.598520000000000074e+01
1.541150000000000020e+01
1.563059999999999938e+01
1.549510000000000076e+01
1.533099999999999952e+01
1.497899999999999920e+01
1.446279999999999966e+01
1.446279999999999966e+01
1.585909999999999975e+01
1.487240000000000073e+01
1.598520000000000074e+01
1.572579999999999956e+01
1.446279999999999966e+01
1.567600000000000016e+01
1.510699999999999932e+01
