2.994559999999999889e+01
3.066469999999999985e+01
2.832260000000000133e+01
2.801729999999999876e+01
2.703010000000000090e+01
2.567709999999999937e+01
2.393560000000000088e+01
2.469819999999999993e+01
2.271719999999999828e+01
2.190380000000000038e+01
2.352459999999999951e+01
2.287160000000000082e+01
2.118609999999999971e+01
2.161240000000000094e+01
2.007280000000000086e+01
2.057809999999999917e+01
1.834949999999999903e+01
1.902909999999999968e+01
1.815360000000000085e+01
1.879429999999999978e+01
1.740559999999999974e+01
1.726689999999999969e+01
1.742709999999999937e+01
1.662910000000000110e+01
1.701729999999999876e+01
1.601810000000000045e+01
1.586120000000000019e+01
1.631929999999999836e+01
1.547220000000000084e+01
1.590639999999999965e+01
1.603399999999999892e+01
1.520049999999999990e+01
1.621049999999999969e+01
1.575730000000000075e+01
1.621689999999999898e+01
1.493660000000000032e+01
1.527420000000000044e+01
1.650090000000000146e+01
1.650090000000000146e+01
1.492939999999999934e+01
1.601620000000000132e+01
1.650090000000000146e+01
1.551490000000000080e+01
1.498980000000000068e+01
1.645270000000000010e+01
1.580610000000000070e+01
1.495589999999999975e+01
1.616430000000000078e+01
1.492939999999999934e+01
1.650090000000000146e+01
1.641740000000000066e+01
1.492939999999999934e+01
1.535350000000000037e+01
1.492939999999999934e+01
1.492939999999999934e+01
1.520870000000000033e+01
1.492939999999999934e+01
1.501159999999999961e+01
1.600619999999999976e+01
1.598659999999999926e+01
1.631129999999999924e+01
1.585839999999999961e+01
1.581419999999999959e+01
1.568590000000000018e+01
1.541099999999999959e+01
1.529289999999999949e+01
1.492939999999999934e+01
1.492939999999999934e+01
1.557540000000000013e+01
1.492939999999999934e+01
1.492939999999999934e+01
1.574370000000000047e+01
1.632829999999999870e+01
1.553580000000000005e+01
1.492939999999999934e+01
1.617559999999999931e+01
1.650090000000000146e+01
1.600819999999999865e+01
1.623849999999999838e+01
1.497460000000000058e+01
1.499409999999999954e+01
1.580990000000000073e+01
1.492939999999999934e+01
1.512229999999999919e+01
1.650090000000000146e+01
1.577539999999999942e+01
1.492939999999999934e+01
1.513589999999999947e+01
1.522729999999999961e+01
1.500990000000000002e+01
1.587959999999999994e+01
1.492939999999999934e+01
1.585019999999999918e+01
1.532910000000000039e+01
1.616420000000000101e+01
1.492939999999999934e+01
1.650090000000000146e+01
1.535979999999999990e+01
1.518369999999999997e+01
1.629739999999999966e+01
