3.176810000000000045e+01
3.027209999999999823e+01
2.762590000000000146e+01
2.779500000000000171e+01
2.543639999999999901e+01
2.610689999999999955e+01
2.368720000000000070e+01
2.389799999999999969e+01
2.219089999999999918e+01
2.236349999999999838e+01
2.306800000000000139e+01
2.026439999999999841e+01
1.968980000000000175e+01
1.947779999999999845e+01
1.917989999999999995e+01
1.982420000000000115e+01
1.853340000000000032e+01
1.863899999999999935e+01
1.807229999999999848e+01
1.657600000000000051e+01
1.633780000000000143e+01
1.598320000000000007e+01
1.615950000000000131e+01
1.715609999999999857e+01
1.548029999999999973e+01
1.600359999999999872e+01
1.507760000000000034e+01
1.631869999999999976e+01
1.572199999999999953e+01
1.515070000000000050e+01
1.615340000000000131e+01
1.530349999999999966e+01
1.642689999999999984e+01
1.509830000000000005e+01
1.635950000000000060e+01
1.492939999999999934e+01
1.573590000000000089e+01
1.650090000000000146e+01
1.587260000000000026e+01
1.527420000000000044e+01
1.650090000000000146e+01
1.531520000000000081e+01
1.580850000000000044e+01
1.516230000000000011e+01
1.508360000000000056e+01
1.611860000000000070e+01
1.492939999999999934e+01
1.584409999999999918e+01
1.565269999999999939e+01
1.644709999999999894e+01
1.625300000000000011e+01
1.534319999999999951e+01
1.604459999999999908e+01
1.606109999999999971e+01
1.650090000000000146e+01
1.492939999999999934e+01
1.509299999999999997e+01
1.522269999999999968e+01
1.583350000000000080e+01
1.584869999999999912e+01
1.589569999999999972e+01
1.565039999999999942e+01
1.607389999999999830e+01
1.492939999999999934e+01
1.575009999999999977e+01
1.650090000000000146e+01
1.574540000000000006e+01
1.492939999999999934e+01
1.557729999999999926e+01
1.541119999999999912e+01
1.492939999999999934e+01
1.552009999999999934e+01
1.650090000000000146e+01
1.571649999999999991e+01
1.492939999999999934e+01
1.650090000000000146e+01
1.544270000000000032e+01
1.637610000000000099e+01
1.619160000000000110e+01
1.650090000000000146e+01
1.528630000000000067e+01
1.497850000000000037e+01
1.650090000000000146e+01
1.526720000000000077e+01
1.492939999999999934e+01
1.613029999999999831e+01
1.572729999999999961e+01
1.529950000000000010e+01
1.587500000000000000e+01
1.615269999999999939e+01
1.565240000000000009e+01
1.606240000000000023e+01
1.620169999999999888e+01
1.650090000000000146e+01
1.608370000000000033e+01
1.492939999999999934e+01
1.568319999999999936e+01
1.530439999999999934e+01
1.650090000000000146e+01
1.557419999999999938e+01
