2.982120000000000104e+01
2.786949999999999861e+01
2.846880000000000166e+01
2.618769999999999953e+01
2.631530000000000058e+01
2.633470000000000155e+01
2.629650000000000176e+01
2.370299999999999940e+01
2.424220000000000041e+01
2.171490000000000009e+01
2.263200000000000145e+01
2.048389999999999844e+01
2.074350000000000094e+01
2.024259999999999948e+01
1.901500000000000057e+01
1.927870000000000061e+01
1.801239999999999952e+01
1.937490000000000023e+01
1.752029999999999887e+01
1.768479999999999919e+01
1.780709999999999837e+01
1.674930000000000163e+01
1.758930000000000149e+01
1.688139999999999930e+01
1.548329999999999984e+01
1.552120000000000033e+01
1.677299999999999969e+01
1.607570000000000121e+01
1.510249999999999915e+01
1.631510000000000105e+01
1.619999999999999929e+01
1.532540000000000013e+01
1.561309999999999931e+01
1.558380000000000010e+01
1.650090000000000146e+01
1.595069999999999943e+01
1.492939999999999934e+01
1.492939999999999934e+01
1.615739999999999910e+01
1.532890000000000086e+01
1.492939999999999934e+01
1.492939999999999934e+01
1.534980000000000011e+01
1.492939999999999934e+01
1.492939999999999934e+01
1.539289999999999914e+01
1.535399999999999920e+01
1.519560000000000066e+01
1.564789999999999992e+01
1.590939999999999976e+01
1.492939999999999934e+01
1.634309999999999974e+01
1.552200000000000024e+01
1.492939999999999934e+01
1.636370000000000147e+01
1.492939999999999934e+01
1.598440000000000083e+01
1.568689999999999962e+01
1.501190000000000069e+01
1.628040000000000020e+01
1.644559999999999889e+01
1.587490000000000023e+01
1.492939999999999934e+01
1.535350000000000037e+01
1.583329999999999949e+01
1.501099999999999923e+01
1.528420000000000023e+01
1.638119999999999976e+01
1.492939999999999934e+01
1.513000000000000078e+01
1.594769999999999932e+01
1.556550000000000011e+01
1.650090000000000146e+01
1.650090000000000146e+01
1.585110000000000063e+01
1.646379999999999910e+01
1.525189999999999912e+01
1.492939999999999934e+01
1.650090000000000146e+01
1.575079999999999991e+01
1.588829999999999920e+01
1.551679999999999993e+01
1.492939999999999934e+01
1.560989999999999966e+01
1.604690000000000083e+01
1.492939999999999934e+01
1.650090000000000146e+01
1.492939999999999934e+01
1.523460000000000036e+01
1.628519999999999968e+01
1.492939999999999934e+01
1.570539999999999914e+01
1.579579999999999984e+01
1.538150000000000084e+01
1.492939999999999934e+01
1.650090000000000146e+01
1.644900000000000162e+01
1.634769999999999968e+01
1.650090000000000146e+01
1.650090000000000146e+01
