3.180649999999999977e+01
3.083500000000000085e+01
2.866019999999999968e+01
2.722469999999999857e+01
2.614630000000000010e+01
2.622749999999999915e+01
2.550809999999999889e+01
2.338789999999999836e+01
2.491839999999999833e+01
2.361870000000000047e+01
2.344140000000000157e+01
2.135099999999999909e+01
2.019859999999999900e+01
2.120700000000000074e+01
2.067079999999999984e+01
1.894359999999999999e+01
1.854050000000000153e+01
1.806259999999999977e+01
1.736459999999999937e+01
1.730359999999999943e+01
1.842800000000000082e+01
1.791359999999999886e+01
1.688609999999999900e+01
1.752019999999999911e+01
1.606030000000000157e+01
1.544810000000000016e+01
1.689900000000000091e+01
1.586580000000000013e+01
1.587560000000000038e+01
1.563710000000000022e+01
1.573900000000000077e+01
1.519359999999999999e+01
1.495159999999999911e+01
1.650090000000000146e+01
1.650090000000000146e+01
1.586159999999999926e+01
1.635859999999999914e+01
1.522920000000000051e+01
1.608960000000000079e+01
1.615690000000000026e+01
1.492939999999999934e+01
1.628140000000000143e+01
1.539470000000000027e+01
1.492939999999999934e+01
1.598530000000000051e+01
1.492939999999999934e+01
1.538349999999999973e+01
1.650090000000000146e+01
1.650090000000000146e+01
1.505579999999999963e+01
1.650090000000000146e+01
1.492939999999999934e+01
1.537119999999999997e+01
1.492939999999999934e+01
1.492939999999999934e+01
1.570560000000000045e+01
1.498659999999999926e+01
1.528679999999999950e+01
1.501980000000000004e+01
1.546160000000000068e+01
1.650090000000000146e+01
1.650090000000000146e+01
1.562729999999999997e+01
1.502139999999999986e+01
1.590569999999999951e+01
1.595989999999999931e+01
1.650090000000000146e+01
1.557210000000000072e+01
1.592660000000000053e+01
1.563610000000000078e+01
1.492939999999999934e+01
1.569319999999999915e+01
1.650090000000000146e+01
1.507639999999999958e+01
1.494289999999999985e+01
1.492939999999999934e+01
1.504420000000000002e+01
1.650090000000000146e+01
1.650090000000000146e+01
1.564579999999999949e+01
1.542050000000000054e+01
1.650090000000000146e+01
1.648880000000000123e+01
1.650090000000000146e+01
1.650090000000000146e+01
1.492939999999999934e+01
1.650090000000000146e+01
1.545459999999999923e+01
1.622400000000000020e+01
1.555569999999999986e+01
1.519069999999999965e+01
1.492939999999999934e+01
1.613619999999999877e+01
1.538710000000000022e+01
1.492939999999999934e+01
1.524699999999999989e+01
1.621420000000000172e+01
1.624660000000000082e+01
1.650090000000000146e+01
1.557429999999999914e+01
