3.180649999999999977e+01
2.768230000000000146e+01
2.785239999999999938e+01
2.672250000000000014e+01
2.572299999999999898e+01
2.456319999999999837e+01
2.427779999999999916e+01
2.276450000000000173e+01
2.263789999999999836e+01
2.262249999999999872e+01
2.002789999999999893e+01
1.940899999999999892e+01
1.877370000000000161e+01
1.789150000000000063e+01
1.735470000000000113e+01
1.713619999999999877e+01
1.813739999999999952e+01
1.639580000000000126e+01
1.724289999999999878e+01
1.630170000000000030e+01
1.591009999999999991e+01
1.545809999999999995e+01
1.569819999999999993e+01
1.447729999999999961e+01
1.434880000000000067e+01
1.466499999999999915e+01
1.556209999999999916e+01
1.576420000000000066e+01
1.534249999999999936e+01
1.533840000000000003e+01
1.576420000000000066e+01
1.426290000000000013e+01
1.507469999999999999e+01
1.576420000000000066e+01
1.537490000000000023e+01
1.576420000000000066e+01
1.559500000000000064e+01
1.431020000000000003e+01
1.426290000000000013e+01
1.483399999999999963e+01
1.457590000000000074e+01
1.554809999999999981e+01
1.472010000000000041e+01
1.518159999999999954e+01
1.448540000000000028e+01
1.474949999999999939e+01
1.434570000000000078e+01
1.531879999999999953e+01
1.454729999999999990e+01
1.426290000000000013e+01
1.476440000000000019e+01
1.576420000000000066e+01
1.426290000000000013e+01
1.548080000000000034e+01
1.426290000000000013e+01
1.467340000000000089e+01
1.468870000000000076e+01
1.551050000000000040e+01
1.568960000000000043e+01
1.426290000000000013e+01
1.541929999999999978e+01
1.426290000000000013e+01
1.495689999999999920e+01
1.483079999999999998e+01
1.537899999999999956e+01
1.576420000000000066e+01
1.526309999999999967e+01
1.426290000000000013e+01
1.490499999999999936e+01
1.566580000000000084e+01
1.576420000000000066e+01
1.467029999999999923e+01
1.549230000000000018e+01
1.500900000000000034e+01
1.467430000000000057e+01
1.576420000000000066e+01
1.426290000000000013e+01
1.521110000000000007e+01
1.426290000000000013e+01
1.554609999999999914e+01
1.426290000000000013e+01
1.556739999999999924e+01
1.426290000000000013e+01
1.426290000000000013e+01
1.426290000000000013e+01
1.428379999999999939e+01
1.493459999999999965e+01
1.541000000000000014e+01
1.451040000000000063e+01
1.489589999999999925e+01
1.468030000000000079e+01
1.537599999999999945e+01
1.445630000000000059e+01
1.564589999999999925e+01
1.576420000000000066e+01
1.533760000000000012e+01
1.568870000000000076e+01
1.521700000000000053e+01
1.500319999999999965e+01
1.426290000000000013e+01
