3.111720000000000041e+01
3.054570000000000007e+01
2.920560000000000045e+01
2.763950000000000173e+01
2.832949999999999946e+01
2.695469999999999899e+01
2.629400000000000048e+01
2.605979999999999919e+01
2.310060000000000002e+01
2.470769999999999911e+01
2.407989999999999853e+01
2.272599999999999909e+01
2.073799999999999955e+01
2.229279999999999973e+01
2.189069999999999894e+01
1.968290000000000006e+01
1.981929999999999836e+01
1.968550000000000111e+01
1.829119999999999990e+01
1.958859999999999957e+01
1.916219999999999857e+01
1.805349999999999966e+01
1.800450000000000017e+01
1.705320000000000036e+01
1.759459999999999980e+01
1.681909999999999883e+01
1.666000000000000014e+01
1.750440000000000040e+01
1.691140000000000043e+01
1.703740000000000165e+01
1.652890000000000015e+01
1.765680000000000049e+01
1.652890000000000015e+01
1.787150000000000105e+01
1.739839999999999876e+01
1.698509999999999920e+01
1.826879999999999882e+01
1.652890000000000015e+01
1.655199999999999960e+01
1.652890000000000015e+01
1.826879999999999882e+01
1.719689999999999941e+01
1.652890000000000015e+01
1.826879999999999882e+01
1.800619999999999976e+01
1.756599999999999895e+01
1.786260000000000048e+01
1.680069999999999908e+01
1.735930000000000106e+01
1.653770000000000095e+01
1.766290000000000049e+01
1.814010000000000034e+01
1.826879999999999882e+01
1.674680000000000035e+01
1.659420000000000073e+01
1.826879999999999882e+01
1.652890000000000015e+01
1.732870000000000132e+01
1.652890000000000015e+01
1.742279999999999873e+01
1.696030000000000015e+01
1.811710000000000065e+01
1.824719999999999942e+01
1.652890000000000015e+01
1.785820000000000007e+01
1.668059999999999832e+01
1.826879999999999882e+01
1.768649999999999878e+01
1.652890000000000015e+01
1.654370000000000118e+01
1.668260000000000076e+01
1.721950000000000003e+01
1.695489999999999853e+01
1.807229999999999848e+01
1.652890000000000015e+01
1.652890000000000015e+01
1.652890000000000015e+01
1.679810000000000159e+01
1.707710000000000150e+01
1.652890000000000015e+01
1.826879999999999882e+01
1.795060000000000144e+01
1.685239999999999938e+01
1.805160000000000053e+01
1.652890000000000015e+01
1.812600000000000122e+01
1.660119999999999862e+01
1.825189999999999912e+01
1.808380000000000010e+01
1.668789999999999907e+01
1.776310000000000144e+01
1.814590000000000103e+01
1.704319999999999879e+01
1.692109999999999914e+01
1.729960000000000164e+01
1.652890000000000015e+01
1.652890000000000015e+01
1.663879999999999981e+01
1.652890000000000015e+01
1.792429999999999879e+01
