3.145110000000000028e+01
3.009219999999999828e+01
2.677580000000000027e+01
2.797579999999999956e+01
2.679899999999999949e+01
2.353920000000000101e+01
2.353529999999999944e+01
2.270810000000000173e+01
2.175850000000000151e+01
2.019460000000000122e+01
1.968720000000000070e+01
1.808770000000000167e+01
1.767190000000000083e+01
1.769379999999999953e+01
1.778559999999999874e+01
1.681169999999999831e+01
1.623260000000000147e+01
1.605799999999999983e+01
1.409830000000000005e+01
1.515670000000000073e+01
1.443319999999999936e+01
1.355070000000000086e+01
1.294999999999999929e+01
1.366890000000000072e+01
1.312299999999999933e+01
1.235399999999999920e+01
1.286730000000000018e+01
1.294960000000000022e+01
1.226340000000000074e+01
1.285389999999999944e+01
1.253950000000000031e+01
1.330669999999999931e+01
1.355429999999999957e+01
1.226340000000000074e+01
1.294030000000000058e+01
1.295209999999999972e+01
1.226340000000000074e+01
1.226340000000000074e+01
1.288380000000000081e+01
1.312829999999999941e+01
1.303459999999999930e+01
1.355429999999999957e+01
1.355429999999999957e+01
1.248959999999999937e+01
1.256819999999999915e+01
1.355429999999999957e+01
1.355429999999999957e+01
1.253999999999999915e+01
1.279499999999999993e+01
1.265659999999999918e+01
1.349619999999999997e+01
1.317389999999999972e+01
1.263460000000000072e+01
1.284999999999999964e+01
1.247899999999999920e+01
1.226340000000000074e+01
1.355429999999999957e+01
1.310779999999999923e+01
1.318740000000000023e+01
1.355429999999999957e+01
1.265189999999999948e+01
1.310249999999999915e+01
1.320650000000000013e+01
1.345049999999999990e+01
1.226340000000000074e+01
1.262540000000000084e+01
1.261239999999999917e+01
1.355429999999999957e+01
1.282649999999999935e+01
1.242259999999999920e+01
1.226340000000000074e+01
1.302089999999999925e+01
1.329669999999999952e+01
1.248809999999999931e+01
1.243149999999999977e+01
1.243859999999999921e+01
1.355429999999999957e+01
1.354330000000000034e+01
1.325660000000000061e+01
1.355429999999999957e+01
1.226340000000000074e+01
1.355429999999999957e+01
1.253400000000000070e+01
1.316750000000000043e+01
1.314860000000000007e+01
1.259909999999999997e+01
1.306959999999999944e+01
1.226340000000000074e+01
1.279640000000000022e+01
1.226340000000000074e+01
1.265789999999999971e+01
1.318239999999999945e+01
1.306719999999999970e+01
1.288959999999999972e+01
1.280330000000000013e+01
1.226340000000000074e+01
1.293939999999999912e+01
1.355429999999999957e+01
1.311110000000000042e+01
1.272910000000000075e+01
