3.097749999999999915e+01
2.766219999999999857e+01
2.659080000000000155e+01
2.825400000000000134e+01
2.609459999999999980e+01
2.501930000000000121e+01
2.357199999999999918e+01
2.195899999999999963e+01
2.278590000000000160e+01
2.031540000000000035e+01
2.033650000000000091e+01
2.036580000000000013e+01
1.905720000000000169e+01
1.912190000000000012e+01
1.792859999999999943e+01
1.839379999999999882e+01
1.618280000000000030e+01
1.683859999999999957e+01
1.609219999999999828e+01
1.665380000000000038e+01
1.485360000000000014e+01
1.607379999999999853e+01
1.561819999999999986e+01
1.451210000000000022e+01
1.489850000000000030e+01
1.458210000000000051e+01
1.399629999999999974e+01
1.546959999999999980e+01
1.494389999999999930e+01
1.478989999999999938e+01
1.540910000000000046e+01
1.466580000000000084e+01
1.497160000000000046e+01
1.433409999999999940e+01
1.445679999999999943e+01
1.399629999999999974e+01
1.502079999999999949e+01
1.471909999999999918e+01
1.509220000000000006e+01
1.546959999999999980e+01
1.503730000000000011e+01
1.527149999999999963e+01
1.505780000000000030e+01
1.525789999999999935e+01
1.399629999999999974e+01
1.546959999999999980e+01
1.406600000000000072e+01
1.456390000000000029e+01
1.492249999999999943e+01
1.463649999999999984e+01
1.451449999999999996e+01
1.432390000000000008e+01
1.421380000000000088e+01
1.461079999999999934e+01
1.513679999999999914e+01
1.409909999999999997e+01
1.399629999999999974e+01
1.546959999999999980e+01
1.479860000000000042e+01
1.441050000000000075e+01
1.484009999999999962e+01
1.399629999999999974e+01
1.490869999999999962e+01
1.546959999999999980e+01
1.442869999999999919e+01
1.521829999999999927e+01
1.494839999999999947e+01
1.399629999999999974e+01
1.488729999999999976e+01
1.457189999999999941e+01
1.535970000000000013e+01
1.476890000000000036e+01
1.517769999999999975e+01
1.479909999999999926e+01
1.399629999999999974e+01
1.546959999999999980e+01
1.537679999999999936e+01
1.464899999999999913e+01
1.426459999999999972e+01
1.480569999999999986e+01
1.481869999999999976e+01
1.525740000000000052e+01
1.545320000000000071e+01
1.541890000000000072e+01
1.475350000000000072e+01
1.507809999999999917e+01
1.546959999999999980e+01
1.546959999999999980e+01
1.436829999999999963e+01
1.463020000000000032e+01
1.546959999999999980e+01
1.419749999999999979e+01
1.540789999999999971e+01
1.497899999999999920e+01
1.444919999999999938e+01
1.539610000000000056e+01
1.476769999999999960e+01
1.498119999999999941e+01
1.540540000000000020e+01
1.472540000000000049e+01
