3.121940000000000026e+01
2.938309999999999889e+01
2.702479999999999905e+01
2.615149999999999864e+01
2.473059999999999903e+01
2.633210000000000051e+01
2.421290000000000120e+01
2.302769999999999939e+01
2.291009999999999991e+01
2.143319999999999936e+01
2.202130000000000010e+01
2.110119999999999862e+01
2.008129999999999882e+01
1.809140000000000015e+01
1.931889999999999930e+01
1.751749999999999829e+01
1.810780000000000101e+01
1.623669999999999902e+01
1.667050000000000054e+01
1.556220000000000070e+01
1.685279999999999845e+01
1.664130000000000109e+01
1.489339999999999975e+01
1.626849999999999952e+01
1.595480000000000054e+01
1.455049999999999955e+01
1.467270000000000074e+01
1.605890000000000128e+01
1.513920000000000066e+01
1.478909999999999947e+01
1.605890000000000128e+01
1.605890000000000128e+01
1.479959999999999987e+01
1.605890000000000128e+01
1.481380000000000052e+01
1.504429999999999978e+01
1.494340000000000046e+01
1.605890000000000128e+01
1.528999999999999915e+01
1.527810000000000024e+01
1.591269999999999918e+01
1.452950000000000053e+01
1.569839999999999947e+01
1.477350000000000030e+01
1.605890000000000128e+01
1.583590000000000053e+01
1.605890000000000128e+01
1.452950000000000053e+01
1.452950000000000053e+01
1.601719999999999899e+01
1.590300000000000047e+01
1.509319999999999951e+01
1.452950000000000053e+01
1.453609999999999935e+01
1.490649999999999942e+01
1.515339999999999954e+01
1.452950000000000053e+01
1.502999999999999936e+01
1.598249999999999993e+01
1.528950000000000031e+01
1.583919999999999995e+01
1.597729999999999961e+01
1.589070000000000071e+01
1.508189999999999920e+01
1.605890000000000128e+01
1.534259999999999913e+01
1.475960000000000072e+01
1.489959999999999951e+01
1.605890000000000128e+01
1.596410000000000018e+01
1.605890000000000128e+01
1.538010000000000055e+01
1.543769999999999953e+01
1.503200000000000003e+01
1.595309999999999917e+01
1.605890000000000128e+01
1.560909999999999975e+01
1.605890000000000128e+01
1.452950000000000053e+01
1.540820000000000078e+01
1.549419999999999931e+01
1.579780000000000051e+01
1.582690000000000019e+01
1.504439999999999955e+01
1.487180000000000035e+01
1.484420000000000073e+01
1.452950000000000053e+01
1.495640000000000036e+01
1.452950000000000053e+01
1.545209999999999972e+01
1.569430000000000014e+01
1.605890000000000128e+01
1.541610000000000014e+01
1.452950000000000053e+01
1.568970000000000020e+01
1.605890000000000128e+01
1.561149999999999949e+01
1.452950000000000053e+01
1.599709999999999965e+01
1.452950000000000053e+01
