3.143440000000000012e+01
2.829250000000000043e+01
2.769500000000000028e+01
2.807890000000000086e+01
2.571689999999999898e+01
2.603879999999999839e+01
2.674680000000000035e+01
2.600189999999999912e+01
2.407939999999999969e+01
2.225390000000000157e+01
2.165619999999999834e+01
2.253810000000000002e+01
2.200979999999999848e+01
2.007600000000000051e+01
2.157460000000000022e+01
1.904939999999999856e+01
1.860439999999999827e+01
1.944640000000000057e+01
1.880529999999999902e+01
1.742170000000000130e+01
1.804690000000000083e+01
1.759140000000000015e+01
1.646799999999999997e+01
1.745720000000000027e+01
1.595940000000000047e+01
1.640279999999999916e+01
1.675319999999999965e+01
1.560619999999999941e+01
1.524729999999999919e+01
1.513279999999999959e+01
1.662740000000000151e+01
1.633350000000000080e+01
1.494209999999999994e+01
1.637730000000000175e+01
1.601300000000000168e+01
1.590429999999999922e+01
1.517549999999999955e+01
1.641329999999999956e+01
1.492939999999999934e+01
1.647629999999999839e+01
1.492939999999999934e+01
1.566859999999999964e+01
1.504080000000000084e+01
1.624859999999999971e+01
1.492939999999999934e+01
1.650090000000000146e+01
1.650090000000000146e+01
1.492939999999999934e+01
1.543709999999999916e+01
1.502430000000000021e+01
1.650090000000000146e+01
1.492950000000000088e+01
1.650090000000000146e+01
1.608190000000000097e+01
1.650090000000000146e+01
1.492939999999999934e+01
1.599329999999999963e+01
1.650090000000000146e+01
1.579379999999999917e+01
1.612460000000000093e+01
1.544219999999999970e+01
1.642259999999999920e+01
1.492939999999999934e+01
1.492939999999999934e+01
1.548530000000000051e+01
1.626989999999999981e+01
1.492939999999999934e+01
1.585960000000000036e+01
1.585859999999999914e+01
1.628480000000000061e+01
1.509290000000000020e+01
1.650090000000000146e+01
1.591639999999999944e+01
1.533610000000000007e+01
1.612490000000000023e+01
1.579119999999999990e+01
1.650090000000000146e+01
1.492939999999999934e+01
1.650090000000000146e+01
1.548680000000000057e+01
1.650090000000000146e+01
1.523010000000000019e+01
1.578340000000000032e+01
1.492939999999999934e+01
1.492939999999999934e+01
1.600769999999999982e+01
1.586660000000000004e+01
1.492939999999999934e+01
1.492939999999999934e+01
1.520229999999999926e+01
1.492939999999999934e+01
1.514780000000000015e+01
1.630150000000000077e+01
1.544529999999999959e+01
1.593169999999999931e+01
1.593219999999999992e+01
1.564930000000000021e+01
1.492939999999999934e+01
1.607959999999999923e+01
1.512899999999999956e+01
