2.877730000000000032e+01
2.951099999999999923e+01
2.828229999999999933e+01
2.729870000000000019e+01
2.849699999999999989e+01
2.519750000000000156e+01
2.455199999999999960e+01
2.553089999999999904e+01
2.422400000000000020e+01
2.373079999999999856e+01
2.220459999999999923e+01
2.362419999999999831e+01
2.284890000000000043e+01
2.213779999999999859e+01
2.162610000000000099e+01
2.158050000000000068e+01
2.044030000000000058e+01
1.987610000000000099e+01
1.994590000000000174e+01
1.934189999999999898e+01
1.797929999999999851e+01
1.954749999999999943e+01
1.819600000000000151e+01
1.732090000000000174e+01
1.801180000000000092e+01
1.785699999999999932e+01
1.769379999999999953e+01
1.707819999999999894e+01
1.721290000000000120e+01
1.618349999999999866e+01
1.769630000000000081e+01
1.668029999999999902e+01
1.769249999999999901e+01
1.600750000000000028e+01
1.710350000000000037e+01
1.670469999999999899e+01
1.645749999999999957e+01
1.766120000000000090e+01
1.631480000000000175e+01
1.613530000000000086e+01
1.664049999999999940e+01
1.637269999999999825e+01
1.666570000000000107e+01
1.618469999999999942e+01
1.684530000000000172e+01
1.646849999999999881e+01
1.704339999999999833e+01
1.599579999999999913e+01
1.767950000000000088e+01
1.610739999999999839e+01
1.705059999999999931e+01
1.753079999999999927e+01
1.599579999999999913e+01
1.673170000000000002e+01
1.734189999999999898e+01
1.599579999999999913e+01
1.603109999999999857e+01
1.705740000000000123e+01
1.671270000000000167e+01
1.599579999999999913e+01
1.767950000000000088e+01
1.630379999999999896e+01
1.612079999999999913e+01
1.715269999999999939e+01
1.725590000000000046e+01
1.767950000000000088e+01
1.767950000000000088e+01
1.599579999999999913e+01
1.599579999999999913e+01
1.649749999999999872e+01
1.723110000000000142e+01
1.683569999999999922e+01
1.667279999999999873e+01
1.684949999999999903e+01
1.632300000000000040e+01
1.599579999999999913e+01
1.669969999999999999e+01
1.733810000000000073e+01
1.753140000000000143e+01
1.638530000000000086e+01
1.746509999999999962e+01
1.767950000000000088e+01
1.655150000000000077e+01
1.599579999999999913e+01
1.767950000000000088e+01
1.740709999999999980e+01
1.648189999999999955e+01
1.688889999999999958e+01
1.639600000000000080e+01
1.599579999999999913e+01
1.745459999999999923e+01
1.599579999999999913e+01
1.599579999999999913e+01
1.622830000000000084e+01
1.599579999999999913e+01
1.599579999999999913e+01
1.671499999999999986e+01
1.699699999999999989e+01
1.599579999999999913e+01
1.657400000000000162e+01
