3.127359999999999829e+01
2.822210000000000107e+01
2.747309999999999874e+01
2.644140000000000157e+01
2.687079999999999913e+01
2.549739999999999895e+01
2.473019999999999996e+01
2.615299999999999869e+01
2.302730000000000032e+01
2.464069999999999894e+01
2.182939999999999969e+01
2.316069999999999851e+01
2.290909999999999869e+01
2.064130000000000109e+01
2.179690000000000083e+01
2.025339999999999918e+01
2.079070000000000107e+01
2.016150000000000020e+01
1.980249999999999844e+01
1.947990000000000066e+01
1.727730000000000032e+01
1.776259999999999906e+01
1.734969999999999857e+01
1.706210000000000093e+01
1.612730000000000175e+01
1.631510000000000105e+01
1.574290000000000056e+01
1.701249999999999929e+01
1.697749999999999915e+01
1.562459999999999916e+01
1.563669999999999938e+01
1.534520000000000017e+01
1.543050000000000033e+01
1.494130000000000003e+01
1.529620000000000068e+01
1.567169999999999952e+01
1.510500000000000043e+01
1.650090000000000146e+01
1.541929999999999978e+01
1.635820000000000007e+01
1.561480000000000068e+01
1.650090000000000146e+01
1.503120000000000012e+01
1.543529999999999980e+01
1.559130000000000038e+01
1.521260000000000012e+01
1.637170000000000059e+01
1.560989999999999966e+01
1.624530000000000030e+01
1.650090000000000146e+01
1.492939999999999934e+01
1.588959999999999972e+01
1.562260000000000026e+01
1.492939999999999934e+01
1.623590000000000089e+01
1.650090000000000146e+01
1.600489999999999924e+01
1.519660000000000011e+01
1.596299999999999919e+01
1.601040000000000063e+01
1.513920000000000066e+01
1.612699999999999889e+01
1.500960000000000072e+01
1.563119999999999976e+01
1.511469999999999914e+01
1.650090000000000146e+01
1.542510000000000048e+01
1.650090000000000146e+01
1.553159999999999918e+01
1.519810000000000016e+01
1.540680000000000049e+01
1.594130000000000003e+01
1.584099999999999930e+01
1.644010000000000105e+01
1.620299999999999940e+01
1.650090000000000146e+01
1.606299999999999883e+01
1.620129999999999981e+01
1.546690000000000076e+01
1.528049999999999997e+01
1.492939999999999934e+01
1.597160000000000046e+01
1.492939999999999934e+01
1.542500000000000071e+01
1.579080000000000084e+01
1.600260000000000105e+01
1.492939999999999934e+01
1.494880000000000031e+01
1.612269999999999825e+01
1.633439999999999870e+01
1.650090000000000146e+01
1.587650000000000006e+01
1.492939999999999934e+01
1.575609999999999999e+01
1.492939999999999934e+01
1.604410000000000025e+01
1.613179999999999836e+01
1.520749999999999957e+01
1.504739999999999966e+01
1.648470000000000013e+01
