2.961430000000000007e+01
3.041659999999999897e+01
2.851289999999999836e+01
2.842559999999999931e+01
2.821930000000000049e+01
2.478790000000000049e+01
2.491359999999999886e+01
2.516169999999999973e+01
2.398529999999999873e+01
2.208320000000000149e+01
2.323750000000000071e+01
2.309250000000000114e+01
2.239089999999999847e+01
2.065759999999999863e+01
2.098780000000000001e+01
1.996760000000000090e+01
1.890909999999999869e+01
1.986390000000000100e+01
1.861899999999999977e+01
1.839000000000000057e+01
1.865319999999999823e+01
1.763929999999999865e+01
1.628170000000000073e+01
1.646790000000000020e+01
1.579490000000000016e+01
1.675870000000000104e+01
1.541619999999999990e+01
1.683759999999999835e+01
1.518149999999999977e+01
1.554969999999999963e+01
1.498349999999999937e+01
1.575910000000000011e+01
1.553950000000000031e+01
1.609740000000000038e+01
1.650090000000000146e+01
1.615700000000000003e+01
1.512889999999999979e+01
1.650090000000000146e+01
1.562880000000000003e+01
1.540520000000000067e+01
1.492939999999999934e+01
1.544059999999999988e+01
1.492939999999999934e+01
1.602100000000000080e+01
1.638510000000000133e+01
1.530850000000000044e+01
1.610450000000000159e+01
1.512229999999999919e+01
1.558290000000000042e+01
1.574089999999999989e+01
1.626539999999999964e+01
1.492939999999999934e+01
1.650090000000000146e+01
1.495490000000000030e+01
1.527410000000000068e+01
1.538230000000000075e+01
1.608399999999999963e+01
1.580620000000000047e+01
1.650090000000000146e+01
1.650090000000000146e+01
1.506240000000000023e+01
1.496429999999999971e+01
1.611799999999999855e+01
1.561979999999999968e+01
1.583079999999999998e+01
1.576360000000000028e+01
1.650090000000000146e+01
1.583840000000000003e+01
1.549680000000000035e+01
1.545410000000000039e+01
1.492939999999999934e+01
1.650090000000000146e+01
1.492939999999999934e+01
1.650090000000000146e+01
1.650090000000000146e+01
1.609659999999999869e+01
1.507310000000000016e+01
1.565850000000000009e+01
1.492939999999999934e+01
1.650090000000000146e+01
1.650090000000000146e+01
1.650090000000000146e+01
1.572039999999999971e+01
1.650090000000000146e+01
1.650090000000000146e+01
1.566590000000000060e+01
1.643140000000000001e+01
1.518529999999999980e+01
1.650090000000000146e+01
1.562540000000000084e+01
1.551149999999999984e+01
1.493479999999999919e+01
1.523479999999999990e+01
1.492939999999999934e+01
1.556729999999999947e+01
1.629929999999999879e+01
1.524549999999999983e+01
1.650090000000000146e+01
1.583849999999999980e+01
1.616809999999999903e+01
