2.928379999999999939e+01
2.995739999999999981e+01
2.763080000000000069e+01
2.646649999999999991e+01
2.675179999999999936e+01
2.768489999999999895e+01
2.488040000000000163e+01
2.380440000000000111e+01
2.310419999999999874e+01
2.440370000000000061e+01
2.283739999999999881e+01
2.245670000000000144e+01
2.276970000000000027e+01
2.249559999999999960e+01
2.196859999999999857e+01
1.942399999999999949e+01
1.899599999999999866e+01
1.859260000000000090e+01
2.004380000000000095e+01
1.900789999999999935e+01
1.832809999999999917e+01
1.888190000000000168e+01
1.872530000000000072e+01
1.803440000000000154e+01
1.645289999999999964e+01
1.740960000000000107e+01
1.718410000000000082e+01
1.757669999999999888e+01
1.742800000000000082e+01
1.565820000000000078e+01
1.694069999999999965e+01
1.694829999999999970e+01
1.547480000000000011e+01
1.605839999999999890e+01
1.613609999999999900e+01
1.546260000000000012e+01
1.546260000000000012e+01
1.590230000000000032e+01
1.689760000000000062e+01
1.560040000000000049e+01
1.610709999999999908e+01
1.546260000000000012e+01
1.597359999999999935e+01
1.693900000000000006e+01
1.583019999999999960e+01
1.553289999999999971e+01
1.709019999999999939e+01
1.642099999999999937e+01
1.705349999999999966e+01
1.546260000000000012e+01
1.709019999999999939e+01
1.690619999999999834e+01
1.635460000000000136e+01
1.709019999999999939e+01
1.606719999999999970e+01
1.546260000000000012e+01
1.709019999999999939e+01
1.675159999999999982e+01
1.654840000000000089e+01
1.705590000000000117e+01
1.681790000000000163e+01
1.638289999999999935e+01
1.665269999999999939e+01
1.709019999999999939e+01
1.709019999999999939e+01
1.709019999999999939e+01
1.633439999999999870e+01
1.546260000000000012e+01
1.691509999999999891e+01
1.693570000000000064e+01
1.709019999999999939e+01
1.672729999999999961e+01
1.609819999999999851e+01
1.546260000000000012e+01
1.546260000000000012e+01
1.546260000000000012e+01
1.667760000000000176e+01
1.546260000000000012e+01
1.563480000000000025e+01
1.583469999999999978e+01
1.597639999999999993e+01
1.634430000000000049e+01
1.665690000000000026e+01
1.689819999999999922e+01
1.606680000000000064e+01
1.654579999999999984e+01
1.666150000000000020e+01
1.583580000000000076e+01
1.626980000000000004e+01
1.650629999999999953e+01
1.709019999999999939e+01
1.646559999999999846e+01
1.546260000000000012e+01
1.709019999999999939e+01
1.685760000000000147e+01
1.569030000000000058e+01
1.650019999999999953e+01
1.546260000000000012e+01
1.706559999999999988e+01
1.546260000000000012e+01
