3.180649999999999977e+01
3.060879999999999868e+01
2.923880000000000123e+01
2.654009999999999891e+01
2.700819999999999865e+01
2.479090000000000060e+01
2.427049999999999841e+01
2.433680000000000021e+01
2.301160000000000139e+01
2.140190000000000126e+01
1.971369999999999933e+01
2.102659999999999840e+01
1.973639999999999972e+01
1.776310000000000144e+01
1.826289999999999836e+01
1.724470000000000169e+01
1.786890000000000001e+01
1.679680000000000106e+01
1.597630000000000017e+01
1.560849999999999937e+01
1.612669999999999959e+01
1.531060000000000088e+01
1.459759999999999991e+01
1.465230000000000032e+01
1.456690000000000040e+01
1.492890000000000050e+01
1.445579999999999998e+01
1.430119999999999969e+01
1.473290000000000077e+01
1.385829999999999984e+01
1.403679999999999950e+01
1.342249999999999943e+01
1.463439999999999941e+01
1.416729999999999912e+01
1.376409999999999911e+01
1.364680000000000071e+01
1.332980000000000054e+01
1.473290000000000077e+01
1.473290000000000077e+01
1.399660000000000082e+01
1.473290000000000077e+01
1.473290000000000077e+01
1.332980000000000054e+01
1.343060000000000009e+01
1.396579999999999977e+01
1.422739999999999938e+01
1.332980000000000054e+01
1.473290000000000077e+01
1.374460000000000015e+01
1.332980000000000054e+01
1.473290000000000077e+01
1.422039999999999971e+01
1.405969999999999942e+01
1.405589999999999939e+01
1.372610000000000063e+01
1.407540000000000013e+01
1.415249999999999986e+01
1.332980000000000054e+01
1.449639999999999951e+01
1.332980000000000054e+01
1.459469999999999956e+01
1.402929999999999922e+01
1.473290000000000077e+01
1.468740000000000023e+01
1.458719999999999928e+01
1.437209999999999965e+01
1.332980000000000054e+01
1.473290000000000077e+01
1.332980000000000054e+01
1.335989999999999966e+01
1.332980000000000054e+01
1.409089999999999954e+01
1.473290000000000077e+01
1.473290000000000077e+01
1.332980000000000054e+01
1.394890000000000008e+01
1.337620000000000076e+01
1.456499999999999950e+01
1.347690000000000055e+01
1.332980000000000054e+01
1.439300000000000068e+01
1.376360000000000028e+01
1.376650000000000063e+01
1.368260000000000076e+01
1.433270000000000088e+01
1.332980000000000054e+01
1.341280000000000072e+01
1.332980000000000054e+01
1.373910000000000053e+01
1.408270000000000088e+01
1.348639999999999972e+01
1.473290000000000077e+01
1.389109999999999978e+01
1.332980000000000054e+01
1.428599999999999959e+01
1.412129999999999974e+01
1.382610000000000028e+01
1.430630000000000024e+01
1.434120000000000061e+01
1.458530000000000015e+01
