3.179939999999999856e+01
3.061850000000000094e+01
2.807819999999999894e+01
2.624490000000000123e+01
2.631680000000000064e+01
2.466989999999999839e+01
2.423359999999999914e+01
2.270459999999999923e+01
2.135829999999999984e+01
2.140859999999999985e+01
2.113599999999999923e+01
2.096689999999999898e+01
1.981510000000000105e+01
1.809140000000000015e+01
1.828219999999999956e+01
1.887760000000000105e+01
1.738729999999999976e+01
1.794579999999999842e+01
1.754980000000000118e+01
1.720039999999999836e+01
1.614880000000000138e+01
1.611139999999999972e+01
1.486669999999999980e+01
1.497600000000000087e+01
1.567709999999999937e+01
1.537340000000000018e+01
1.605890000000000128e+01
1.452950000000000053e+01
1.471829999999999927e+01
1.605890000000000128e+01
1.502319999999999922e+01
1.591709999999999958e+01
1.595969999999999978e+01
1.457779999999999987e+01
1.473520000000000074e+01
1.452950000000000053e+01
1.525830000000000020e+01
1.492939999999999934e+01
1.487100000000000044e+01
1.472419999999999973e+01
1.527730000000000032e+01
1.487020000000000053e+01
1.576679999999999993e+01
1.531339999999999968e+01
1.530189999999999984e+01
1.533760000000000012e+01
1.452950000000000053e+01
1.605890000000000128e+01
1.499050000000000082e+01
1.553710000000000058e+01
1.537059999999999960e+01
1.546010000000000062e+01
1.483159999999999989e+01
1.452950000000000053e+01
1.554080000000000084e+01
1.492970000000000041e+01
1.472760000000000069e+01
1.535019999999999918e+01
1.552890000000000015e+01
1.557080000000000020e+01
1.529669999999999952e+01
1.591639999999999944e+01
1.461439999999999984e+01
1.452950000000000053e+01
1.544059999999999988e+01
1.500769999999999982e+01
1.471439999999999948e+01
1.452950000000000053e+01
1.589390000000000036e+01
1.605890000000000128e+01
1.518350000000000044e+01
1.510289999999999999e+01
1.494699999999999918e+01
1.555610000000000070e+01
1.605890000000000128e+01
1.561180000000000057e+01
1.452950000000000053e+01
1.568539999999999957e+01
1.452950000000000053e+01
1.466099999999999959e+01
1.466879999999999917e+01
1.605890000000000128e+01
1.565360000000000085e+01
1.580569999999999986e+01
1.605890000000000128e+01
1.605890000000000128e+01
1.485779999999999923e+01
1.508230000000000004e+01
1.496490000000000009e+01
1.452950000000000053e+01
1.452950000000000053e+01
1.605890000000000128e+01
1.593290000000000006e+01
1.530910000000000082e+01
1.558510000000000062e+01
1.605890000000000128e+01
1.592169999999999952e+01
1.537729999999999997e+01
1.592689999999999984e+01
1.550249999999999950e+01
