3.180649999999999977e+01
2.910800000000000054e+01
2.861169999999999902e+01
2.809469999999999956e+01
2.790930000000000177e+01
2.693270000000000053e+01
2.558060000000000045e+01
2.457379999999999853e+01
2.344709999999999894e+01
2.395820000000000149e+01
2.289049999999999940e+01
2.127260000000000062e+01
2.094330000000000069e+01
2.147769999999999868e+01
1.936479999999999890e+01
2.023890000000000100e+01
1.988670000000000115e+01
1.837750000000000128e+01
1.741590000000000060e+01
1.834570000000000078e+01
1.685490000000000066e+01
1.817719999999999914e+01
1.757750000000000057e+01
1.627629999999999910e+01
1.680260000000000176e+01
1.741420000000000101e+01
1.601330000000000098e+01
1.599579999999999913e+01
1.674200000000000088e+01
1.638650000000000162e+01
1.636959999999999837e+01
1.599579999999999913e+01
1.729720000000000013e+01
1.757260000000000133e+01
1.660210000000000008e+01
1.666560000000000130e+01
1.669869999999999877e+01
1.701389999999999958e+01
1.719259999999999877e+01
1.720120000000000005e+01
1.616079999999999828e+01
1.627720000000000056e+01
1.599579999999999913e+01
1.599579999999999913e+01
1.640510000000000090e+01
1.649559999999999960e+01
1.599579999999999913e+01
1.767950000000000088e+01
1.767950000000000088e+01
1.615879999999999939e+01
1.767950000000000088e+01
1.705940000000000012e+01
1.601300000000000168e+01
1.682620000000000005e+01
1.757100000000000151e+01
1.725629999999999953e+01
1.639839999999999876e+01
1.702690000000000126e+01
1.599579999999999913e+01
1.745570000000000022e+01
1.741850000000000165e+01
1.599579999999999913e+01
1.676060000000000016e+01
1.767950000000000088e+01
1.599579999999999913e+01
1.765869999999999962e+01
1.767950000000000088e+01
1.720820000000000149e+01
1.671740000000000137e+01
1.719729999999999848e+01
1.662000000000000099e+01
1.599579999999999913e+01
1.611589999999999989e+01
1.746160000000000068e+01
1.624599999999999866e+01
1.767950000000000088e+01
1.729970000000000141e+01
1.646450000000000102e+01
1.696630000000000038e+01
1.611009999999999920e+01
1.615390000000000015e+01
1.728359999999999985e+01
1.628170000000000073e+01
1.735419999999999874e+01
1.647670000000000101e+01
1.608849999999999980e+01
1.619310000000000116e+01
1.713100000000000023e+01
1.767950000000000088e+01
1.707290000000000063e+01
1.767950000000000088e+01
1.742460000000000164e+01
1.719269999999999854e+01
1.692429999999999879e+01
1.646000000000000085e+01
1.717640000000000100e+01
1.599579999999999913e+01
1.641829999999999856e+01
1.767950000000000088e+01
1.767950000000000088e+01
