2.971249999999999858e+01
2.829860000000000042e+01
2.914150000000000063e+01
2.869559999999999889e+01
2.596529999999999916e+01
2.788629999999999853e+01
2.705039999999999978e+01
2.540080000000000027e+01
2.490569999999999951e+01
2.483200000000000074e+01
2.467579999999999885e+01
2.250829999999999842e+01
2.361270000000000024e+01
2.093110000000000070e+01
2.228200000000000003e+01
2.152830000000000155e+01
1.991009999999999991e+01
2.082090000000000174e+01
1.899500000000000099e+01
1.927199999999999847e+01
1.950000000000000000e+01
1.857440000000000069e+01
1.908739999999999881e+01
1.802959999999999852e+01
1.761919999999999931e+01
1.765159999999999840e+01
1.659189999999999898e+01
1.813830000000000098e+01
1.742139999999999844e+01
1.646470000000000056e+01
1.709270000000000067e+01
1.681769999999999854e+01
1.658869999999999933e+01
1.577180000000000071e+01
1.608589999999999876e+01
1.628409999999999869e+01
1.593469999999999942e+01
1.737160000000000082e+01
1.738489999999999824e+01
1.582489999999999952e+01
1.653640000000000043e+01
1.668929999999999936e+01
1.615109999999999957e+01
1.738489999999999824e+01
1.572920000000000051e+01
1.689290000000000092e+01
1.706970000000000098e+01
1.738489999999999824e+01
1.697100000000000009e+01
1.735269999999999868e+01
1.612030000000000030e+01
1.572920000000000051e+01
1.625359999999999872e+01
1.627789999999999893e+01
1.572920000000000051e+01
1.664270000000000138e+01
1.657979999999999876e+01
1.572920000000000051e+01
1.690449999999999875e+01
1.629540000000000077e+01
1.738489999999999824e+01
1.572920000000000051e+01
1.602299999999999969e+01
1.720510000000000161e+01
1.671630000000000038e+01
1.572920000000000051e+01
1.668580000000000041e+01
1.679650000000000176e+01
1.596610000000000085e+01
1.625379999999999825e+01
1.575750000000000028e+01
1.698849999999999838e+01
1.665950000000000131e+01
1.572920000000000051e+01
1.622850000000000037e+01
1.572920000000000051e+01
1.583539999999999992e+01
1.738489999999999824e+01
1.603460000000000107e+01
1.608719999999999928e+01
1.594009999999999927e+01
1.708689999999999998e+01
1.692170000000000130e+01
1.645730000000000004e+01
1.572920000000000051e+01
1.705669999999999931e+01
1.723860000000000170e+01
1.613680000000000092e+01
1.738489999999999824e+01
1.738489999999999824e+01
1.703979999999999961e+01
1.718290000000000006e+01
1.572920000000000051e+01
1.718629999999999924e+01
1.651510000000000034e+01
1.595379999999999932e+01
1.698799999999999955e+01
1.636990000000000123e+01
1.608940000000000126e+01
1.572920000000000051e+01
