2.934149999999999991e+01
2.870319999999999894e+01
2.708180000000000121e+01
2.852550000000000097e+01
2.573120000000000118e+01
2.711009999999999920e+01
2.498689999999999856e+01
2.581299999999999883e+01
2.284740000000000038e+01
2.361400000000000077e+01
2.309850000000000136e+01
2.224340000000000117e+01
2.167269999999999897e+01
1.984669999999999845e+01
1.936430000000000007e+01
1.891120000000000090e+01
1.969020000000000081e+01
1.946470000000000056e+01
1.817650000000000077e+01
1.848150000000000048e+01
1.729830000000000112e+01
1.716700000000000159e+01
1.791710000000000136e+01
1.633869999999999933e+01
1.667879999999999896e+01
1.640149999999999864e+01
1.586979999999999968e+01
1.614649999999999963e+01
1.602690000000000126e+01
1.573019999999999996e+01
1.625230000000000175e+01
1.605199999999999960e+01
1.716570000000000107e+01
1.626310000000000144e+01
1.717650000000000077e+01
1.570250000000000057e+01
1.562250000000000050e+01
1.562250000000000050e+01
1.562250000000000050e+01
1.612040000000000006e+01
1.567530000000000001e+01
1.672090000000000032e+01
1.562250000000000050e+01
1.564579999999999949e+01
1.592459999999999987e+01
1.693240000000000123e+01
1.562250000000000050e+01
1.630320000000000036e+01
1.580230000000000068e+01
1.698059999999999903e+01
1.689610000000000056e+01
1.624879999999999924e+01
1.726699999999999946e+01
1.574619999999999997e+01
1.614410000000000167e+01
1.726699999999999946e+01
1.562250000000000050e+01
1.726699999999999946e+01
1.562250000000000050e+01
1.726699999999999946e+01
1.701599999999999824e+01
1.568190000000000062e+01
1.562250000000000050e+01
1.726699999999999946e+01
1.562250000000000050e+01
1.716850000000000165e+01
1.629929999999999879e+01
1.726699999999999946e+01
1.660439999999999827e+01
1.726699999999999946e+01
1.659069999999999823e+01
1.719129999999999825e+01
1.589789999999999992e+01
1.562250000000000050e+01
1.594260000000000055e+01
1.627789999999999893e+01
1.625779999999999959e+01
1.689539999999999864e+01
1.632209999999999894e+01
1.562250000000000050e+01
1.703760000000000119e+01
1.562250000000000050e+01
1.562250000000000050e+01
1.610529999999999973e+01
1.635160000000000124e+01
1.599949999999999939e+01
1.726699999999999946e+01
1.713380000000000081e+01
1.694500000000000028e+01
1.562250000000000050e+01
1.679319999999999879e+01
1.726699999999999946e+01
1.726699999999999946e+01
1.686129999999999995e+01
1.562250000000000050e+01
1.726699999999999946e+01
1.663220000000000098e+01
1.637580000000000169e+01
1.562250000000000050e+01
1.629889999999999972e+01
