3.178669999999999973e+01
2.967249999999999943e+01
2.700059999999999860e+01
2.713899999999999935e+01
2.753569999999999851e+01
2.634260000000000090e+01
2.346630000000000038e+01
2.406149999999999878e+01
2.235650000000000048e+01
2.357560000000000144e+01
2.112229999999999919e+01
2.009880000000000067e+01
1.954070000000000107e+01
1.904799999999999827e+01
1.854009999999999891e+01
1.809750000000000014e+01
1.793280000000000030e+01
1.915180000000000149e+01
1.879019999999999868e+01
1.728500000000000014e+01
1.646189999999999998e+01
1.726910000000000167e+01
1.728760000000000119e+01
1.594229999999999947e+01
1.584609999999999985e+01
1.745029999999999859e+01
1.742909999999999826e+01
1.651829999999999998e+01
1.655620000000000047e+01
1.576909999999999989e+01
1.595809999999999995e+01
1.736260000000000048e+01
1.659580000000000055e+01
1.723369999999999891e+01
1.742909999999999826e+01
1.716839999999999833e+01
1.576909999999999989e+01
1.742909999999999826e+01
1.706299999999999883e+01
1.742909999999999826e+01
1.742909999999999826e+01
1.627230000000000132e+01
1.703010000000000090e+01
1.576909999999999989e+01
1.710160000000000124e+01
1.742909999999999826e+01
1.686629999999999896e+01
1.616240000000000165e+01
1.576909999999999989e+01
1.663950000000000173e+01
1.648870000000000147e+01
1.576909999999999989e+01
1.610470000000000113e+01
1.742909999999999826e+01
1.658070000000000022e+01
1.635160000000000124e+01
1.690449999999999875e+01
1.617119999999999891e+01
1.663449999999999918e+01
1.610930000000000106e+01
1.576909999999999989e+01
1.682789999999999964e+01
1.648999999999999844e+01
1.671890000000000143e+01
1.576909999999999989e+01
1.576909999999999989e+01
1.636090000000000089e+01
1.696529999999999916e+01
1.694650000000000034e+01
1.693230000000000146e+01
1.576909999999999989e+01
1.663779999999999859e+01
1.576909999999999989e+01
1.651549999999999940e+01
1.716619999999999990e+01
1.634870000000000090e+01
1.622299999999999898e+01
1.737340000000000018e+01
1.576909999999999989e+01
1.687130000000000152e+01
1.742909999999999826e+01
1.576909999999999989e+01
1.576909999999999989e+01
1.576909999999999989e+01
1.738400000000000034e+01
1.704029999999999845e+01
1.684919999999999973e+01
1.641839999999999833e+01
1.713129999999999953e+01
1.576909999999999989e+01
1.589949999999999974e+01
1.620429999999999993e+01
1.609570000000000078e+01
1.680829999999999913e+01
1.693179999999999907e+01
1.576909999999999989e+01
1.667030000000000101e+01
1.637839999999999918e+01
1.678790000000000049e+01
1.576909999999999989e+01
