2.973720000000000141e+01
2.810989999999999966e+01
2.958330000000000126e+01
2.765170000000000172e+01
2.622390000000000043e+01
2.820720000000000027e+01
2.770139999999999958e+01
2.494559999999999889e+01
2.416929999999999978e+01
2.446569999999999823e+01
2.418359999999999843e+01
2.250000000000000000e+01
2.252819999999999823e+01
2.388500000000000156e+01
2.225890000000000057e+01
2.121770000000000067e+01
2.042050000000000054e+01
2.042310000000000159e+01
2.166860000000000142e+01
2.144760000000000133e+01
1.910510000000000019e+01
2.062249999999999872e+01
1.882110000000000127e+01
1.940950000000000131e+01
2.000440000000000040e+01
1.951379999999999981e+01
1.865889999999999915e+01
1.837879999999999825e+01
1.923460000000000036e+01
1.734290000000000020e+01
1.831390000000000029e+01
1.790230000000000032e+01
1.715099999999999980e+01
1.846359999999999957e+01
1.827299999999999969e+01
1.871079999999999899e+01
1.825090000000000146e+01
1.846890000000000143e+01
1.755819999999999936e+01
1.726180000000000092e+01
1.870949999999999847e+01
1.871079999999999899e+01
1.837640000000000029e+01
1.871079999999999899e+01
1.846740000000000137e+01
1.692879999999999896e+01
1.751429999999999865e+01
1.692879999999999896e+01
1.766000000000000014e+01
1.859059999999999846e+01
1.813520000000000110e+01
1.773150000000000048e+01
1.742530000000000001e+01
1.858970000000000056e+01
1.768159999999999954e+01
1.862069999999999936e+01
1.757730000000000103e+01
1.736959999999999837e+01
1.692879999999999896e+01
1.692879999999999896e+01
1.871079999999999899e+01
1.723079999999999856e+01
1.740790000000000148e+01
1.692879999999999896e+01
1.756729999999999947e+01
1.871079999999999899e+01
1.871079999999999899e+01
1.871079999999999899e+01
1.724739999999999895e+01
1.871079999999999899e+01
1.697329999999999828e+01
1.808709999999999951e+01
1.738939999999999841e+01
1.697169999999999845e+01
1.735679999999999978e+01
1.825000000000000000e+01
1.780890000000000128e+01
1.758879999999999910e+01
1.790439999999999898e+01
1.869409999999999883e+01
1.694000000000000128e+01
1.771209999999999951e+01
1.802319999999999922e+01
1.852840000000000131e+01
1.760210000000000008e+01
1.773969999999999914e+01
1.871079999999999899e+01
1.817630000000000123e+01
1.772710000000000008e+01
1.765409999999999968e+01
1.749719999999999942e+01
1.790350000000000108e+01
1.871079999999999899e+01
1.797660000000000124e+01
1.795220000000000127e+01
1.794109999999999872e+01
1.695560000000000045e+01
1.871079999999999899e+01
1.829449999999999932e+01
1.818720000000000070e+01
