3.084530000000000172e+01
2.795080000000000098e+01
2.890500000000000114e+01
2.637399999999999878e+01
2.562369999999999948e+01
2.739509999999999934e+01
2.639049999999999940e+01
2.406830000000000069e+01
2.287699999999999889e+01
2.391519999999999868e+01
2.393580000000000041e+01
2.269490000000000052e+01
2.128119999999999834e+01
2.060719999999999885e+01
1.981350000000000122e+01
1.984369999999999834e+01
1.922510000000000119e+01
1.943700000000000117e+01
1.781309999999999860e+01
1.747380000000000067e+01
1.877560000000000073e+01
1.697220000000000084e+01
1.779299999999999926e+01
1.663530000000000086e+01
1.611629999999999896e+01
1.740040000000000120e+01
1.581850000000000023e+01
1.650789999999999935e+01
1.685219999999999985e+01
1.513279999999999959e+01
1.544650000000000034e+01
1.602039999999999864e+01
1.494209999999999994e+01
1.492939999999999934e+01
1.606190000000000140e+01
1.650090000000000146e+01
1.586819999999999986e+01
1.586829999999999963e+01
1.628999999999999915e+01
1.540150000000000041e+01
1.650090000000000146e+01
1.650090000000000146e+01
1.616590000000000060e+01
1.650090000000000146e+01
1.650090000000000146e+01
1.589639999999999986e+01
1.563679999999999914e+01
1.575220000000000020e+01
1.609260000000000090e+01
1.492939999999999934e+01
1.550200000000000067e+01
1.521690000000000076e+01
1.567549999999999955e+01
1.650090000000000146e+01
1.619249999999999901e+01
1.626160000000000139e+01
1.650090000000000146e+01
1.650090000000000146e+01
1.558270000000000088e+01
1.648570000000000135e+01
1.637199999999999989e+01
1.650090000000000146e+01
1.566849999999999987e+01
1.650090000000000146e+01
1.527410000000000068e+01
1.544780000000000086e+01
1.540310000000000024e+01
1.573460000000000036e+01
1.566980000000000040e+01
1.492939999999999934e+01
1.587819999999999965e+01
1.648189999999999955e+01
1.492939999999999934e+01
1.560089999999999932e+01
1.650090000000000146e+01
1.650090000000000146e+01
1.493989999999999974e+01
1.546529999999999916e+01
1.608599999999999852e+01
1.572889999999999944e+01
1.650090000000000146e+01
1.492939999999999934e+01
1.612730000000000175e+01
1.532109999999999950e+01
1.492939999999999934e+01
1.555470000000000041e+01
1.616979999999999862e+01
1.555310000000000059e+01
1.556949999999999967e+01
1.492939999999999934e+01
1.535919999999999952e+01
1.588530000000000086e+01
1.650090000000000146e+01
1.630160000000000053e+01
1.497180000000000000e+01
1.492939999999999934e+01
1.650090000000000146e+01
1.492939999999999934e+01
1.492939999999999934e+01
1.552030000000000065e+01
