3.002649999999999864e+01
3.010050000000000026e+01
2.750009999999999977e+01
2.777299999999999969e+01
2.582870000000000132e+01
2.659919999999999973e+01
2.449259999999999948e+01
2.543900000000000006e+01
2.481439999999999912e+01
2.504670000000000130e+01
2.229400000000000048e+01
2.232560000000000144e+01
2.111410000000000053e+01
2.209270000000000067e+01
2.209019999999999939e+01
2.140709999999999980e+01
2.052499999999999858e+01
2.047860000000000014e+01
1.862989999999999924e+01
1.805409999999999826e+01
1.900260000000000105e+01
1.740909999999999869e+01
1.892340000000000089e+01
1.802479999999999905e+01
1.836319999999999908e+01
1.812140000000000128e+01
1.693519999999999825e+01
1.771399999999999864e+01
1.618870000000000076e+01
1.575050000000000061e+01
1.591179999999999950e+01
1.621420000000000172e+01
1.695400000000000063e+01
1.595110000000000028e+01
1.559420000000000073e+01
1.651150000000000162e+01
1.658660000000000068e+01
1.553909999999999947e+01
1.709019999999999939e+01
1.709019999999999939e+01
1.709019999999999939e+01
1.571359999999999957e+01
1.707290000000000063e+01
1.641659999999999897e+01
1.651480000000000103e+01
1.546260000000000012e+01
1.709019999999999939e+01
1.566360000000000063e+01
1.690080000000000027e+01
1.709019999999999939e+01
1.708719999999999928e+01
1.578619999999999912e+01
1.589029999999999987e+01
1.709019999999999939e+01
1.684469999999999956e+01
1.616359999999999886e+01
1.640419999999999945e+01
1.632740000000000080e+01
1.562529999999999930e+01
1.553219999999999956e+01
1.709019999999999939e+01
1.546260000000000012e+01
1.624840000000000018e+01
1.546260000000000012e+01
1.559319999999999951e+01
1.709019999999999939e+01
1.546260000000000012e+01
1.668909999999999982e+01
1.655010000000000048e+01
1.546260000000000012e+01
1.546260000000000012e+01
1.638569999999999993e+01
1.551640000000000086e+01
1.657430000000000092e+01
1.709019999999999939e+01
1.657000000000000028e+01
1.709019999999999939e+01
1.709019999999999939e+01
1.709019999999999939e+01
1.671849999999999881e+01
1.665090000000000003e+01
1.546260000000000012e+01
1.546260000000000012e+01
1.709019999999999939e+01
1.709019999999999939e+01
1.546260000000000012e+01
1.552970000000000006e+01
1.546260000000000012e+01
1.709019999999999939e+01
1.667849999999999966e+01
1.591699999999999982e+01
1.709019999999999939e+01
1.624800000000000111e+01
1.655330000000000013e+01
1.691529999999999845e+01
1.634299999999999997e+01
1.683010000000000161e+01
1.670830000000000126e+01
1.546260000000000012e+01
1.546260000000000012e+01
