3.180649999999999977e+01
2.830110000000000170e+01
2.869119999999999848e+01
2.787740000000000151e+01
2.774340000000000117e+01
2.683160000000000167e+01
2.418809999999999860e+01
2.507219999999999871e+01
2.466039999999999921e+01
2.456619999999999848e+01
2.298999999999999844e+01
2.325720000000000098e+01
2.264359999999999928e+01
2.085589999999999833e+01
1.989770000000000039e+01
2.068140000000000001e+01
1.953930000000000078e+01
1.914580000000000126e+01
1.900989999999999824e+01
1.878669999999999973e+01
1.871669999999999945e+01
1.738830000000000098e+01
1.664290000000000092e+01
1.664369999999999905e+01
1.702840000000000131e+01
1.609489999999999910e+01
1.598690000000000033e+01
1.642599999999999838e+01
1.496030000000000015e+01
1.531380000000000052e+01
1.575409999999999933e+01
1.586860000000000070e+01
1.525239999999999974e+01
1.467130000000000045e+01
1.574530000000000030e+01
1.589039999999999964e+01
1.600009999999999977e+01
1.517759999999999998e+01
1.598049999999999926e+01
1.504840000000000089e+01
1.517800000000000082e+01
1.529299999999999926e+01
1.604420000000000002e+01
1.494769999999999932e+01
1.544940000000000069e+01
1.530460000000000065e+01
1.604420000000000002e+01
1.593299999999999983e+01
1.451609999999999978e+01
1.478539999999999921e+01
1.451609999999999978e+01
1.507750000000000057e+01
1.459340000000000082e+01
1.451609999999999978e+01
1.523709999999999987e+01
1.548670000000000080e+01
1.502270000000000039e+01
1.579349999999999987e+01
1.518510000000000026e+01
1.451609999999999978e+01
1.451609999999999978e+01
1.541960000000000086e+01
1.460249999999999915e+01
1.532680000000000042e+01
1.585030000000000072e+01
1.514669999999999916e+01
1.475660000000000061e+01
1.485950000000000060e+01
1.604420000000000002e+01
1.575910000000000011e+01
1.604420000000000002e+01
1.482760000000000034e+01
1.451609999999999978e+01
1.568529999999999980e+01
1.604420000000000002e+01
1.490339999999999954e+01
1.550559999999999938e+01
1.526449999999999996e+01
1.571090000000000053e+01
1.604420000000000002e+01
1.451609999999999978e+01
1.549770000000000003e+01
1.541670000000000051e+01
1.560890000000000022e+01
1.604420000000000002e+01
1.594819999999999993e+01
1.604420000000000002e+01
1.546579999999999977e+01
1.536839999999999939e+01
1.461669999999999980e+01
1.603960000000000008e+01
1.451609999999999978e+01
1.576169999999999938e+01
1.572439999999999927e+01
1.564860000000000007e+01
1.557319999999999993e+01
1.496570000000000000e+01
1.451609999999999978e+01
1.506709999999999994e+01
1.529860000000000042e+01
