3.180649999999999977e+01
3.014489999999999981e+01
2.780590000000000117e+01
2.831550000000000011e+01
2.506090000000000018e+01
2.677080000000000126e+01
2.457939999999999969e+01
2.416420000000000101e+01
2.288660000000000139e+01
2.286649999999999849e+01
2.055839999999999890e+01
2.081099999999999994e+01
2.050420000000000087e+01
1.903320000000000078e+01
1.972739999999999938e+01
1.829769999999999897e+01
1.820070000000000121e+01
1.744300000000000139e+01
1.702789999999999893e+01
1.709649999999999892e+01
1.591290000000000049e+01
1.564489999999999981e+01
1.622149999999999892e+01
1.659750000000000014e+01
1.583399999999999963e+01
1.493019999999999925e+01
1.640309999999999846e+01
1.634380000000000166e+01
1.624050000000000082e+01
1.552880000000000038e+01
1.632410000000000139e+01
1.627400000000000091e+01
1.526040000000000063e+01
1.579540000000000077e+01
1.591760000000000019e+01
1.578059999999999974e+01
1.477570000000000050e+01
1.538519999999999932e+01
1.607639999999999958e+01
1.632410000000000139e+01
1.506290000000000084e+01
1.480799999999999983e+01
1.504080000000000084e+01
1.632410000000000139e+01
1.615429999999999922e+01
1.508880000000000088e+01
1.613599999999999923e+01
1.566269999999999918e+01
1.619050000000000011e+01
1.612180000000000035e+01
1.541189999999999927e+01
1.632410000000000139e+01
1.476939999999999920e+01
1.632410000000000139e+01
1.562790000000000035e+01
1.609669999999999845e+01
1.562940000000000040e+01
1.615780000000000172e+01
1.573520000000000074e+01
1.632410000000000139e+01
1.596119999999999983e+01
1.632410000000000139e+01
1.632410000000000139e+01
1.494250000000000078e+01
1.476939999999999920e+01
1.522540000000000049e+01
1.596030000000000015e+01
1.632410000000000139e+01
1.532399999999999984e+01
1.476939999999999920e+01
1.632410000000000139e+01
1.523109999999999964e+01
1.476939999999999920e+01
1.615790000000000148e+01
1.547489999999999988e+01
1.632410000000000139e+01
1.512650000000000006e+01
1.476939999999999920e+01
1.490130000000000088e+01
1.590719999999999956e+01
1.627359999999999829e+01
1.530509999999999948e+01
1.528309999999999924e+01
1.476939999999999920e+01
1.632410000000000139e+01
1.542859999999999943e+01
1.613329999999999842e+01
1.568280000000000030e+01
1.609469999999999956e+01
1.572150000000000070e+01
1.539980000000000082e+01
1.632410000000000139e+01
1.632410000000000139e+01
1.497059999999999924e+01
1.521860000000000035e+01
1.580979999999999919e+01
1.609829999999999828e+01
1.554289999999999949e+01
1.632410000000000139e+01
1.476939999999999920e+01
