2.907620000000000005e+01
3.045520000000000138e+01
2.860829999999999984e+01
2.817360000000000042e+01
2.782740000000000080e+01
2.688019999999999854e+01
2.629650000000000176e+01
2.306889999999999930e+01
2.371379999999999910e+01
2.400059999999999860e+01
2.330339999999999989e+01
2.193659999999999854e+01
2.046529999999999916e+01
2.119989999999999952e+01
2.017640000000000100e+01
1.981950000000000145e+01
1.794510000000000005e+01
1.859759999999999991e+01
1.714499999999999957e+01
1.723239999999999839e+01
1.791760000000000019e+01
1.787839999999999918e+01
1.758930000000000149e+01
1.634450000000000003e+01
1.583820000000000050e+01
1.600359999999999872e+01
1.582029999999999959e+01
1.665390000000000015e+01
1.584210000000000029e+01
1.494480000000000075e+01
1.588480000000000025e+01
1.493430000000000035e+01
1.523939999999999984e+01
1.537449999999999939e+01
1.614339999999999975e+01
1.492939999999999934e+01
1.600260000000000105e+01
1.492939999999999934e+01
1.572860000000000014e+01
1.503720000000000034e+01
1.556049999999999933e+01
1.492939999999999934e+01
1.511350000000000016e+01
1.650090000000000146e+01
1.606129999999999924e+01
1.523879999999999946e+01
1.650090000000000146e+01
1.492939999999999934e+01
1.492939999999999934e+01
1.536459999999999937e+01
1.572080000000000055e+01
1.647459999999999880e+01
1.548550000000000004e+01
1.555669999999999931e+01
1.643049999999999855e+01
1.574039999999999928e+01
1.611580000000000013e+01
1.492939999999999934e+01
1.492939999999999934e+01
1.650090000000000146e+01
1.529170000000000051e+01
1.641890000000000072e+01
1.601450000000000173e+01
1.492939999999999934e+01
1.599099999999999966e+01
1.650090000000000146e+01
1.579989999999999917e+01
1.574259999999999948e+01
1.515199999999999925e+01
1.492939999999999934e+01
1.650090000000000146e+01
1.605000000000000071e+01
1.567259999999999920e+01
1.650090000000000146e+01
1.570950000000000024e+01
1.492939999999999934e+01
1.550980000000000025e+01
1.521369999999999933e+01
1.492939999999999934e+01
1.552480000000000082e+01
1.527299999999999969e+01
1.582210000000000072e+01
1.492939999999999934e+01
1.650090000000000146e+01
1.571299999999999919e+01
1.492939999999999934e+01
1.560849999999999937e+01
1.650090000000000146e+01
1.535200000000000031e+01
1.516569999999999929e+01
1.492939999999999934e+01
1.633310000000000173e+01
1.492939999999999934e+01
1.492939999999999934e+01
1.492939999999999934e+01
1.574310000000000009e+01
1.548029999999999973e+01
1.492939999999999934e+01
1.492939999999999934e+01
1.650090000000000146e+01
