3.067579999999999885e+01
3.099849999999999994e+01
2.794539999999999935e+01
2.834179999999999922e+01
2.629220000000000113e+01
2.691580000000000084e+01
2.626800000000000068e+01
2.567480000000000118e+01
2.603839999999999932e+01
2.444290000000000163e+01
2.439549999999999841e+01
2.400049999999999883e+01
2.373939999999999984e+01
2.102789999999999893e+01
2.090739999999999910e+01
2.134969999999999857e+01
2.150440000000000040e+01
2.145120000000000005e+01
1.993580000000000041e+01
1.873339999999999961e+01
1.987999999999999901e+01
1.849699999999999989e+01
1.936540000000000106e+01
1.951200000000000045e+01
1.914859999999999829e+01
1.906439999999999912e+01
1.708010000000000161e+01
1.701670000000000016e+01
1.681009999999999849e+01
1.670889999999999986e+01
1.797169999999999845e+01
1.684959999999999880e+01
1.654019999999999868e+01
1.826879999999999882e+01
1.652890000000000015e+01
1.781650000000000134e+01
1.759280000000000044e+01
1.743530000000000157e+01
1.652890000000000015e+01
1.742820000000000036e+01
1.814440000000000097e+01
1.756350000000000122e+01
1.652890000000000015e+01
1.674500000000000099e+01
1.703389999999999915e+01
1.679289999999999949e+01
1.718240000000000123e+01
1.652890000000000015e+01
1.826879999999999882e+01
1.773679999999999879e+01
1.703669999999999973e+01
1.774399999999999977e+01
1.652890000000000015e+01
1.805089999999999861e+01
1.652890000000000015e+01
1.826010000000000133e+01
1.764689999999999870e+01
1.809400000000000119e+01
1.723049999999999926e+01
1.737930000000000064e+01
1.826879999999999882e+01
1.697469999999999857e+01
1.708350000000000080e+01
1.784280000000000044e+01
1.826879999999999882e+01
1.652890000000000015e+01
1.652890000000000015e+01
1.659799999999999898e+01
1.759580000000000055e+01
1.747889999999999944e+01
1.732469999999999999e+01
1.652890000000000015e+01
1.672050000000000125e+01
1.826879999999999882e+01
1.676310000000000144e+01
1.826879999999999882e+01
1.826879999999999882e+01
1.742709999999999937e+01
1.792630000000000123e+01
1.826879999999999882e+01
1.652890000000000015e+01
1.761410000000000053e+01
1.704729999999999990e+01
1.746499999999999986e+01
1.652890000000000015e+01
1.716779999999999973e+01
1.652890000000000015e+01
1.826879999999999882e+01
1.670980000000000132e+01
1.765099999999999980e+01
1.687389999999999901e+01
1.826879999999999882e+01
1.724390000000000001e+01
1.826879999999999882e+01
1.757339999999999947e+01
1.668420000000000059e+01
1.673120000000000118e+01
1.652890000000000015e+01
1.790360000000000085e+01
1.652890000000000015e+01
