2.883320000000000149e+01
3.103569999999999851e+01
3.028719999999999857e+01
2.762239999999999895e+01
2.661609999999999943e+01
2.817579999999999885e+01
2.649089999999999989e+01
2.662849999999999895e+01
2.564379999999999882e+01
2.567340000000000089e+01
2.301289999999999836e+01
2.406330000000000169e+01
2.329530000000000101e+01
2.267920000000000158e+01
2.115299999999999869e+01
2.065709999999999980e+01
2.215439999999999898e+01
2.003130000000000166e+01
1.931670000000000087e+01
1.976899999999999835e+01
1.979769999999999897e+01
2.018100000000000094e+01
1.831709999999999994e+01
1.785109999999999886e+01
1.883530000000000015e+01
1.921280000000000143e+01
1.810989999999999966e+01
1.883650000000000091e+01
1.765200000000000102e+01
1.689249999999999829e+01
1.688619999999999877e+01
1.749800000000000111e+01
1.648659999999999926e+01
1.659639999999999915e+01
1.642399999999999949e+01
1.762719999999999843e+01
1.812150000000000105e+01
1.674190000000000111e+01
1.754129999999999967e+01
1.649729999999999919e+01
1.779189999999999827e+01
1.750679999999999836e+01
1.639560000000000173e+01
1.649719999999999942e+01
1.752720000000000056e+01
1.705290000000000106e+01
1.766150000000000020e+01
1.812150000000000105e+01
1.786230000000000118e+01
1.639560000000000173e+01
1.771760000000000090e+01
1.812150000000000105e+01
1.787659999999999982e+01
1.812150000000000105e+01
1.718110000000000070e+01
1.696470000000000056e+01
1.639560000000000173e+01
1.812150000000000105e+01
1.639560000000000173e+01
1.639560000000000173e+01
1.687950000000000017e+01
1.783180000000000121e+01
1.695380000000000109e+01
1.639560000000000173e+01
1.645309999999999917e+01
1.639560000000000173e+01
1.662849999999999895e+01
1.812150000000000105e+01
1.778419999999999845e+01
1.761720000000000041e+01
1.639560000000000173e+01
1.701249999999999929e+01
1.802830000000000155e+01
1.736390000000000100e+01
1.711349999999999838e+01
1.639560000000000173e+01
1.812150000000000105e+01
1.668260000000000076e+01
1.734299999999999997e+01
1.785089999999999932e+01
1.812150000000000105e+01
1.714730000000000132e+01
1.812150000000000105e+01
1.639560000000000173e+01
1.659819999999999851e+01
1.812150000000000105e+01
1.721000000000000085e+01
1.666379999999999839e+01
1.640040000000000120e+01
1.639560000000000173e+01
1.703829999999999956e+01
1.740769999999999840e+01
1.812150000000000105e+01
1.639560000000000173e+01
1.791199999999999903e+01
1.812150000000000105e+01
1.683490000000000109e+01
1.812150000000000105e+01
1.639560000000000173e+01
1.771120000000000161e+01
