2.979830000000000112e+01
2.956589999999999918e+01
2.714610000000000056e+01
2.742889999999999873e+01
2.832949999999999946e+01
2.592490000000000094e+01
2.423329999999999984e+01
2.605979999999999919e+01
2.510650000000000048e+01
2.437950000000000017e+01
2.231739999999999924e+01
2.154070000000000107e+01
2.292089999999999961e+01
2.137389999999999901e+01
2.004390000000000072e+01
2.142389999999999972e+01
2.072990000000000066e+01
2.034309999999999974e+01
2.021659999999999968e+01
1.817680000000000007e+01
1.770860000000000056e+01
1.788990000000000080e+01
1.724259999999999948e+01
1.729159999999999897e+01
1.804230000000000089e+01
1.714369999999999905e+01
1.770139999999999958e+01
1.692340000000000089e+01
1.810650000000000048e+01
1.773130000000000095e+01
1.683289999999999864e+01
1.709779999999999944e+01
1.789829999999999899e+01
1.652890000000000015e+01
1.760119999999999862e+01
1.713889999999999958e+01
1.820459999999999923e+01
1.826879999999999882e+01
1.729520000000000124e+01
1.652890000000000015e+01
1.710360000000000014e+01
1.652890000000000015e+01
1.680199999999999960e+01
1.652890000000000015e+01
1.798529999999999873e+01
1.652890000000000015e+01
1.654449999999999932e+01
1.658909999999999840e+01
1.658840000000000003e+01
1.668319999999999936e+01
1.727250000000000085e+01
1.819140000000000157e+01
1.700209999999999866e+01
1.652890000000000015e+01
1.710119999999999862e+01
1.713520000000000110e+01
1.693710000000000093e+01
1.805020000000000024e+01
1.652890000000000015e+01
1.815200000000000102e+01
1.826879999999999882e+01
1.687020000000000053e+01
1.800949999999999918e+01
1.826879999999999882e+01
1.725270000000000081e+01
1.652890000000000015e+01
1.704060000000000130e+01
1.652890000000000015e+01
1.733289999999999864e+01
1.755389999999999873e+01
1.709309999999999974e+01
1.652890000000000015e+01
1.826879999999999882e+01
1.819409999999999883e+01
1.732430000000000092e+01
1.718459999999999965e+01
1.728059999999999974e+01
1.767810000000000059e+01
1.805570000000000164e+01
1.697370000000000090e+01
1.764709999999999823e+01
1.654830000000000112e+01
1.826879999999999882e+01
1.826879999999999882e+01
1.826879999999999882e+01
1.781869999999999976e+01
1.826879999999999882e+01
1.713469999999999871e+01
1.684509999999999863e+01
1.706690000000000040e+01
1.698000000000000043e+01
1.712760000000000105e+01
1.790399999999999991e+01
1.804619999999999891e+01
1.826879999999999882e+01
1.823300000000000054e+01
1.716420000000000101e+01
1.709570000000000078e+01
1.804619999999999891e+01
1.741949999999999932e+01
