3.082849999999999824e+01
3.072919999999999874e+01
2.738889999999999958e+01
2.666880000000000095e+01
2.772409999999999997e+01
2.535940000000000083e+01
2.360800000000000054e+01
2.335259999999999891e+01
2.329579999999999984e+01
2.347159999999999869e+01
2.129019999999999868e+01
2.096130000000000138e+01
1.935640000000000072e+01
2.043479999999999919e+01
1.909420000000000073e+01
1.914930000000000021e+01
1.728610000000000113e+01
1.706759999999999877e+01
1.646529999999999916e+01
1.708909999999999840e+01
1.632329999999999970e+01
1.692190000000000083e+01
1.523409999999999975e+01
1.659199999999999875e+01
1.494020000000000081e+01
1.621399999999999864e+01
1.489129999999999932e+01
1.598719999999999963e+01
1.500990000000000002e+01
1.535609999999999964e+01
1.458750000000000036e+01
1.439620000000000033e+01
1.591159999999999997e+01
1.459950000000000081e+01
1.497090000000000032e+01
1.486239999999999917e+01
1.505209999999999937e+01
1.521250000000000036e+01
1.490479999999999983e+01
1.567220000000000013e+01
1.457530000000000037e+01
1.487940000000000040e+01
1.451939999999999920e+01
1.511289999999999978e+01
1.515990000000000038e+01
1.526309999999999967e+01
1.482910000000000039e+01
1.509370000000000012e+01
1.591159999999999997e+01
1.439620000000000033e+01
1.555369999999999919e+01
1.439620000000000033e+01
1.591159999999999997e+01
1.466990000000000016e+01
1.591159999999999997e+01
1.497979999999999912e+01
1.463530000000000086e+01
1.471439999999999948e+01
1.581370000000000076e+01
1.552120000000000033e+01
1.439620000000000033e+01
1.556090000000000018e+01
1.439620000000000033e+01
1.591159999999999997e+01
1.591159999999999997e+01
1.591159999999999997e+01
1.563320000000000043e+01
1.527069999999999972e+01
1.443670000000000009e+01
1.591159999999999997e+01
1.521330000000000027e+01
1.591159999999999997e+01
1.566399999999999970e+01
1.530369999999999919e+01
1.517880000000000074e+01
1.455369999999999919e+01
1.439620000000000033e+01
1.582850000000000001e+01
1.546790000000000020e+01
1.466769999999999996e+01
1.568110000000000070e+01
1.589770000000000039e+01
1.539980000000000082e+01
1.585389999999999944e+01
1.464930000000000021e+01
1.537170000000000059e+01
1.575549999999999962e+01
1.567179999999999929e+01
1.558799999999999919e+01
1.439620000000000033e+01
1.591159999999999997e+01
1.511449999999999960e+01
1.523080000000000034e+01
1.524230000000000018e+01
1.563390000000000057e+01
1.551290000000000013e+01
1.591159999999999997e+01
1.445889999999999986e+01
1.537229999999999919e+01
1.575799999999999912e+01
