3.179789999999999850e+01
2.954429999999999978e+01
2.967780000000000129e+01
2.799830000000000041e+01
2.691460000000000008e+01
2.678040000000000020e+01
2.516300000000000026e+01
2.266049999999999898e+01
2.303950000000000031e+01
2.123389999999999844e+01
2.170370000000000132e+01
2.185470000000000113e+01
2.139939999999999998e+01
1.979850000000000065e+01
1.843629999999999924e+01
1.874739999999999895e+01
1.736410000000000053e+01
1.826859999999999928e+01
1.715020000000000167e+01
1.754139999999999944e+01
1.761499999999999844e+01
1.600400000000000134e+01
1.543810000000000038e+01
1.586960000000000015e+01
1.508140000000000036e+01
1.653089999999999904e+01
1.568369999999999997e+01
1.637330000000000041e+01
1.554400000000000048e+01
1.635360000000000014e+01
1.578289999999999971e+01
1.583789999999999942e+01
1.492670000000000030e+01
1.519289999999999985e+01
1.600059999999999860e+01
1.479609999999999914e+01
1.479609999999999914e+01
1.552940000000000076e+01
1.559740000000000038e+01
1.479609999999999914e+01
1.600179999999999936e+01
1.635360000000000014e+01
1.635360000000000014e+01
1.479609999999999914e+01
1.635360000000000014e+01
1.628209999999999980e+01
1.479609999999999914e+01
1.479609999999999914e+01
1.635360000000000014e+01
1.587950000000000017e+01
1.479609999999999914e+01
1.562780000000000058e+01
1.635360000000000014e+01
1.479609999999999914e+01
1.519439999999999991e+01
1.479609999999999914e+01
1.519860000000000078e+01
1.569059999999999988e+01
1.564819999999999922e+01
1.479609999999999914e+01
1.533380000000000010e+01
1.635360000000000014e+01
1.479609999999999914e+01
1.576660000000000039e+01
1.487410000000000032e+01
1.582230000000000025e+01
1.572109999999999985e+01
1.569759999999999955e+01
1.479609999999999914e+01
1.479609999999999914e+01
1.537040000000000006e+01
1.635360000000000014e+01
1.554720000000000013e+01
1.570049999999999990e+01
1.624010000000000176e+01
1.635360000000000014e+01
1.561819999999999986e+01
1.485389999999999944e+01
1.501389999999999958e+01
1.573359999999999914e+01
1.631660000000000110e+01
1.601300000000000168e+01
1.525189999999999912e+01
1.621880000000000166e+01
1.635360000000000014e+01
1.597680000000000078e+01
1.479609999999999914e+01
1.521620000000000061e+01
1.605399999999999849e+01
1.635360000000000014e+01
1.539569999999999972e+01
1.635360000000000014e+01
1.635360000000000014e+01
1.479609999999999914e+01
1.635360000000000014e+01
1.524399999999999977e+01
1.621239999999999881e+01
1.563879999999999981e+01
1.514439999999999920e+01
1.635360000000000014e+01
