3.085529999999999973e+01
2.959380000000000166e+01
2.996740000000000137e+01
2.785910000000000153e+01
2.656419999999999959e+01
2.529449999999999932e+01
2.513700000000000045e+01
2.589300000000000068e+01
2.508630000000000138e+01
2.482389999999999830e+01
2.236439999999999984e+01
2.370110000000000028e+01
2.247390000000000043e+01
2.113980000000000103e+01
2.099530000000000030e+01
2.156769999999999854e+01
1.957809999999999917e+01
1.919109999999999872e+01
2.080799999999999983e+01
1.848349999999999937e+01
1.883099999999999952e+01
1.918169999999999931e+01
1.850090000000000146e+01
1.915820000000000078e+01
1.886459999999999937e+01
1.702240000000000109e+01
1.846160000000000068e+01
1.653750000000000142e+01
1.750850000000000151e+01
1.657469999999999999e+01
1.617269999999999897e+01
1.747869999999999990e+01
1.671209999999999951e+01
1.752659999999999840e+01
1.766379999999999839e+01
1.706109999999999971e+01
1.599579999999999913e+01
1.645410000000000039e+01
1.599579999999999913e+01
1.729119999999999990e+01
1.599579999999999913e+01
1.599579999999999913e+01
1.602149999999999963e+01
1.672850000000000037e+01
1.599579999999999913e+01
1.767810000000000059e+01
1.690240000000000009e+01
1.615549999999999997e+01
1.664770000000000039e+01
1.758129999999999882e+01
1.645410000000000039e+01
1.767950000000000088e+01
1.614209999999999923e+01
1.731749999999999901e+01
1.699279999999999902e+01
1.673239999999999839e+01
1.743880000000000052e+01
1.609659999999999869e+01
1.670230000000000103e+01
1.599579999999999913e+01
1.599579999999999913e+01
1.741659999999999897e+01
1.633259999999999934e+01
1.615390000000000015e+01
1.767950000000000088e+01
1.652370000000000161e+01
1.666959999999999908e+01
1.767950000000000088e+01
1.640790000000000148e+01
1.767950000000000088e+01
1.599579999999999913e+01
1.767950000000000088e+01
1.662709999999999866e+01
1.679159999999999897e+01
1.671610000000000085e+01
1.606629999999999825e+01
1.678109999999999857e+01
1.718560000000000088e+01
1.666240000000000165e+01
1.722129999999999939e+01
1.681970000000000098e+01
1.712910000000000110e+01
1.654650000000000176e+01
1.599579999999999913e+01
1.732600000000000051e+01
1.691349999999999909e+01
1.607740000000000080e+01
1.599579999999999913e+01
1.628610000000000113e+01
1.670449999999999946e+01
1.599579999999999913e+01
1.606540000000000035e+01
1.599579999999999913e+01
1.751879999999999882e+01
1.643049999999999855e+01
1.682219999999999871e+01
1.641540000000000177e+01
1.677039999999999864e+01
1.707870000000000132e+01
1.767950000000000088e+01
