3.093459999999999965e+01
3.078000000000000114e+01
2.792330000000000112e+01
2.638960000000000150e+01
2.790909999999999869e+01
2.563299999999999912e+01
2.367689999999999984e+01
2.456279999999999930e+01
2.332539999999999836e+01
2.301569999999999894e+01
2.090630000000000166e+01
2.192760000000000176e+01
1.970990000000000109e+01
2.048300000000000054e+01
1.878130000000000166e+01
1.965380000000000038e+01
1.955750000000000099e+01
1.834019999999999939e+01
1.687630000000000052e+01
1.754530000000000101e+01
1.721020000000000039e+01
1.707150000000000034e+01
1.708109999999999928e+01
1.637930000000000064e+01
1.528379999999999939e+01
1.546490000000000009e+01
1.617079999999999984e+01
1.543999999999999950e+01
1.580489999999999995e+01
1.576829999999999998e+01
1.545470000000000077e+01
1.495079999999999920e+01
1.542830000000000013e+01
1.614730000000000132e+01
1.518960000000000043e+01
1.604860000000000042e+01
1.575050000000000061e+01
1.597979999999999912e+01
1.557249999999999979e+01
1.547049999999999947e+01
1.614730000000000132e+01
1.524419999999999931e+01
1.566789999999999949e+01
1.460950000000000060e+01
1.460950000000000060e+01
1.537270000000000003e+01
1.460950000000000060e+01
1.614730000000000132e+01
1.502059999999999995e+01
1.506819999999999915e+01
1.550830000000000020e+01
1.537550000000000061e+01
1.514259999999999984e+01
1.534859999999999935e+01
1.472199999999999953e+01
1.551859999999999928e+01
1.460950000000000060e+01
1.497369999999999912e+01
1.460950000000000060e+01
1.500820000000000043e+01
1.460950000000000060e+01
1.614730000000000132e+01
1.541460000000000008e+01
1.488979999999999926e+01
1.606279999999999930e+01
1.500730000000000075e+01
1.477110000000000056e+01
1.508719999999999928e+01
1.510490000000000066e+01
1.614730000000000132e+01
1.514789999999999992e+01
1.579930000000000057e+01
1.509810000000000052e+01
1.536400000000000077e+01
1.614730000000000132e+01
1.568110000000000070e+01
1.504860000000000042e+01
1.588540000000000063e+01
1.614730000000000132e+01
1.494599999999999973e+01
1.510960000000000036e+01
1.517960000000000065e+01
1.521610000000000085e+01
1.551130000000000031e+01
1.539860000000000007e+01
1.460950000000000060e+01
1.541859999999999964e+01
1.522129999999999939e+01
1.460950000000000060e+01
1.460950000000000060e+01
1.614730000000000132e+01
1.507119999999999926e+01
1.585539999999999949e+01
1.549380000000000024e+01
1.614730000000000132e+01
1.614730000000000132e+01
1.614730000000000132e+01
1.485549999999999926e+01
1.563889999999999958e+01
1.506959999999999944e+01
