2.967520000000000024e+01
2.966349999999999909e+01
2.723989999999999867e+01
2.650509999999999877e+01
2.579289999999999949e+01
2.683579999999999899e+01
2.561799999999999855e+01
2.571799999999999997e+01
2.317030000000000101e+01
2.365850000000000009e+01
2.210350000000000037e+01
2.321940000000000026e+01
2.234230000000000160e+01
2.254820000000000135e+01
2.034270000000000067e+01
1.986439999999999984e+01
2.087010000000000076e+01
1.875120000000000076e+01
1.819640000000000057e+01
1.782610000000000028e+01
1.847759999999999891e+01
1.714499999999999957e+01
1.716349999999999909e+01
1.790619999999999834e+01
1.686169999999999902e+01
1.775029999999999930e+01
1.746379999999999910e+01
1.565290000000000070e+01
1.548329999999999984e+01
1.533629999999999960e+01
1.681319999999999837e+01
1.512889999999999979e+01
1.606859999999999999e+01
1.594710000000000072e+01
1.650469999999999970e+01
1.585399999999999920e+01
1.504950000000000010e+01
1.577330000000000076e+01
1.497080000000000055e+01
1.492939999999999934e+01
1.650090000000000146e+01
1.560350000000000037e+01
1.576989999999999981e+01
1.634479999999999933e+01
1.629019999999999868e+01
1.492939999999999934e+01
1.634080000000000155e+01
1.650090000000000146e+01
1.492939999999999934e+01
1.605870000000000175e+01
1.492939999999999934e+01
1.650090000000000146e+01
1.612979999999999947e+01
1.570860000000000056e+01
1.497850000000000037e+01
1.650090000000000146e+01
1.572889999999999944e+01
1.514610000000000056e+01
1.554889999999999972e+01
1.562209999999999965e+01
1.587679999999999936e+01
1.644679999999999964e+01
1.495369999999999955e+01
1.641789999999999949e+01
1.610320000000000107e+01
1.520020000000000060e+01
1.650090000000000146e+01
1.650090000000000146e+01
1.536190000000000033e+01
1.570289999999999964e+01
1.612219999999999942e+01
1.650090000000000146e+01
1.565240000000000009e+01
1.650090000000000146e+01
1.650090000000000146e+01
1.492939999999999934e+01
1.574869999999999948e+01
1.547390000000000043e+01
1.579969999999999963e+01
1.492939999999999934e+01
1.587349999999999994e+01
1.513959999999999972e+01
1.650090000000000146e+01
1.607580000000000098e+01
1.492939999999999934e+01
1.492939999999999934e+01
1.492939999999999934e+01
1.650090000000000146e+01
1.492939999999999934e+01
1.564789999999999992e+01
1.522850000000000037e+01
1.563189999999999991e+01
1.537229999999999919e+01
1.559580000000000055e+01
1.492939999999999934e+01
1.598489999999999966e+01
1.602560000000000073e+01
1.594490000000000052e+01
1.551670000000000016e+01
1.521039999999999992e+01
