2.891450000000000031e+01
2.802959999999999852e+01
3.017830000000000013e+01
2.665700000000000003e+01
2.864870000000000161e+01
2.661799999999999855e+01
2.675260000000000105e+01
2.577240000000000109e+01
2.461840000000000117e+01
2.285109999999999886e+01
2.267150000000000176e+01
2.177969999999999828e+01
2.133139999999999858e+01
2.177380000000000138e+01
2.238019999999999854e+01
2.200000000000000000e+01
1.981670000000000087e+01
2.009159999999999968e+01
1.913860000000000028e+01
1.919170000000000087e+01
1.806319999999999837e+01
1.849869999999999948e+01
1.748290000000000077e+01
1.780959999999999965e+01
1.878040000000000020e+01
1.679250000000000043e+01
1.819529999999999959e+01
1.766059999999999874e+01
1.799099999999999966e+01
1.785529999999999973e+01
1.676970000000000027e+01
1.765790000000000148e+01
1.671239999999999881e+01
1.755930000000000035e+01
1.702720000000000056e+01
1.739320000000000022e+01
1.635920000000000130e+01
1.713909999999999911e+01
1.668400000000000105e+01
1.595139999999999958e+01
1.630320000000000036e+01
1.754690000000000083e+01
1.680940000000000012e+01
1.658680000000000021e+01
1.652139999999999986e+01
1.745459999999999923e+01
1.700159999999999982e+01
1.685460000000000136e+01
1.704949999999999832e+01
1.587579999999999991e+01
1.716710000000000136e+01
1.743290000000000006e+01
1.612569999999999837e+01
1.639229999999999876e+01
1.754690000000000083e+01
1.676529999999999987e+01
1.696140000000000114e+01
1.663650000000000162e+01
1.754690000000000083e+01
1.587579999999999991e+01
1.691310000000000002e+01
1.754690000000000083e+01
1.678910000000000124e+01
1.729820000000000135e+01
1.587579999999999991e+01
1.721130000000000138e+01
1.587579999999999991e+01
1.605420000000000158e+01
1.666079999999999828e+01
1.692800000000000082e+01
1.754690000000000083e+01
1.754690000000000083e+01
1.668479999999999919e+01
1.587579999999999991e+01
1.636299999999999955e+01
1.754690000000000083e+01
1.625979999999999848e+01
1.718430000000000035e+01
1.636599999999999966e+01
1.754690000000000083e+01
1.704870000000000019e+01
1.587579999999999991e+01
1.671640000000000015e+01
1.614310000000000045e+01
1.669699999999999918e+01
1.620820000000000149e+01
1.739859999999999829e+01
1.647080000000000055e+01
1.754690000000000083e+01
1.727449999999999974e+01
1.607410000000000139e+01
1.601340000000000074e+01
1.730430000000000135e+01
1.754690000000000083e+01
1.754690000000000083e+01
1.739120000000000132e+01
1.754690000000000083e+01
1.686949999999999861e+01
1.679129999999999967e+01
1.627289999999999992e+01
