3.018430000000000035e+01
3.018349999999999866e+01
2.708010000000000161e+01
2.679200000000000159e+01
2.777469999999999928e+01
2.736809999999999832e+01
2.582949999999999946e+01
2.408950000000000102e+01
2.282150000000000034e+01
2.277840000000000131e+01
2.150359999999999872e+01
2.133770000000000167e+01
2.080849999999999866e+01
2.021869999999999834e+01
2.101210000000000022e+01
2.038269999999999982e+01
1.935989999999999966e+01
1.907219999999999871e+01
1.943680000000000163e+01
1.754840000000000089e+01
1.818799999999999883e+01
1.772510000000000119e+01
1.677560000000000073e+01
1.832369999999999877e+01
1.760920000000000130e+01
1.790449999999999875e+01
1.616949999999999932e+01
1.703310000000000102e+01
1.604820000000000135e+01
1.772080000000000055e+01
1.670909999999999940e+01
1.603310000000000102e+01
1.675489999999999924e+01
1.666310000000000002e+01
1.603310000000000102e+01
1.617800000000000082e+01
1.603310000000000102e+01
1.603310000000000102e+01
1.752629999999999910e+01
1.603310000000000102e+01
1.701699999999999946e+01
1.772080000000000055e+01
1.680849999999999866e+01
1.708419999999999916e+01
1.629469999999999885e+01
1.772080000000000055e+01
1.614900000000000091e+01
1.772080000000000055e+01
1.716799999999999926e+01
1.628109999999999857e+01
1.603310000000000102e+01
1.701910000000000167e+01
1.606579999999999941e+01
1.647040000000000148e+01
1.603310000000000102e+01
1.639320000000000022e+01
1.614920000000000044e+01
1.608500000000000085e+01
1.603310000000000102e+01
1.674540000000000006e+01
1.603310000000000102e+01
1.710539999999999949e+01
1.758579999999999899e+01
1.772080000000000055e+01
1.770149999999999935e+01
1.714659999999999940e+01
1.603310000000000102e+01
1.690690000000000026e+01
1.635910000000000153e+01
1.772080000000000055e+01
1.625540000000000163e+01
1.684580000000000055e+01
1.694069999999999965e+01
1.619050000000000011e+01
1.603310000000000102e+01
1.733609999999999829e+01
1.762590000000000146e+01
1.603310000000000102e+01
1.672259999999999991e+01
1.709459999999999980e+01
1.603310000000000102e+01
1.772080000000000055e+01
1.712349999999999994e+01
1.604830000000000112e+01
1.603310000000000102e+01
1.655049999999999955e+01
1.772080000000000055e+01
1.747240000000000038e+01
1.772080000000000055e+01
1.603310000000000102e+01
1.772080000000000055e+01
1.716779999999999973e+01
1.689910000000000068e+01
1.772080000000000055e+01
1.680610000000000070e+01
1.767419999999999902e+01
1.721340000000000003e+01
1.772080000000000055e+01
1.772080000000000055e+01
1.638919999999999888e+01
