2.955529999999999902e+01
2.937259999999999849e+01
2.683380000000000010e+01
2.635750000000000171e+01
2.596340000000000003e+01
2.419879999999999853e+01
2.548620000000000019e+01
2.440650000000000119e+01
2.218380000000000152e+01
2.193430000000000035e+01
2.130260000000000176e+01
2.203669999999999973e+01
1.998969999999999914e+01
1.881670000000000087e+01
1.982620000000000005e+01
1.784489999999999910e+01
1.763100000000000023e+01
1.786909999999999954e+01
1.780110000000000170e+01
1.752039999999999864e+01
1.776109999999999900e+01
1.642190000000000083e+01
1.719330000000000069e+01
1.591879999999999917e+01
1.557809999999999917e+01
1.653529999999999944e+01
1.676960000000000051e+01
1.623920000000000030e+01
1.620110000000000028e+01
1.674899999999999878e+01
1.591580000000000084e+01
1.515380000000000038e+01
1.515380000000000038e+01
1.674899999999999878e+01
1.674899999999999878e+01
1.674899999999999878e+01
1.596589999999999954e+01
1.528069999999999951e+01
1.574349999999999916e+01
1.617660000000000053e+01
1.674899999999999878e+01
1.659420000000000073e+01
1.524150000000000027e+01
1.613939999999999841e+01
1.674899999999999878e+01
1.574210000000000065e+01
1.587119999999999997e+01
1.605039999999999978e+01
1.521119999999999983e+01
1.601099999999999923e+01
1.515380000000000038e+01
1.515380000000000038e+01
1.660889999999999844e+01
1.515380000000000038e+01
1.674899999999999878e+01
1.515380000000000038e+01
1.515380000000000038e+01
1.674899999999999878e+01
1.609400000000000119e+01
1.603249999999999886e+01
1.561630000000000074e+01
1.515380000000000038e+01
1.515380000000000038e+01
1.616809999999999903e+01
1.674899999999999878e+01
1.515380000000000038e+01
1.591849999999999987e+01
1.674899999999999878e+01
1.612030000000000030e+01
1.515380000000000038e+01
1.574820000000000064e+01
1.515380000000000038e+01
1.602459999999999951e+01
1.674899999999999878e+01
1.634609999999999985e+01
1.515380000000000038e+01
1.674899999999999878e+01
1.515380000000000038e+01
1.561500000000000021e+01
1.674899999999999878e+01
1.620200000000000173e+01
1.674899999999999878e+01
1.589450000000000074e+01
1.558600000000000030e+01
1.544449999999999967e+01
1.566039999999999921e+01
1.641110000000000113e+01
1.515380000000000038e+01
1.568319999999999936e+01
1.527040000000000042e+01
1.559590000000000032e+01
1.674899999999999878e+01
1.546149999999999913e+01
1.544239999999999924e+01
1.674899999999999878e+01
1.606850000000000023e+01
1.527420000000000044e+01
1.611129999999999995e+01
1.600880000000000081e+01
1.623910000000000053e+01
