2.877730000000000032e+01
2.889359999999999928e+01
2.916260000000000119e+01
2.874490000000000123e+01
2.563380000000000081e+01
2.597520000000000095e+01
2.560460000000000136e+01
2.392399999999999949e+01
2.218189999999999884e+01
2.328249999999999886e+01
2.266750000000000043e+01
2.192109999999999914e+01
1.918570000000000064e+01
1.959479999999999933e+01
1.934779999999999944e+01
1.844569999999999865e+01
1.687049999999999983e+01
1.700199999999999889e+01
1.754960000000000164e+01
1.542350000000000065e+01
1.580080000000000062e+01
1.588550000000000040e+01
1.530359999999999943e+01
1.467820000000000036e+01
1.499070000000000036e+01
1.467079999999999984e+01
1.404819999999999958e+01
1.355990000000000073e+01
1.263059999999999938e+01
1.298409999999999975e+01
1.295270000000000010e+01
1.285570000000000057e+01
1.281220000000000070e+01
1.195059999999999967e+01
1.190930000000000000e+01
1.314770000000000039e+01
1.314770000000000039e+01
1.189550000000000018e+01
1.189550000000000018e+01
1.311350000000000016e+01
1.266600000000000037e+01
1.202139999999999986e+01
1.238219999999999921e+01
1.189550000000000018e+01
1.314770000000000039e+01
1.261439999999999984e+01
1.233549999999999969e+01
1.257220000000000049e+01
1.277079999999999949e+01
1.314770000000000039e+01
1.233820000000000050e+01
1.194449999999999967e+01
1.208050000000000068e+01
1.189550000000000018e+01
1.227389999999999937e+01
1.194369999999999976e+01
1.200300000000000011e+01
1.222090000000000032e+01
1.314770000000000039e+01
1.189550000000000018e+01
1.246669999999999945e+01
1.214059999999999917e+01
1.189550000000000018e+01
1.295010000000000083e+01
1.219940000000000069e+01
1.295420000000000016e+01
1.204240000000000066e+01
1.242609999999999992e+01
1.213920000000000066e+01
1.231429999999999936e+01
1.189550000000000018e+01
1.260500000000000043e+01
1.189550000000000018e+01
1.288719999999999999e+01
1.271069999999999922e+01
1.285239999999999938e+01
1.201960000000000051e+01
1.311890000000000001e+01
1.189550000000000018e+01
1.209880000000000067e+01
1.201019999999999932e+01
1.308290000000000042e+01
1.249629999999999974e+01
1.191629999999999967e+01
1.255119999999999969e+01
1.220640000000000036e+01
1.307409999999999961e+01
1.219759999999999955e+01
1.314770000000000039e+01
1.244619999999999926e+01
1.224670000000000059e+01
1.214429999999999943e+01
1.314770000000000039e+01
1.189550000000000018e+01
1.206559999999999988e+01
1.229180000000000028e+01
1.189550000000000018e+01
1.241939999999999955e+01
1.314770000000000039e+01
1.312500000000000000e+01
