3.180649999999999977e+01
3.037640000000000029e+01
2.986680000000000135e+01
2.720739999999999981e+01
2.684840000000000160e+01
2.494889999999999830e+01
2.430809999999999960e+01
2.326269999999999882e+01
2.487620000000000076e+01
2.426569999999999894e+01
2.224520000000000053e+01
2.187529999999999930e+01
2.032770000000000010e+01
2.076180000000000092e+01
2.122629999999999839e+01
1.929090000000000060e+01
1.904609999999999914e+01
1.906530000000000058e+01
1.891760000000000019e+01
1.737839999999999918e+01
1.820619999999999905e+01
1.771300000000000097e+01
1.670840000000000103e+01
1.612790000000000035e+01
1.761199999999999832e+01
1.653040000000000020e+01
1.563729999999999976e+01
1.603020000000000067e+01
1.545899999999999963e+01
1.585919999999999952e+01
1.614489999999999981e+01
1.583960000000000079e+01
1.674289999999999878e+01
1.582199999999999918e+01
1.702049999999999841e+01
1.702049999999999841e+01
1.617699999999999960e+01
1.550120000000000076e+01
1.673639999999999972e+01
1.671819999999999951e+01
1.702049999999999841e+01
1.702049999999999841e+01
1.661039999999999850e+01
1.539949999999999974e+01
1.646750000000000114e+01
1.670240000000000080e+01
1.544110000000000049e+01
1.653640000000000043e+01
1.702049999999999841e+01
1.576939999999999920e+01
1.627540000000000120e+01
1.702049999999999841e+01
1.588490000000000002e+01
1.573440000000000083e+01
1.635419999999999874e+01
1.550200000000000067e+01
1.702049999999999841e+01
1.539949999999999974e+01
1.618939999999999912e+01
1.634649999999999892e+01
1.665090000000000003e+01
1.702049999999999841e+01
1.563840000000000074e+01
1.664209999999999923e+01
1.581359999999999921e+01
1.702049999999999841e+01
1.702049999999999841e+01
1.539949999999999974e+01
1.539949999999999974e+01
1.569810000000000016e+01
1.593560000000000088e+01
1.539949999999999974e+01
1.577459999999999951e+01
1.702049999999999841e+01
1.539949999999999974e+01
1.580819999999999936e+01
1.618410000000000082e+01
1.539949999999999974e+01
1.701180000000000092e+01
1.658139999999999858e+01
1.562429999999999986e+01
1.678500000000000014e+01
1.550760000000000005e+01
1.702049999999999841e+01
1.560560000000000080e+01
1.539949999999999974e+01
1.556739999999999924e+01
1.551730000000000054e+01
1.653150000000000119e+01
1.539949999999999974e+01
1.674889999999999901e+01
1.688390000000000057e+01
1.539949999999999974e+01
1.670550000000000068e+01
1.657130000000000081e+01
1.608970000000000056e+01
1.702049999999999841e+01
1.653800000000000026e+01
1.702049999999999841e+01
1.702049999999999841e+01
