2.877730000000000032e+01
2.951190000000000069e+01
2.793590000000000018e+01
2.902159999999999940e+01
2.618169999999999931e+01
2.589529999999999887e+01
2.462620000000000076e+01
2.573100000000000165e+01
2.410770000000000124e+01
2.245420000000000016e+01
2.140990000000000038e+01
2.302840000000000131e+01
2.069979999999999976e+01
2.007809999999999917e+01
2.131830000000000069e+01
1.883119999999999905e+01
2.032389999999999830e+01
1.979929999999999879e+01
1.909459999999999980e+01
1.729879999999999995e+01
1.868080000000000140e+01
1.670939999999999870e+01
1.708279999999999887e+01
1.794709999999999894e+01
1.604629999999999868e+01
1.686039999999999850e+01
1.656670000000000087e+01
1.673029999999999973e+01
1.627260000000000062e+01
1.553059999999999974e+01
1.565049999999999919e+01
1.654909999999999926e+01
1.639780000000000015e+01
1.571720000000000006e+01
1.714910000000000068e+01
1.714910000000000068e+01
1.551590000000000025e+01
1.606619999999999848e+01
1.663840000000000074e+01
1.598399999999999999e+01
1.617050000000000054e+01
1.652850000000000108e+01
1.666410000000000124e+01
1.714910000000000068e+01
1.622080000000000055e+01
1.603829999999999956e+01
1.551590000000000025e+01
1.714910000000000068e+01
1.685989999999999966e+01
1.617490000000000094e+01
1.655260000000000176e+01
1.714910000000000068e+01
1.552829999999999977e+01
1.700309999999999988e+01
1.705049999999999955e+01
1.656850000000000023e+01
1.632689999999999841e+01
1.621590000000000131e+01
1.571509999999999962e+01
1.714910000000000068e+01
1.551590000000000025e+01
1.551590000000000025e+01
1.633050000000000068e+01
1.618270000000000053e+01
1.551590000000000025e+01
1.625720000000000098e+01
1.654410000000000025e+01
1.714910000000000068e+01
1.672400000000000020e+01
1.551590000000000025e+01
1.641059999999999874e+01
1.598789999999999978e+01
1.714910000000000068e+01
1.551590000000000025e+01
1.658830000000000027e+01
1.714910000000000068e+01
1.714910000000000068e+01
1.714910000000000068e+01
1.667970000000000041e+01
1.551590000000000025e+01
1.714910000000000068e+01
1.647269999999999968e+01
1.636919999999999931e+01
1.706980000000000075e+01
1.576030000000000086e+01
1.551590000000000025e+01
1.634009999999999962e+01
1.695599999999999952e+01
1.551590000000000025e+01
1.692409999999999926e+01
1.714910000000000068e+01
1.680859999999999843e+01
1.714910000000000068e+01
1.607339999999999947e+01
1.647159999999999869e+01
1.644810000000000016e+01
1.685979999999999990e+01
1.551590000000000025e+01
1.676099999999999923e+01
1.586960000000000015e+01
