3.142160000000000153e+01
2.992839999999999989e+01
2.981559999999999988e+01
2.887000000000000099e+01
2.763109999999999999e+01
2.702799999999999869e+01
2.519709999999999894e+01
2.541910000000000025e+01
2.229279999999999973e+01
2.184009999999999962e+01
2.177720000000000056e+01
2.101529999999999987e+01
2.185219999999999985e+01
2.035800000000000054e+01
2.065759999999999863e+01
1.838329999999999842e+01
1.951780000000000115e+01
1.729429999999999978e+01
1.743720000000000070e+01
1.793410000000000082e+01
1.622619999999999862e+01
1.625639999999999930e+01
1.699699999999999989e+01
1.614260000000000161e+01
1.598879999999999946e+01
1.489259999999999984e+01
1.494689999999999941e+01
1.459239999999999959e+01
1.463840000000000074e+01
1.470180000000000042e+01
1.587950000000000017e+01
1.435219999999999985e+01
1.492019999999999946e+01
1.586289999999999978e+01
1.515140000000000065e+01
1.520710000000000051e+01
1.586289999999999978e+01
1.586289999999999978e+01
1.435219999999999985e+01
1.435219999999999985e+01
1.458639999999999937e+01
1.467960000000000065e+01
1.540290000000000070e+01
1.485249999999999915e+01
1.586289999999999978e+01
1.586289999999999978e+01
1.586289999999999978e+01
1.487969999999999970e+01
1.478509999999999991e+01
1.435219999999999985e+01
1.435219999999999985e+01
1.569089999999999918e+01
1.472910000000000075e+01
1.441029999999999944e+01
1.586289999999999978e+01
1.519740000000000002e+01
1.515169999999999995e+01
1.586289999999999978e+01
1.435219999999999985e+01
1.534810000000000052e+01
1.554429999999999978e+01
1.586289999999999978e+01
1.586289999999999978e+01
1.435219999999999985e+01
1.525709999999999944e+01
1.586289999999999978e+01
1.501210000000000022e+01
1.509299999999999997e+01
1.519449999999999967e+01
1.586289999999999978e+01
1.475270000000000081e+01
1.519769999999999932e+01
1.580480000000000018e+01
1.435219999999999985e+01
1.472540000000000049e+01
1.506439999999999912e+01
1.544689999999999941e+01
1.541089999999999982e+01
1.435219999999999985e+01
1.435219999999999985e+01
1.586289999999999978e+01
1.480790000000000006e+01
1.523579999999999934e+01
1.488499999999999979e+01
1.517239999999999966e+01
1.566489999999999938e+01
1.586289999999999978e+01
1.467769999999999975e+01
1.586289999999999978e+01
1.435219999999999985e+01
1.586289999999999978e+01
1.435219999999999985e+01
1.555030000000000001e+01
1.577669999999999995e+01
1.482939999999999969e+01
1.571749999999999936e+01
1.527260000000000062e+01
1.502050000000000018e+01
1.586289999999999978e+01
1.575760000000000005e+01
