2.877730000000000032e+01
3.004350000000000165e+01
2.702530000000000143e+01
2.687049999999999983e+01
2.532610000000000028e+01
2.656149999999999878e+01
2.377899999999999991e+01
2.547640000000000171e+01
2.235089999999999932e+01
2.248930000000000007e+01
2.279710000000000036e+01
2.189199999999999946e+01
2.104189999999999827e+01
2.025959999999999894e+01
2.075760000000000005e+01
1.886649999999999849e+01
1.840510000000000090e+01
1.922850000000000037e+01
1.699549999999999983e+01
1.685559999999999903e+01
1.723290000000000077e+01
1.695660000000000167e+01
1.694290000000000163e+01
1.667760000000000176e+01
1.651989999999999981e+01
1.659779999999999944e+01
1.641689999999999827e+01
1.626889999999999858e+01
1.527510000000000012e+01
1.542639999999999922e+01
1.564669999999999916e+01
1.600590000000000046e+01
1.600590000000000046e+01
1.448150000000000048e+01
1.521299999999999919e+01
1.531470000000000020e+01
1.450750000000000028e+01
1.579860000000000042e+01
1.539259999999999984e+01
1.526040000000000063e+01
1.448150000000000048e+01
1.600590000000000046e+01
1.562839999999999918e+01
1.598019999999999996e+01
1.544899999999999984e+01
1.507010000000000005e+01
1.600590000000000046e+01
1.560979999999999990e+01
1.567210000000000036e+01
1.600590000000000046e+01
1.448150000000000048e+01
1.476210000000000022e+01
1.466600000000000037e+01
1.530829999999999913e+01
1.549140000000000050e+01
1.464610000000000056e+01
1.493880000000000052e+01
1.600590000000000046e+01
1.573930000000000007e+01
1.481959999999999944e+01
1.507010000000000005e+01
1.510899999999999999e+01
1.542680000000000007e+01
1.448150000000000048e+01
1.600590000000000046e+01
1.539339999999999975e+01
1.600590000000000046e+01
1.524690000000000012e+01
1.448150000000000048e+01
1.583600000000000030e+01
1.543740000000000023e+01
1.567229999999999990e+01
1.563860000000000028e+01
1.464990000000000059e+01
1.531709999999999994e+01
1.520809999999999995e+01
1.448150000000000048e+01
1.579790000000000028e+01
1.469139999999999979e+01
1.547620000000000040e+01
1.448150000000000048e+01
1.448150000000000048e+01
1.454609999999999914e+01
1.517820000000000036e+01
1.600590000000000046e+01
1.600590000000000046e+01
1.479829999999999934e+01
1.543290000000000006e+01
1.493169999999999931e+01
1.555139999999999922e+01
1.503470000000000084e+01
1.483500000000000085e+01
1.579640000000000022e+01
1.448150000000000048e+01
1.466300000000000026e+01
1.487349999999999994e+01
1.448150000000000048e+01
1.540489999999999959e+01
1.485110000000000063e+01
1.490990000000000038e+01
