2.885940000000000083e+01
3.008670000000000044e+01
2.693570000000000064e+01
2.711479999999999890e+01
2.521679999999999922e+01
2.577329999999999899e+01
2.362079999999999913e+01
2.527599999999999980e+01
2.350799999999999912e+01
2.145680000000000121e+01
2.298610000000000042e+01
2.229060000000000130e+01
2.162910000000000110e+01
2.033149999999999835e+01
2.040780000000000172e+01
1.950159999999999982e+01
1.748199999999999932e+01
1.703689999999999927e+01
1.795820000000000149e+01
1.794829999999999970e+01
1.621440000000000126e+01
1.697840000000000060e+01
1.613660000000000139e+01
1.645649999999999835e+01
1.633680000000000021e+01
1.560660000000000025e+01
1.592970000000000041e+01
1.484290000000000020e+01
1.417379999999999995e+01
1.413180000000000014e+01
1.509810000000000052e+01
1.404790000000000028e+01
1.533120000000000083e+01
1.542309999999999981e+01
1.538400000000000034e+01
1.460730000000000040e+01
1.446030000000000015e+01
1.402890000000000015e+01
1.495800000000000018e+01
1.550569999999999915e+01
1.550569999999999915e+01
1.529129999999999967e+01
1.424310000000000009e+01
1.550569999999999915e+01
1.550569999999999915e+01
1.447000000000000064e+01
1.409810000000000052e+01
1.430579999999999963e+01
1.544040000000000035e+01
1.507990000000000030e+01
1.512749999999999950e+01
1.495079999999999920e+01
1.488770000000000060e+01
1.450220000000000020e+01
1.485590000000000011e+01
1.520950000000000024e+01
1.480170000000000030e+01
1.467919999999999980e+01
1.550569999999999915e+01
1.476500000000000057e+01
1.430829999999999913e+01
1.443319999999999936e+01
1.542830000000000013e+01
1.518030000000000079e+01
1.511420000000000030e+01
1.497830000000000084e+01
1.520330000000000048e+01
1.527239999999999931e+01
1.445749999999999957e+01
1.425150000000000006e+01
1.402890000000000015e+01
1.550569999999999915e+01
1.504349999999999987e+01
1.495819999999999972e+01
1.550569999999999915e+01
1.474820000000000064e+01
1.403180000000000049e+01
1.466760000000000019e+01
1.402890000000000015e+01
1.550569999999999915e+01
1.402890000000000015e+01
1.402890000000000015e+01
1.402890000000000015e+01
1.522199999999999953e+01
1.550569999999999915e+01
1.486289999999999978e+01
1.508530000000000015e+01
1.438649999999999984e+01
1.420780000000000065e+01
1.445129999999999981e+01
1.550569999999999915e+01
1.550569999999999915e+01
1.497460000000000058e+01
1.402890000000000015e+01
1.492259999999999920e+01
1.521749999999999936e+01
1.402890000000000015e+01
1.425130000000000052e+01
1.402890000000000015e+01
1.518019999999999925e+01
