3.055440000000000111e+01
2.936939999999999884e+01
2.863459999999999894e+01
2.841829999999999856e+01
2.619040000000000035e+01
2.464880000000000138e+01
2.542879999999999896e+01
2.342409999999999926e+01
2.365719999999999956e+01
2.107580000000000098e+01
1.996150000000000091e+01
2.133200000000000074e+01
1.867920000000000158e+01
1.866700000000000159e+01
1.861319999999999908e+01
1.713479999999999848e+01
1.799500000000000099e+01
1.787740000000000151e+01
1.605180000000000007e+01
1.560749999999999993e+01
1.530059999999999931e+01
1.646010000000000062e+01
1.495640000000000036e+01
1.560769999999999946e+01
1.586219999999999963e+01
1.575150000000000006e+01
1.568500000000000050e+01
1.533719999999999928e+01
1.419710000000000072e+01
1.534859999999999935e+01
1.417120000000000068e+01
1.470950000000000024e+01
1.450639999999999930e+01
1.491259999999999941e+01
1.503030000000000044e+01
1.566050000000000075e+01
1.523339999999999961e+01
1.433450000000000024e+01
1.566290000000000049e+01
1.417120000000000068e+01
1.470270000000000010e+01
1.421289999999999942e+01
1.434880000000000067e+01
1.493420000000000059e+01
1.513439999999999941e+01
1.509249999999999936e+01
1.546700000000000053e+01
1.426409999999999911e+01
1.566290000000000049e+01
1.507760000000000034e+01
1.449150000000000027e+01
1.558970000000000056e+01
1.495359999999999978e+01
1.417120000000000068e+01
1.540750000000000064e+01
1.505010000000000048e+01
1.496700000000000053e+01
1.478529999999999944e+01
1.417120000000000068e+01
1.565559999999999974e+01
1.566290000000000049e+01
1.545669999999999966e+01
1.439780000000000015e+01
1.525300000000000011e+01
1.430129999999999946e+01
1.484699999999999953e+01
1.495599999999999952e+01
1.481119999999999948e+01
1.566290000000000049e+01
1.488749999999999929e+01
1.506429999999999936e+01
1.566290000000000049e+01
1.566290000000000049e+01
1.479499999999999993e+01
1.444020000000000081e+01
1.476200000000000045e+01
1.499119999999999919e+01
1.484520000000000017e+01
1.514680000000000071e+01
1.566290000000000049e+01
1.417120000000000068e+01
1.417120000000000068e+01
1.487040000000000006e+01
1.461159999999999926e+01
1.566290000000000049e+01
1.566290000000000049e+01
1.437650000000000006e+01
1.484880000000000067e+01
1.455269999999999975e+01
1.452200000000000024e+01
1.526309999999999967e+01
1.566290000000000049e+01
1.490220000000000056e+01
1.463349999999999973e+01
1.417120000000000068e+01
1.470480000000000054e+01
1.566290000000000049e+01
1.566290000000000049e+01
1.484469999999999956e+01
1.417120000000000068e+01
