3.024080000000000013e+01
2.840950000000000131e+01
2.970230000000000103e+01
2.788179999999999836e+01
2.510559999999999903e+01
2.490340000000000131e+01
2.417200000000000060e+01
2.509919999999999973e+01
2.307479999999999976e+01
2.269610000000000127e+01
2.095129999999999981e+01
2.013429999999999964e+01
2.097050000000000125e+01
1.935500000000000043e+01
1.901040000000000063e+01
1.813650000000000162e+01
1.918100000000000094e+01
1.871130000000000138e+01
1.772230000000000061e+01
1.662650000000000006e+01
1.752769999999999939e+01
1.682310000000000016e+01
1.591949999999999932e+01
1.620169999999999888e+01
1.520589999999999975e+01
1.560239999999999938e+01
1.607189999999999941e+01
1.557460000000000022e+01
1.449849999999999994e+01
1.478659999999999997e+01
1.448150000000000048e+01
1.584120000000000061e+01
1.448150000000000048e+01
1.558820000000000050e+01
1.489499999999999957e+01
1.577420000000000044e+01
1.448339999999999961e+01
1.600590000000000046e+01
1.582830000000000048e+01
1.600590000000000046e+01
1.536069999999999958e+01
1.558730000000000082e+01
1.456809999999999938e+01
1.522519999999999918e+01
1.536969999999999992e+01
1.540249999999999986e+01
1.531339999999999968e+01
1.463799999999999990e+01
1.455930000000000035e+01
1.501810000000000045e+01
1.448150000000000048e+01
1.580519999999999925e+01
1.556300000000000061e+01
1.500869999999999926e+01
1.576919999999999966e+01
1.550479999999999947e+01
1.591629999999999967e+01
1.448150000000000048e+01
1.448150000000000048e+01
1.495010000000000083e+01
1.600590000000000046e+01
1.466639999999999944e+01
1.480829999999999913e+01
1.600590000000000046e+01
1.562529999999999930e+01
1.540949999999999953e+01
1.530410000000000004e+01
1.478240000000000087e+01
1.529640000000000022e+01
1.600590000000000046e+01
1.522129999999999939e+01
1.600590000000000046e+01
1.584929999999999950e+01
1.463490000000000002e+01
1.576829999999999998e+01
1.600590000000000046e+01
1.504570000000000007e+01
1.448150000000000048e+01
1.448150000000000048e+01
1.539189999999999969e+01
1.502880000000000038e+01
1.483939999999999948e+01
1.492350000000000065e+01
1.503999999999999915e+01
1.448150000000000048e+01
1.523739999999999917e+01
1.600590000000000046e+01
1.537579999999999991e+01
1.566840000000000011e+01
1.579700000000000060e+01
1.600590000000000046e+01
1.449290000000000056e+01
1.504630000000000045e+01
1.533120000000000083e+01
1.521449999999999925e+01
1.589059999999999917e+01
1.448150000000000048e+01
1.600590000000000046e+01
1.530070000000000086e+01
1.451810000000000045e+01
