3.030580000000000140e+01
3.087630000000000052e+01
2.841240000000000165e+01
2.739699999999999847e+01
2.555709999999999837e+01
2.683940000000000126e+01
2.409339999999999904e+01
2.462719999999999843e+01
2.272719999999999985e+01
2.416069999999999851e+01
2.286240000000000094e+01
2.211159999999999926e+01
2.241610000000000014e+01
2.181650000000000134e+01
2.123679999999999879e+01
1.871409999999999840e+01
1.976170000000000115e+01
1.923829999999999885e+01
1.798799999999999955e+01
1.793530000000000157e+01
1.832469999999999999e+01
1.740830000000000055e+01
1.674159999999999826e+01
1.723270000000000124e+01
1.654589999999999961e+01
1.505480000000000018e+01
1.572460000000000058e+01
1.615409999999999968e+01
1.515590000000000082e+01
1.488010000000000055e+01
1.543149999999999977e+01
1.427439999999999998e+01
1.541259999999999941e+01
1.441099999999999959e+01
1.530480000000000018e+01
1.466639999999999944e+01
1.458859999999999957e+01
1.457099999999999973e+01
1.470490000000000030e+01
1.529129999999999967e+01
1.383500000000000085e+01
1.383500000000000085e+01
1.383500000000000085e+01
1.383500000000000085e+01
1.462139999999999951e+01
1.491150000000000020e+01
1.474709999999999965e+01
1.383500000000000085e+01
1.383500000000000085e+01
1.511860000000000070e+01
1.475489999999999924e+01
1.438349999999999973e+01
1.396180000000000021e+01
1.445860000000000056e+01
1.529129999999999967e+01
1.441029999999999944e+01
1.445190000000000019e+01
1.435219999999999985e+01
1.427989999999999959e+01
1.529129999999999967e+01
1.502260000000000062e+01
1.412480000000000047e+01
1.394880000000000031e+01
1.384259999999999913e+01
1.394839999999999947e+01
1.510299999999999976e+01
1.383500000000000085e+01
1.513260000000000005e+01
1.529129999999999967e+01
1.529129999999999967e+01
1.394319999999999915e+01
1.391719999999999935e+01
1.399300000000000033e+01
1.529129999999999967e+01
1.529129999999999967e+01
1.414220000000000077e+01
1.518699999999999939e+01
1.399649999999999928e+01
1.429700000000000060e+01
1.491690000000000005e+01
1.518660000000000032e+01
1.529129999999999967e+01
1.502800000000000047e+01
1.438519999999999932e+01
1.529129999999999967e+01
1.463879999999999981e+01
1.529129999999999967e+01
1.401919999999999966e+01
1.529129999999999967e+01
1.385590000000000011e+01
1.529129999999999967e+01
1.456620000000000026e+01
1.513189999999999991e+01
1.383500000000000085e+01
1.472230000000000061e+01
1.496170000000000044e+01
1.383500000000000085e+01
1.383500000000000085e+01
1.525709999999999944e+01
1.443089999999999939e+01
