2.877730000000000032e+01
2.925489999999999924e+01
2.679939999999999856e+01
2.647180000000000177e+01
2.575989999999999824e+01
2.409540000000000148e+01
2.461550000000000082e+01
2.452909999999999968e+01
2.195129999999999981e+01
2.197759999999999891e+01
2.090769999999999840e+01
2.087800000000000011e+01
1.899370000000000047e+01
1.844330000000000069e+01
1.909720000000000084e+01
1.804739999999999966e+01
1.876439999999999841e+01
1.672449999999999903e+01
1.688929999999999865e+01
1.627880000000000038e+01
1.738850000000000051e+01
1.714069999999999894e+01
1.539760000000000062e+01
1.587839999999999918e+01
1.569950000000000045e+01
1.528480000000000061e+01
1.572680000000000078e+01
1.657750000000000057e+01
1.578919999999999924e+01
1.499869999999999948e+01
1.618819999999999837e+01
1.572209999999999930e+01
1.657750000000000057e+01
1.657750000000000057e+01
1.611659999999999826e+01
1.633879999999999910e+01
1.499869999999999948e+01
1.609789999999999921e+01
1.586299999999999955e+01
1.499869999999999948e+01
1.657750000000000057e+01
1.594890000000000008e+01
1.605890000000000128e+01
1.531889999999999930e+01
1.530560000000000009e+01
1.562630000000000052e+01
1.616649999999999920e+01
1.657750000000000057e+01
1.657750000000000057e+01
1.499869999999999948e+01
1.585629999999999917e+01
1.623170000000000002e+01
1.609130000000000038e+01
1.523199999999999932e+01
1.657750000000000057e+01
1.499869999999999948e+01
1.657750000000000057e+01
1.616850000000000165e+01
1.633719999999999928e+01
1.657750000000000057e+01
1.649889999999999901e+01
1.630969999999999942e+01
1.547610000000000063e+01
1.612790000000000035e+01
1.555869999999999997e+01
1.657750000000000057e+01
1.547080000000000055e+01
1.532259999999999955e+01
1.531499999999999950e+01
1.575430000000000064e+01
1.657750000000000057e+01
1.499869999999999948e+01
1.657750000000000057e+01
1.585229999999999961e+01
1.546260000000000012e+01
1.642419999999999902e+01
1.539020000000000010e+01
1.499869999999999948e+01
1.657750000000000057e+01
1.657750000000000057e+01
1.651320000000000121e+01
1.499869999999999948e+01
1.583789999999999942e+01
1.499869999999999948e+01
1.499869999999999948e+01
1.573419999999999952e+01
1.499869999999999948e+01
1.652670000000000172e+01
1.527570000000000050e+01
1.547600000000000087e+01
1.606540000000000035e+01
1.524140000000000050e+01
1.597470000000000034e+01
1.611860000000000070e+01
1.573310000000000031e+01
1.524460000000000015e+01
1.614099999999999824e+01
1.499869999999999948e+01
1.535260000000000069e+01
1.642330000000000112e+01
