3.180649999999999977e+01
3.035839999999999961e+01
2.687689999999999912e+01
2.741750000000000043e+01
2.747159999999999869e+01
2.397279999999999944e+01
2.505489999999999995e+01
2.464489999999999981e+01
2.281419999999999959e+01
2.120439999999999969e+01
2.226980000000000004e+01
1.950169999999999959e+01
1.949859999999999971e+01
1.901350000000000051e+01
1.779560000000000031e+01
1.809990000000000165e+01
1.858729999999999905e+01
1.771030000000000015e+01
1.738700000000000045e+01
1.739300000000000068e+01
1.637829999999999941e+01
1.518750000000000000e+01
1.646770000000000067e+01
1.554879999999999995e+01
1.510740000000000016e+01
1.494059999999999988e+01
1.468089999999999939e+01
1.551919999999999966e+01
1.566629999999999967e+01
1.600590000000000046e+01
1.600590000000000046e+01
1.478400000000000070e+01
1.600590000000000046e+01
1.448150000000000048e+01
1.476430000000000042e+01
1.584580000000000055e+01
1.541189999999999927e+01
1.549430000000000085e+01
1.599760000000000026e+01
1.480589999999999939e+01
1.514039999999999964e+01
1.559919999999999973e+01
1.548310000000000031e+01
1.505610000000000070e+01
1.600590000000000046e+01
1.490779999999999994e+01
1.544880000000000031e+01
1.568260000000000076e+01
1.513039999999999985e+01
1.585500000000000043e+01
1.592730000000000068e+01
1.535880000000000045e+01
1.600590000000000046e+01
1.541099999999999959e+01
1.506910000000000061e+01
1.448150000000000048e+01
1.540169999999999995e+01
1.536050000000000004e+01
1.501810000000000045e+01
1.600590000000000046e+01
1.540470000000000006e+01
1.600590000000000046e+01
1.484869999999999912e+01
1.542800000000000082e+01
1.448150000000000048e+01
1.600590000000000046e+01
1.448150000000000048e+01
1.552890000000000015e+01
1.584750000000000014e+01
1.448150000000000048e+01
1.566539999999999999e+01
1.452369999999999983e+01
1.550779999999999959e+01
1.448150000000000048e+01
1.500619999999999976e+01
1.600590000000000046e+01
1.459110000000000085e+01
1.600590000000000046e+01
1.600590000000000046e+01
1.541249999999999964e+01
1.600590000000000046e+01
1.554240000000000066e+01
1.520909999999999940e+01
1.448150000000000048e+01
1.528369999999999962e+01
1.468200000000000038e+01
1.556760000000000055e+01
1.464980000000000082e+01
1.448150000000000048e+01
1.448150000000000048e+01
1.503279999999999994e+01
1.564939999999999998e+01
1.508769999999999989e+01
1.448150000000000048e+01
1.565039999999999942e+01
1.477050000000000018e+01
1.515840000000000032e+01
1.589739999999999931e+01
1.501179999999999914e+01
1.571340000000000003e+01
