2.877730000000000032e+01
2.888149999999999906e+01
2.798079999999999856e+01
2.707349999999999923e+01
2.735810000000000031e+01
2.634840000000000160e+01
2.627159999999999940e+01
2.470870000000000033e+01
2.604540000000000077e+01
2.302779999999999916e+01
2.247190000000000154e+01
2.386289999999999978e+01
2.372230000000000061e+01
2.170159999999999911e+01
2.270019999999999882e+01
2.115200000000000102e+01
1.969750000000000156e+01
2.065060000000000073e+01
1.897400000000000020e+01
1.951139999999999830e+01
2.019129999999999825e+01
1.796349999999999980e+01
1.787730000000000175e+01
1.763540000000000063e+01
1.775410000000000110e+01
1.759260000000000090e+01
1.809019999999999939e+01
1.727179999999999893e+01
1.726999999999999957e+01
1.758620000000000161e+01
1.691319999999999979e+01
1.776370000000000005e+01
1.696170000000000044e+01
1.695949999999999847e+01
1.680260000000000176e+01
1.757789999999999964e+01
1.590380000000000038e+01
1.726409999999999911e+01
1.618779999999999930e+01
1.599959999999999916e+01
1.757789999999999964e+01
1.757789999999999964e+01
1.639359999999999928e+01
1.757570000000000121e+01
1.652659999999999840e+01
1.651180000000000092e+01
1.757789999999999964e+01
1.590690000000000026e+01
1.659929999999999950e+01
1.689659999999999940e+01
1.590380000000000038e+01
1.685450000000000159e+01
1.637020000000000053e+01
1.607100000000000151e+01
1.635219999999999985e+01
1.713419999999999987e+01
1.691789999999999949e+01
1.757789999999999964e+01
1.721559999999999846e+01
1.591869999999999941e+01
1.727029999999999887e+01
1.703430000000000177e+01
1.668199999999999861e+01
1.645469999999999899e+01
1.719640000000000057e+01
1.648760000000000048e+01
1.757789999999999964e+01
1.590380000000000038e+01
1.757789999999999964e+01
1.685190000000000055e+01
1.590380000000000038e+01
1.685389999999999944e+01
1.673250000000000171e+01
1.679840000000000089e+01
1.677449999999999974e+01
1.597039999999999971e+01
1.628600000000000136e+01
1.746460000000000079e+01
1.590380000000000038e+01
1.680389999999999873e+01
1.757789999999999964e+01
1.749050000000000082e+01
1.590380000000000038e+01
1.757789999999999964e+01
1.757789999999999964e+01
1.658670000000000044e+01
1.645230000000000103e+01
1.692190000000000083e+01
1.644079999999999941e+01
1.757789999999999964e+01
1.757789999999999964e+01
1.688400000000000034e+01
1.592639999999999922e+01
1.754129999999999967e+01
1.640480000000000160e+01
1.590380000000000038e+01
1.590380000000000038e+01
1.724119999999999919e+01
1.598170000000000002e+01
1.590380000000000038e+01
