2.897560000000000002e+01
2.842350000000000065e+01
2.714489999999999981e+01
2.903389999999999915e+01
2.643740000000000023e+01
2.725000000000000000e+01
2.580150000000000077e+01
2.553069999999999951e+01
2.524569999999999936e+01
2.221059999999999945e+01
2.387879999999999825e+01
2.190159999999999840e+01
2.121160000000000068e+01
2.188789999999999836e+01
2.044529999999999959e+01
2.038879999999999981e+01
2.043440000000000012e+01
1.994259999999999877e+01
1.950499999999999901e+01
1.758399999999999963e+01
1.868489999999999895e+01
1.831579999999999941e+01
1.626229999999999976e+01
1.765970000000000084e+01
1.732659999999999911e+01
1.613769999999999882e+01
1.669569999999999865e+01
1.667559999999999931e+01
1.627329999999999899e+01
1.543939999999999912e+01
1.566329999999999956e+01
1.459280000000000044e+01
1.463729999999999976e+01
1.534110000000000085e+01
1.587550000000000061e+01
1.545400000000000063e+01
1.540380000000000038e+01
1.448150000000000048e+01
1.515719999999999956e+01
1.532910000000000039e+01
1.468640000000000079e+01
1.549390000000000001e+01
1.545870000000000033e+01
1.520969999999999978e+01
1.448150000000000048e+01
1.536289999999999978e+01
1.546959999999999980e+01
1.474789999999999957e+01
1.539029999999999987e+01
1.450210000000000043e+01
1.448150000000000048e+01
1.546080000000000076e+01
1.457450000000000045e+01
1.539090000000000025e+01
1.600590000000000046e+01
1.512330000000000041e+01
1.517229999999999990e+01
1.600590000000000046e+01
1.556530000000000058e+01
1.518430000000000035e+01
1.544389999999999930e+01
1.553580000000000005e+01
1.448150000000000048e+01
1.462420000000000009e+01
1.448150000000000048e+01
1.600590000000000046e+01
1.592249999999999943e+01
1.452529999999999966e+01
1.600590000000000046e+01
1.532970000000000077e+01
1.572470000000000034e+01
1.448739999999999917e+01
1.448150000000000048e+01
1.570470000000000077e+01
1.600590000000000046e+01
1.600590000000000046e+01
1.546180000000000021e+01
1.585849999999999937e+01
1.481869999999999976e+01
1.456259999999999977e+01
1.448150000000000048e+01
1.531390000000000029e+01
1.496400000000000041e+01
1.506099999999999994e+01
1.488390000000000057e+01
1.584529999999999994e+01
1.448150000000000048e+01
1.591920000000000002e+01
1.600590000000000046e+01
1.448150000000000048e+01
1.600590000000000046e+01
1.587529999999999930e+01
1.600590000000000046e+01
1.600590000000000046e+01
1.537020000000000053e+01
1.521189999999999998e+01
1.468440000000000012e+01
1.448150000000000048e+01
1.448150000000000048e+01
1.600590000000000046e+01
