3.094500000000000028e+01
2.875039999999999907e+01
2.985450000000000159e+01
2.839720000000000155e+01
2.691159999999999997e+01
2.459860000000000113e+01
2.636880000000000024e+01
2.337229999999999919e+01
2.483510000000000062e+01
2.340660000000000096e+01
2.120840000000000103e+01
2.263240000000000052e+01
2.007300000000000040e+01
1.955270000000000152e+01
1.906380000000000052e+01
1.907910000000000039e+01
1.835099999999999909e+01
1.875619999999999976e+01
1.830170000000000030e+01
1.709270000000000067e+01
1.702029999999999887e+01
1.652509999999999835e+01
1.683350000000000080e+01
1.678219999999999956e+01
1.648570000000000135e+01
1.576820000000000022e+01
1.660050000000000026e+01
1.577260000000000062e+01
1.660000000000000142e+01
1.551590000000000025e+01
1.685290000000000177e+01
1.714910000000000068e+01
1.675710000000000122e+01
1.653200000000000003e+01
1.632750000000000057e+01
1.566520000000000046e+01
1.551590000000000025e+01
1.714910000000000068e+01
1.551590000000000025e+01
1.699159999999999826e+01
1.675390000000000157e+01
1.691229999999999833e+01
1.691959999999999908e+01
1.551590000000000025e+01
1.714910000000000068e+01
1.660259999999999891e+01
1.675989999999999824e+01
1.670039999999999836e+01
1.551590000000000025e+01
1.636349999999999838e+01
1.651719999999999899e+01
1.551590000000000025e+01
1.714910000000000068e+01
1.595710000000000051e+01
1.595839999999999925e+01
1.714910000000000068e+01
1.551590000000000025e+01
1.714910000000000068e+01
1.697109999999999985e+01
1.602880000000000038e+01
1.642060000000000031e+01
1.687040000000000006e+01
1.714910000000000068e+01
1.687519999999999953e+01
1.714910000000000068e+01
1.714910000000000068e+01
1.641730000000000089e+01
1.668659999999999854e+01
1.714910000000000068e+01
1.705669999999999931e+01
1.686210000000000164e+01
1.551590000000000025e+01
1.616329999999999956e+01
1.714910000000000068e+01
1.713419999999999987e+01
1.551590000000000025e+01
1.650870000000000104e+01
1.661459999999999937e+01
1.622360000000000113e+01
1.595819999999999972e+01
1.590719999999999956e+01
1.714910000000000068e+01
1.659669999999999845e+01
1.558910000000000018e+01
1.554889999999999972e+01
1.611009999999999920e+01
1.643209999999999837e+01
1.595839999999999925e+01
1.597739999999999938e+01
1.683139999999999858e+01
1.551590000000000025e+01
1.611309999999999931e+01
1.634290000000000020e+01
1.634900000000000020e+01
1.664549999999999841e+01
1.714910000000000068e+01
1.714280000000000115e+01
1.551590000000000025e+01
1.671150000000000091e+01
1.583910000000000018e+01
