2.993479999999999919e+01
2.977469999999999928e+01
2.699220000000000041e+01
2.875280000000000058e+01
2.668410000000000082e+01
2.551160000000000139e+01
2.628200000000000003e+01
2.357260000000000133e+01
2.373410000000000153e+01
2.396369999999999933e+01
2.106879999999999953e+01
2.210249999999999915e+01
2.027959999999999852e+01
2.133299999999999841e+01
1.924810000000000088e+01
1.961779999999999902e+01
1.970530000000000115e+01
1.819030000000000058e+01
1.728729999999999833e+01
1.808709999999999951e+01
1.646959999999999980e+01
1.690980000000000061e+01
1.682079999999999842e+01
1.705809999999999960e+01
1.602700000000000102e+01
1.649380000000000024e+01
1.534420000000000073e+01
1.471950000000000003e+01
1.615380000000000038e+01
1.539109999999999978e+01
1.449639999999999951e+01
1.527689999999999948e+01
1.504749999999999943e+01
1.454599999999999937e+01
1.448150000000000048e+01
1.519960000000000022e+01
1.448150000000000048e+01
1.449660000000000082e+01
1.448150000000000048e+01
1.448150000000000048e+01
1.600590000000000046e+01
1.548690000000000033e+01
1.495880000000000010e+01
1.586430000000000007e+01
1.600590000000000046e+01
1.561650000000000027e+01
1.485469999999999935e+01
1.519219999999999970e+01
1.448150000000000048e+01
1.600590000000000046e+01
1.448150000000000048e+01
1.475309999999999988e+01
1.554840000000000089e+01
1.518689999999999962e+01
1.517489999999999917e+01
1.512659999999999982e+01
1.458270000000000088e+01
1.600590000000000046e+01
1.507699999999999996e+01
1.448150000000000048e+01
1.593790000000000084e+01
1.561940000000000062e+01
1.460899999999999999e+01
1.522930000000000028e+01
1.520579999999999998e+01
1.536560000000000059e+01
1.493539999999999957e+01
1.467270000000000074e+01
1.543619999999999948e+01
1.600590000000000046e+01
1.448150000000000048e+01
1.535979999999999990e+01
1.573980000000000068e+01
1.458159999999999989e+01
1.512589999999999968e+01
1.502289999999999992e+01
1.543740000000000023e+01
1.448150000000000048e+01
1.487349999999999994e+01
1.457119999999999926e+01
1.448150000000000048e+01
1.458949999999999925e+01
1.564029999999999987e+01
1.509399999999999942e+01
1.490070000000000050e+01
1.448150000000000048e+01
1.554509999999999970e+01
1.600590000000000046e+01
1.538679999999999914e+01
1.453880000000000017e+01
1.448150000000000048e+01
1.600590000000000046e+01
1.448150000000000048e+01
1.600590000000000046e+01
1.600590000000000046e+01
1.448150000000000048e+01
1.600590000000000046e+01
1.600590000000000046e+01
1.515939999999999976e+01
1.593459999999999965e+01
