2.877730000000000032e+01
2.979909999999999926e+01
2.957079999999999842e+01
2.684570000000000078e+01
2.488159999999999883e+01
2.425860000000000127e+01
2.440439999999999898e+01
2.235320000000000107e+01
2.185859999999999914e+01
2.279459999999999908e+01
2.211919999999999931e+01
1.970100000000000051e+01
2.053740000000000165e+01
1.830770000000000053e+01
1.963449999999999918e+01
1.907560000000000144e+01
1.736909999999999954e+01
1.722240000000000038e+01
1.631050000000000111e+01
1.695889999999999986e+01
1.613899999999999935e+01
1.501130000000000031e+01
1.552710000000000079e+01
1.609459999999999980e+01
1.439329999999999998e+01
1.461190000000000033e+01
1.458970000000000056e+01
1.532699999999999996e+01
1.539760000000000062e+01
1.557709999999999972e+01
1.409360000000000035e+01
1.557709999999999972e+01
1.461589999999999989e+01
1.534970000000000034e+01
1.502710000000000079e+01
1.409360000000000035e+01
1.547419999999999973e+01
1.481310000000000038e+01
1.469190000000000040e+01
1.469880000000000031e+01
1.443950000000000067e+01
1.409360000000000035e+01
1.545049999999999990e+01
1.503480000000000061e+01
1.526779999999999937e+01
1.516859999999999964e+01
1.513599999999999923e+01
1.483070000000000022e+01
1.511159999999999926e+01
1.536469999999999914e+01
1.443950000000000067e+01
1.495490000000000030e+01
1.500900000000000034e+01
1.557709999999999972e+01
1.443919999999999959e+01
1.503260000000000041e+01
1.409360000000000035e+01
1.551650000000000063e+01
1.557709999999999972e+01
1.513100000000000023e+01
1.529829999999999934e+01
1.557709999999999972e+01
1.450689999999999991e+01
1.512870000000000026e+01
1.557709999999999972e+01
1.513530000000000086e+01
1.557709999999999972e+01
1.456300000000000061e+01
1.506600000000000072e+01
1.557709999999999972e+01
1.522850000000000037e+01
1.457370000000000054e+01
1.409360000000000035e+01
1.538419999999999987e+01
1.538250000000000028e+01
1.524009999999999998e+01
1.434549999999999947e+01
1.410120000000000040e+01
1.443679999999999986e+01
1.507600000000000051e+01
1.461299999999999955e+01
1.493379999999999974e+01
1.557709999999999972e+01
1.551679999999999993e+01
1.416670000000000051e+01
1.453880000000000017e+01
1.504570000000000007e+01
1.497910000000000075e+01
1.433849999999999980e+01
1.552439999999999998e+01
1.486739999999999995e+01
1.505339999999999989e+01
1.498830000000000062e+01
1.487400000000000055e+01
1.451249999999999929e+01
1.538090000000000046e+01
1.409360000000000035e+01
1.557709999999999972e+01
1.457479999999999976e+01
1.409360000000000035e+01
