3.180649999999999977e+01
2.812890000000000157e+01
2.744770000000000110e+01
2.709789999999999921e+01
2.738789999999999836e+01
2.725459999999999994e+01
2.467419999999999902e+01
2.420860000000000056e+01
2.489369999999999905e+01
2.358800000000000097e+01
2.347409999999999997e+01
2.071069999999999922e+01
2.061309999999999931e+01
1.998479999999999990e+01
2.030709999999999837e+01
1.851620000000000132e+01
1.995599999999999952e+01
1.874630000000000152e+01
1.816769999999999996e+01
1.701190000000000069e+01
1.718400000000000105e+01
1.667010000000000147e+01
1.709600000000000009e+01
1.685610000000000142e+01
1.596570000000000000e+01
1.636120000000000019e+01
1.581499999999999950e+01
1.551820000000000022e+01
1.470490000000000030e+01
1.614470000000000027e+01
1.453730000000000011e+01
1.569539999999999935e+01
1.560670000000000002e+01
1.448150000000000048e+01
1.571410000000000018e+01
1.544309999999999938e+01
1.516239999999999988e+01
1.448150000000000048e+01
1.573910000000000053e+01
1.448150000000000048e+01
1.600590000000000046e+01
1.464850000000000030e+01
1.556850000000000023e+01
1.600590000000000046e+01
1.600590000000000046e+01
1.559960000000000058e+01
1.460249999999999915e+01
1.567079999999999984e+01
1.508649999999999913e+01
1.559549999999999947e+01
1.527110000000000056e+01
1.600590000000000046e+01
1.600590000000000046e+01
1.600590000000000046e+01
1.565639999999999965e+01
1.600590000000000046e+01
1.586309999999999931e+01
1.560490000000000066e+01
1.453289999999999971e+01
1.448150000000000048e+01
1.448150000000000048e+01
1.512880000000000003e+01
1.581509999999999927e+01
1.525990000000000002e+01
1.591150000000000020e+01
1.576960000000000051e+01
1.555940000000000012e+01
1.448150000000000048e+01
1.576009999999999955e+01
1.509980000000000011e+01
1.494640000000000057e+01
1.519309999999999938e+01
1.570720000000000027e+01
1.459750000000000014e+01
1.561180000000000057e+01
1.600590000000000046e+01
1.600590000000000046e+01
1.518389999999999951e+01
1.448440000000000083e+01
1.585759999999999970e+01
1.534660000000000046e+01
1.448150000000000048e+01
1.555690000000000062e+01
1.509159999999999968e+01
1.595069999999999943e+01
1.557499999999999929e+01
1.588959999999999972e+01
1.600590000000000046e+01
1.509740000000000038e+01
1.466869999999999941e+01
1.492019999999999946e+01
1.600590000000000046e+01
1.481419999999999959e+01
1.525360000000000049e+01
1.448150000000000048e+01
1.472899999999999920e+01
1.449160000000000004e+01
1.504170000000000051e+01
1.539059999999999917e+01
1.448150000000000048e+01
