3.164949999999999974e+01
2.889349999999999952e+01
2.840099999999999980e+01
2.823780000000000001e+01
2.495149999999999935e+01
2.407750000000000057e+01
2.568240000000000123e+01
2.382910000000000039e+01
2.233050000000000068e+01
2.095550000000000068e+01
2.034179999999999922e+01
2.122299999999999898e+01
2.032300000000000040e+01
1.932760000000000034e+01
1.955839999999999890e+01
1.895690000000000097e+01
1.748489999999999966e+01
1.786329999999999885e+01
1.571679999999999922e+01
1.575339999999999918e+01
1.536580000000000013e+01
1.553059999999999974e+01
1.462410000000000032e+01
1.501629999999999932e+01
1.377820000000000000e+01
1.352360000000000007e+01
1.417699999999999960e+01
1.319369999999999976e+01
1.323489999999999966e+01
1.382629999999999981e+01
1.430920000000000059e+01
1.292989999999999995e+01
1.303120000000000012e+01
1.340760000000000041e+01
1.371069999999999922e+01
1.385469999999999935e+01
1.401640000000000086e+01
1.355369999999999919e+01
1.292989999999999995e+01
1.338889999999999958e+01
1.422250000000000014e+01
1.340729999999999933e+01
1.300730000000000075e+01
1.292989999999999995e+01
1.292989999999999995e+01
1.355390000000000050e+01
1.429090000000000060e+01
1.405620000000000047e+01
1.388039999999999985e+01
1.355289999999999928e+01
1.399409999999999954e+01
1.380920000000000059e+01
1.419200000000000017e+01
1.429090000000000060e+01
1.383779999999999966e+01
1.302710000000000079e+01
1.399879999999999924e+01
1.292989999999999995e+01
1.429090000000000060e+01
1.292989999999999995e+01
1.359490000000000087e+01
1.429090000000000060e+01
1.316580000000000084e+01
1.429090000000000060e+01
1.292989999999999995e+01
1.408600000000000030e+01
1.407019999999999982e+01
1.292989999999999995e+01
1.292989999999999995e+01
1.294229999999999947e+01
1.292989999999999995e+01
1.352820000000000000e+01
1.363419999999999987e+01
1.361960000000000015e+01
1.429090000000000060e+01
1.429090000000000060e+01
1.326580000000000048e+01
1.347519999999999918e+01
1.404739999999999966e+01
1.349009999999999998e+01
1.303299999999999947e+01
1.338129999999999953e+01
1.354100000000000037e+01
1.416019999999999968e+01
1.304790000000000028e+01
1.368810000000000038e+01
1.294960000000000022e+01
1.421519999999999939e+01
1.429090000000000060e+01
1.418970000000000020e+01
1.410069999999999979e+01
1.292989999999999995e+01
1.357690000000000019e+01
1.322349999999999959e+01
1.321279999999999966e+01
1.429090000000000060e+01
1.292989999999999995e+01
1.321460000000000079e+01
1.365820000000000078e+01
1.357970000000000077e+01
