2.877730000000000032e+01
2.812180000000000035e+01
2.869979999999999976e+01
2.612780000000000058e+01
2.554650000000000176e+01
2.544910000000000139e+01
2.358689999999999998e+01
2.509919999999999973e+01
2.325440000000000040e+01
2.334450000000000003e+01
2.212480000000000047e+01
2.042719999999999914e+01
1.953579999999999828e+01
1.883310000000000173e+01
1.830620000000000047e+01
1.781319999999999837e+01
1.801520000000000010e+01
1.717249999999999943e+01
1.827919999999999945e+01
1.694829999999999970e+01
1.631390000000000029e+01
1.678879999999999839e+01
1.643230000000000146e+01
1.509340000000000082e+01
1.502069999999999972e+01
1.624149999999999849e+01
1.571659999999999968e+01
1.593169999999999931e+01
1.525980000000000025e+01
1.448150000000000048e+01
1.586149999999999949e+01
1.600590000000000046e+01
1.569909999999999961e+01
1.448150000000000048e+01
1.525709999999999944e+01
1.570010000000000083e+01
1.448150000000000048e+01
1.600590000000000046e+01
1.473639999999999972e+01
1.532549999999999990e+01
1.448150000000000048e+01
1.524750000000000050e+01
1.448150000000000048e+01
1.448150000000000048e+01
1.600590000000000046e+01
1.452999999999999936e+01
1.490370000000000061e+01
1.448150000000000048e+01
1.510350000000000037e+01
1.561079999999999934e+01
1.494720000000000049e+01
1.592709999999999937e+01
1.600590000000000046e+01
1.522320000000000029e+01
1.600590000000000046e+01
1.510019999999999918e+01
1.457150000000000034e+01
1.563690000000000069e+01
1.457779999999999987e+01
1.484120000000000061e+01
1.482649999999999935e+01
1.448150000000000048e+01
1.600590000000000046e+01
1.597380000000000067e+01
1.501379999999999981e+01
1.519469999999999921e+01
1.600590000000000046e+01
1.600590000000000046e+01
1.448150000000000048e+01
1.448150000000000048e+01
1.512449999999999939e+01
1.547560000000000002e+01
1.454950000000000010e+01
1.448150000000000048e+01
1.450569999999999915e+01
1.552399999999999913e+01
1.566840000000000011e+01
1.557499999999999929e+01
1.522739999999999938e+01
1.548429999999999929e+01
1.448150000000000048e+01
1.448150000000000048e+01
1.459549999999999947e+01
1.600590000000000046e+01
1.498210000000000086e+01
1.448150000000000048e+01
1.448150000000000048e+01
1.588180000000000014e+01
1.555979999999999919e+01
1.600590000000000046e+01
1.448150000000000048e+01
1.448150000000000048e+01
1.600590000000000046e+01
1.600590000000000046e+01
1.524440000000000062e+01
1.559609999999999985e+01
1.600590000000000046e+01
1.465680000000000049e+01
1.448150000000000048e+01
1.448150000000000048e+01
