2.921030000000000015e+01
2.992960000000000065e+01
2.963830000000000098e+01
2.693830000000000169e+01
2.764349999999999952e+01
2.523999999999999844e+01
2.501849999999999952e+01
2.378839999999999932e+01
2.228440000000000154e+01
2.197830000000000084e+01
2.053800000000000026e+01
2.202769999999999939e+01
2.056599999999999895e+01
1.897169999999999845e+01
1.838710000000000022e+01
1.788960000000000150e+01
1.747759999999999891e+01
1.710490000000000066e+01
1.747609999999999886e+01
1.730509999999999948e+01
1.677370000000000161e+01
1.600629999999999953e+01
1.644950000000000045e+01
1.598780000000000001e+01
1.709140000000000015e+01
1.623499999999999943e+01
1.634829999999999828e+01
1.714910000000000068e+01
1.714910000000000068e+01
1.609199999999999875e+01
1.577100000000000080e+01
1.709339999999999904e+01
1.551590000000000025e+01
1.591329999999999956e+01
1.712059999999999960e+01
1.604129999999999967e+01
1.551590000000000025e+01
1.704960000000000164e+01
1.588250000000000028e+01
1.714910000000000068e+01
1.649899999999999878e+01
1.714910000000000068e+01
1.594139999999999979e+01
1.655300000000000082e+01
1.708840000000000003e+01
1.714910000000000068e+01
1.714910000000000068e+01
1.570730000000000004e+01
1.706240000000000023e+01
1.578589999999999982e+01
1.559159999999999968e+01
1.697850000000000037e+01
1.675179999999999936e+01
1.617350000000000065e+01
1.646569999999999823e+01
1.640660000000000096e+01
1.684799999999999898e+01
1.714910000000000068e+01
1.551590000000000025e+01
1.578049999999999997e+01
1.611939999999999884e+01
1.615759999999999863e+01
1.714910000000000068e+01
1.599770000000000003e+01
1.551590000000000025e+01
1.559730000000000061e+01
1.667559999999999931e+01
1.598080000000000034e+01
1.685050000000000026e+01
1.654879999999999995e+01
1.714910000000000068e+01
1.666009999999999991e+01
1.714910000000000068e+01
1.551590000000000025e+01
1.602919999999999945e+01
1.691519999999999868e+01
1.684019999999999939e+01
1.609029999999999916e+01
1.714910000000000068e+01
1.714910000000000068e+01
1.628780000000000072e+01
1.594619999999999926e+01
1.590470000000000006e+01
1.559229999999999983e+01
1.576479999999999926e+01
1.688100000000000023e+01
1.644379999999999953e+01
1.714910000000000068e+01
1.702329999999999899e+01
1.551590000000000025e+01
1.714910000000000068e+01
1.551590000000000025e+01
1.617559999999999931e+01
1.686690000000000111e+01
1.656370000000000076e+01
1.578330000000000055e+01
1.551590000000000025e+01
1.554930000000000057e+01
1.551590000000000025e+01
1.661090000000000089e+01
