3.008380000000000010e+01
3.002919999999999945e+01
2.897889999999999944e+01
2.737450000000000117e+01
2.776269999999999882e+01
2.750319999999999965e+01
2.419330000000000069e+01
2.481619999999999848e+01
2.290030000000000143e+01
2.277629999999999910e+01
2.297719999999999985e+01
2.138220000000000098e+01
2.228600000000000136e+01
2.230669999999999931e+01
2.125059999999999860e+01
1.930069999999999908e+01
2.038779999999999859e+01
1.876719999999999899e+01
1.996740000000000137e+01
1.939930000000000021e+01
1.938650000000000162e+01
1.736129999999999995e+01
1.736680000000000135e+01
1.873410000000000153e+01
1.842020000000000124e+01
1.753430000000000177e+01
1.796030000000000015e+01
1.664859999999999829e+01
1.789120000000000132e+01
1.703350000000000009e+01
1.642099999999999937e+01
1.814949999999999974e+01
1.729159999999999897e+01
1.791580000000000084e+01
1.766189999999999927e+01
1.642099999999999937e+01
1.706200000000000117e+01
1.765810000000000102e+01
1.711860000000000070e+01
1.651549999999999940e+01
1.814179999999999993e+01
1.752690000000000126e+01
1.673590000000000089e+01
1.760460000000000136e+01
1.814949999999999974e+01
1.793740000000000023e+01
1.783630000000000138e+01
1.642099999999999937e+01
1.732310000000000016e+01
1.755499999999999972e+01
1.814949999999999974e+01
1.811400000000000077e+01
1.814949999999999974e+01
1.649230000000000018e+01
1.737389999999999901e+01
1.666560000000000130e+01
1.797159999999999869e+01
1.732880000000000109e+01
1.739649999999999963e+01
1.743830000000000169e+01
1.814949999999999974e+01
1.751310000000000144e+01
1.700019999999999953e+01
1.711169999999999902e+01
1.765429999999999922e+01
1.642099999999999937e+01
1.682959999999999923e+01
1.745070000000000121e+01
1.814949999999999974e+01
1.711870000000000047e+01
1.689430000000000121e+01
1.702319999999999922e+01
1.795309999999999917e+01
1.763370000000000104e+01
1.789930000000000021e+01
1.758389999999999986e+01
1.765609999999999857e+01
1.645439999999999969e+01
1.713990000000000080e+01
1.814949999999999974e+01
1.642099999999999937e+01
1.778109999999999857e+01
1.813929999999999865e+01
1.735790000000000077e+01
1.642099999999999937e+01
1.708139999999999858e+01
1.778879999999999839e+01
1.748310000000000031e+01
1.733599999999999852e+01
1.814949999999999974e+01
1.814949999999999974e+01
1.682560000000000144e+01
1.752740000000000009e+01
1.729929999999999879e+01
1.714450000000000074e+01
1.780750000000000099e+01
1.745400000000000063e+01
1.689089999999999847e+01
1.679169999999999874e+01
1.710069999999999979e+01
