3.180649999999999977e+01
2.943649999999999878e+01
2.871030000000000015e+01
2.919549999999999912e+01
2.612089999999999890e+01
2.567299999999999827e+01
2.715009999999999835e+01
2.426190000000000069e+01
2.551500000000000057e+01
2.328930000000000078e+01
2.456319999999999837e+01
2.390249999999999986e+01
2.119399999999999906e+01
2.071420000000000172e+01
2.040299999999999869e+01
2.182310000000000016e+01
1.949119999999999919e+01
2.036890000000000001e+01
1.866619999999999990e+01
2.025590000000000046e+01
1.892760000000000176e+01
1.952329999999999899e+01
1.804269999999999996e+01
1.901419999999999888e+01
1.698100000000000165e+01
1.759479999999999933e+01
1.835460000000000136e+01
1.755110000000000170e+01
1.804410000000000025e+01
1.662049999999999983e+01
1.706790000000000163e+01
1.777250000000000085e+01
1.727469999999999928e+01
1.752560000000000073e+01
1.695520000000000138e+01
1.603310000000000102e+01
1.603310000000000102e+01
1.764780000000000015e+01
1.693499999999999872e+01
1.682059999999999889e+01
1.603310000000000102e+01
1.772080000000000055e+01
1.772080000000000055e+01
1.661149999999999949e+01
1.772080000000000055e+01
1.603310000000000102e+01
1.665719999999999956e+01
1.688459999999999894e+01
1.612249999999999872e+01
1.709039999999999893e+01
1.772080000000000055e+01
1.705470000000000041e+01
1.670959999999999823e+01
1.667810000000000059e+01
1.603310000000000102e+01
1.749530000000000030e+01
1.690099999999999980e+01
1.603310000000000102e+01
1.715700000000000003e+01
1.613050000000000139e+01
1.693039999999999878e+01
1.720039999999999836e+01
1.766619999999999990e+01
1.603310000000000102e+01
1.766250000000000142e+01
1.722479999999999833e+01
1.676439999999999841e+01
1.772080000000000055e+01
1.714969999999999928e+01
1.640380000000000038e+01
1.629289999999999949e+01
1.685549999999999926e+01
1.665909999999999869e+01
1.657150000000000034e+01
1.772080000000000055e+01
1.772080000000000055e+01
1.772080000000000055e+01
1.772080000000000055e+01
1.676150000000000162e+01
1.603310000000000102e+01
1.628219999999999956e+01
1.607150000000000034e+01
1.612059999999999960e+01
1.644440000000000168e+01
1.699239999999999995e+01
1.772080000000000055e+01
1.603310000000000102e+01
1.772080000000000055e+01
1.622269999999999968e+01
1.772080000000000055e+01
1.732890000000000086e+01
1.772080000000000055e+01
1.700989999999999824e+01
1.695700000000000074e+01
1.603310000000000102e+01
1.603310000000000102e+01
1.772080000000000055e+01
1.772080000000000055e+01
1.728839999999999932e+01
1.772080000000000055e+01
