3.176569999999999894e+01
2.867780000000000129e+01
2.952789999999999893e+01
2.574439999999999884e+01
2.592220000000000013e+01
2.643860000000000099e+01
2.451689999999999969e+01
2.243700000000000117e+01
2.283470000000000155e+01
2.177929999999999922e+01
2.195789999999999864e+01
1.975309999999999988e+01
1.878650000000000020e+01
1.962580000000000169e+01
1.812950000000000017e+01
1.898939999999999984e+01
1.672490000000000165e+01
1.630859999999999843e+01
1.629650000000000176e+01
1.673049999999999926e+01
1.529770000000000074e+01
1.634359999999999857e+01
1.482189999999999941e+01
1.618489999999999895e+01
1.460899999999999999e+01
1.472359999999999935e+01
1.585629999999999917e+01
1.460679999999999978e+01
1.501360000000000028e+01
1.521279999999999966e+01
1.560219999999999985e+01
1.521449999999999925e+01
1.544030000000000058e+01
1.445250000000000057e+01
1.521959999999999980e+01
1.583440000000000047e+01
1.432629999999999981e+01
1.565249999999999986e+01
1.432629999999999981e+01
1.456840000000000046e+01
1.539559999999999995e+01
1.460820000000000007e+01
1.577720000000000056e+01
1.432629999999999981e+01
1.473780000000000001e+01
1.583440000000000047e+01
1.513320000000000043e+01
1.583440000000000047e+01
1.438439999999999941e+01
1.583440000000000047e+01
1.432629999999999981e+01
1.583440000000000047e+01
1.489080000000000048e+01
1.583440000000000047e+01
1.501789999999999914e+01
1.472589999999999932e+01
1.432629999999999981e+01
1.549140000000000050e+01
1.492130000000000045e+01
1.442880000000000074e+01
1.583440000000000047e+01
1.540029999999999966e+01
1.526009999999999955e+01
1.577510000000000012e+01
1.498789999999999978e+01
1.494480000000000075e+01
1.488299999999999912e+01
1.503550000000000075e+01
1.469800000000000040e+01
1.503049999999999997e+01
1.439540000000000042e+01
1.523450000000000060e+01
1.464039999999999964e+01
1.547860000000000014e+01
1.525189999999999912e+01
1.500189999999999912e+01
1.459670000000000023e+01
1.529879999999999995e+01
1.508220000000000027e+01
1.583440000000000047e+01
1.560130000000000017e+01
1.509820000000000029e+01
1.513589999999999947e+01
1.582429999999999914e+01
1.432629999999999981e+01
1.479550000000000054e+01
1.432629999999999981e+01
1.530569999999999986e+01
1.536989999999999945e+01
1.485560000000000080e+01
1.501120000000000054e+01
1.440509999999999913e+01
1.569829999999999970e+01
1.583440000000000047e+01
1.556320000000000014e+01
1.560079999999999956e+01
1.535139999999999993e+01
1.522180000000000000e+01
1.510929999999999929e+01
1.486120000000000019e+01
