3.083539999999999992e+01
3.020759999999999934e+01
2.833070000000000022e+01
2.854599999999999937e+01
2.823720000000000141e+01
2.741920000000000002e+01
2.619750000000000156e+01
2.503869999999999862e+01
2.334120000000000061e+01
2.251249999999999929e+01
2.151119999999999877e+01
2.093260000000000076e+01
2.222380000000000067e+01
2.068919999999999959e+01
2.033790000000000120e+01
2.062809999999999988e+01
1.891959999999999908e+01
1.943479999999999919e+01
1.910739999999999839e+01
1.826549999999999940e+01
1.693629999999999924e+01
1.783889999999999887e+01
1.680509999999999948e+01
1.717909999999999826e+01
1.709680000000000177e+01
1.658980000000000032e+01
1.711289999999999978e+01
1.694930000000000092e+01
1.538649999999999984e+01
1.592789999999999928e+01
1.663700000000000045e+01
1.518459999999999965e+01
1.642940000000000111e+01
1.629650000000000176e+01
1.657750000000000057e+01
1.518239999999999945e+01
1.657750000000000057e+01
1.499869999999999948e+01
1.499869999999999948e+01
1.499869999999999948e+01
1.571540000000000070e+01
1.499869999999999948e+01
1.634639999999999915e+01
1.614150000000000063e+01
1.499869999999999948e+01
1.657750000000000057e+01
1.657750000000000057e+01
1.657750000000000057e+01
1.657750000000000057e+01
1.499869999999999948e+01
1.533460000000000001e+01
1.592939999999999934e+01
1.601139999999999830e+01
1.657750000000000057e+01
1.584029999999999916e+01
1.613700000000000045e+01
1.657750000000000057e+01
1.535369999999999990e+01
1.534839999999999982e+01
1.657750000000000057e+01
1.603470000000000084e+01
1.602580000000000027e+01
1.600509999999999877e+01
1.631810000000000116e+01
1.499869999999999948e+01
1.646649999999999991e+01
1.562739999999999974e+01
1.499869999999999948e+01
1.647230000000000061e+01
1.641359999999999886e+01
1.657750000000000057e+01
1.598990000000000045e+01
1.543660000000000032e+01
1.499869999999999948e+01
1.657750000000000057e+01
1.499869999999999948e+01
1.616659999999999897e+01
1.657750000000000057e+01
1.614179999999999993e+01
1.602080000000000126e+01
1.657750000000000057e+01
1.657750000000000057e+01
1.618519999999999825e+01
1.657750000000000057e+01
1.499869999999999948e+01
1.657750000000000057e+01
1.531479999999999997e+01
1.569180000000000064e+01
1.558319999999999972e+01
1.657750000000000057e+01
1.499869999999999948e+01
1.517800000000000082e+01
1.657750000000000057e+01
1.657750000000000057e+01
1.515360000000000085e+01
1.581959999999999944e+01
1.583580000000000076e+01
1.518670000000000009e+01
1.507879999999999932e+01
1.499869999999999948e+01
