2.900910000000000011e+01
3.074380000000000024e+01
2.972279999999999944e+01
2.600600000000000023e+01
2.780580000000000140e+01
2.434700000000000131e+01
2.487549999999999883e+01
2.374749999999999872e+01
2.351849999999999952e+01
2.148140000000000072e+01
2.305499999999999972e+01
2.056629999999999825e+01
1.972820000000000107e+01
2.037140000000000128e+01
2.072129999999999939e+01
1.831419999999999959e+01
1.980450000000000088e+01
1.818990000000000151e+01
1.733289999999999864e+01
1.823819999999999908e+01
1.746130000000000138e+01
1.702799999999999869e+01
1.723100000000000165e+01
1.651330000000000098e+01
1.756380000000000052e+01
1.774159999999999826e+01
1.753519999999999968e+01
1.772080000000000055e+01
1.688479999999999848e+01
1.660320000000000107e+01
1.603310000000000102e+01
1.733119999999999905e+01
1.666179999999999950e+01
1.710379999999999967e+01
1.753879999999999839e+01
1.622439999999999927e+01
1.642340000000000089e+01
1.603310000000000102e+01
1.704009999999999891e+01
1.681250000000000000e+01
1.603359999999999985e+01
1.700069999999999837e+01
1.671559999999999846e+01
1.658889999999999887e+01
1.680420000000000158e+01
1.603310000000000102e+01
1.689189999999999969e+01
1.647009999999999863e+01
1.695390000000000086e+01
1.603310000000000102e+01
1.664470000000000027e+01
1.623000000000000043e+01
1.772080000000000055e+01
1.603310000000000102e+01
1.603310000000000102e+01
1.770840000000000103e+01
1.603310000000000102e+01
1.603310000000000102e+01
1.772080000000000055e+01
1.640729999999999933e+01
1.608630000000000138e+01
1.717800000000000082e+01
1.772080000000000055e+01
1.687829999999999941e+01
1.617770000000000152e+01
1.691979999999999862e+01
1.716280000000000072e+01
1.603310000000000102e+01
1.603310000000000102e+01
1.772080000000000055e+01
1.715879999999999939e+01
1.772080000000000055e+01
1.603310000000000102e+01
1.721320000000000050e+01
1.684580000000000055e+01
1.718159999999999954e+01
1.661710000000000065e+01
1.624719999999999942e+01
1.655920000000000059e+01
1.627139999999999986e+01
1.741049999999999898e+01
1.603310000000000102e+01
1.755480000000000018e+01
1.758249999999999957e+01
1.663100000000000023e+01
1.603310000000000102e+01
1.722449999999999903e+01
1.690149999999999864e+01
1.603310000000000102e+01
1.695990000000000109e+01
1.767839999999999989e+01
1.626389999999999958e+01
1.683220000000000027e+01
1.646320000000000050e+01
1.651429999999999865e+01
1.737199999999999989e+01
1.603310000000000102e+01
1.689720000000000155e+01
1.689460000000000051e+01
1.662180000000000035e+01
