2.936599999999999966e+01
2.831980000000000075e+01
2.804390000000000072e+01
2.802459999999999951e+01
2.588090000000000046e+01
2.614620000000000033e+01
2.515850000000000009e+01
2.390520000000000067e+01
2.179339999999999833e+01
2.107750000000000057e+01
2.104009999999999891e+01
2.182959999999999923e+01
1.973519999999999897e+01
1.881660000000000110e+01
1.838830000000000098e+01
1.884299999999999997e+01
1.825080000000000169e+01
1.660780000000000101e+01
1.780740000000000123e+01
1.583960000000000079e+01
1.609420000000000073e+01
1.521100000000000030e+01
1.563770000000000060e+01
1.623250000000000171e+01
1.547460000000000058e+01
1.437289999999999957e+01
1.532450000000000045e+01
1.481119999999999948e+01
1.411100000000000065e+01
1.465520000000000067e+01
1.527069999999999972e+01
1.458360000000000056e+01
1.409360000000000035e+01
1.537940000000000040e+01
1.409360000000000035e+01
1.445100000000000051e+01
1.555349999999999966e+01
1.445049999999999990e+01
1.438180000000000014e+01
1.409360000000000035e+01
1.543810000000000038e+01
1.557709999999999972e+01
1.532620000000000005e+01
1.442350000000000065e+01
1.500329999999999941e+01
1.476629999999999932e+01
1.436930000000000085e+01
1.465569999999999951e+01
1.512049999999999983e+01
1.549499999999999922e+01
1.431470000000000020e+01
1.530930000000000035e+01
1.418009999999999948e+01
1.411780000000000079e+01
1.482240000000000002e+01
1.409360000000000035e+01
1.540049999999999919e+01
1.426600000000000001e+01
1.421129999999999960e+01
1.431799999999999962e+01
1.517709999999999937e+01
1.540540000000000020e+01
1.557709999999999972e+01
1.557709999999999972e+01
1.527410000000000068e+01
1.477089999999999925e+01
1.482319999999999993e+01
1.467880000000000074e+01
1.446100000000000030e+01
1.500000000000000000e+01
1.409360000000000035e+01
1.490099999999999980e+01
1.409360000000000035e+01
1.505819999999999936e+01
1.451200000000000045e+01
1.518779999999999930e+01
1.557709999999999972e+01
1.527319999999999922e+01
1.488059999999999938e+01
1.409360000000000035e+01
1.496519999999999939e+01
1.498540000000000028e+01
1.436059999999999981e+01
1.557709999999999972e+01
1.409360000000000035e+01
1.557709999999999972e+01
1.539090000000000025e+01
1.500339999999999918e+01
1.492489999999999917e+01
1.484329999999999927e+01
1.459989999999999988e+01
1.529579999999999984e+01
1.555119999999999969e+01
1.409360000000000035e+01
1.475830000000000020e+01
1.409360000000000035e+01
1.486669999999999980e+01
1.462079999999999913e+01
1.409360000000000035e+01
1.409360000000000035e+01
