2.877730000000000032e+01
2.792109999999999914e+01
2.939160000000000039e+01
2.874109999999999943e+01
2.651259999999999906e+01
2.679739999999999966e+01
2.653989999999999938e+01
2.330499999999999972e+01
2.353910000000000124e+01
2.358770000000000167e+01
2.133200000000000074e+01
2.279710000000000036e+01
2.014069999999999894e+01
2.078800000000000026e+01
2.067530000000000001e+01
1.940850000000000009e+01
1.926330000000000098e+01
1.889519999999999911e+01
1.896920000000000073e+01
1.720439999999999969e+01
1.751920000000000144e+01
1.769369999999999976e+01
1.688060000000000116e+01
1.698049999999999926e+01
1.646969999999999956e+01
1.586650000000000027e+01
1.597409999999999997e+01
1.573990000000000045e+01
1.567750000000000021e+01
1.458189999999999920e+01
1.470609999999999928e+01
1.497610000000000063e+01
1.481310000000000038e+01
1.506029999999999980e+01
1.358880000000000088e+01
1.429509999999999970e+01
1.500549999999999962e+01
1.386379999999999946e+01
1.419170000000000087e+01
1.357639999999999958e+01
1.482029999999999959e+01
1.357639999999999958e+01
1.400660000000000061e+01
1.500549999999999962e+01
1.419369999999999976e+01
1.483370000000000033e+01
1.489589999999999925e+01
1.422180000000000000e+01
1.369630000000000081e+01
1.453320000000000078e+01
1.497799999999999976e+01
1.394609999999999950e+01
1.357639999999999958e+01
1.371340000000000003e+01
1.436539999999999928e+01
1.500549999999999962e+01
1.490670000000000073e+01
1.468880000000000052e+01
1.491239999999999988e+01
1.500549999999999962e+01
1.500549999999999962e+01
1.469089999999999918e+01
1.478870000000000040e+01
1.500549999999999962e+01
1.475660000000000061e+01
1.445190000000000019e+01
1.498060000000000080e+01
1.500549999999999962e+01
1.399639999999999951e+01
1.481230000000000047e+01
1.357639999999999958e+01
1.359960000000000058e+01
1.495899999999999963e+01
1.457019999999999982e+01
1.414409999999999989e+01
1.389359999999999928e+01
1.357639999999999958e+01
1.500549999999999962e+01
1.357639999999999958e+01
1.447560000000000002e+01
1.399879999999999924e+01
1.384220000000000006e+01
1.357639999999999958e+01
1.357639999999999958e+01
1.474200000000000088e+01
1.357639999999999958e+01
1.409130000000000038e+01
1.357639999999999958e+01
1.389579999999999949e+01
1.357639999999999958e+01
1.451350000000000051e+01
1.425919999999999987e+01
1.438490000000000002e+01
1.360360000000000014e+01
1.448109999999999964e+01
1.414669999999999916e+01
1.500549999999999962e+01
1.357639999999999958e+01
1.391830000000000034e+01
1.500549999999999962e+01
