3.149099999999999966e+01
3.065780000000000172e+01
2.719239999999999924e+01
2.849030000000000129e+01
2.532920000000000016e+01
2.521979999999999933e+01
2.312959999999999994e+01
2.232560000000000144e+01
2.339020000000000010e+01
2.254390000000000072e+01
2.136860000000000070e+01
2.155450000000000088e+01
1.935429999999999851e+01
1.863179999999999836e+01
1.855399999999999849e+01
1.854520000000000124e+01
1.743479999999999919e+01
1.741649999999999920e+01
1.776150000000000162e+01
1.660460000000000136e+01
1.544239999999999924e+01
1.582230000000000025e+01
1.583639999999999937e+01
1.635259999999999891e+01
1.467179999999999929e+01
1.609260000000000090e+01
1.450109999999999921e+01
1.522080000000000055e+01
1.564860000000000007e+01
1.495170000000000066e+01
1.562420000000000009e+01
1.599590000000000067e+01
1.534210000000000029e+01
1.595599999999999952e+01
1.568779999999999930e+01
1.600590000000000046e+01
1.527820000000000000e+01
1.479720000000000013e+01
1.590809999999999924e+01
1.600590000000000046e+01
1.480819999999999936e+01
1.508239999999999981e+01
1.476340000000000074e+01
1.470390000000000086e+01
1.452660000000000018e+01
1.448150000000000048e+01
1.584980000000000011e+01
1.448150000000000048e+01
1.587979999999999947e+01
1.448150000000000048e+01
1.526169999999999938e+01
1.513310000000000066e+01
1.462010000000000076e+01
1.456400000000000006e+01
1.493640000000000079e+01
1.494950000000000045e+01
1.501329999999999920e+01
1.448150000000000048e+01
1.600590000000000046e+01
1.448150000000000048e+01
1.600590000000000046e+01
1.448150000000000048e+01
1.523370000000000068e+01
1.480610000000000070e+01
1.490629999999999988e+01
1.600590000000000046e+01
1.480480000000000018e+01
1.600590000000000046e+01
1.592350000000000065e+01
1.546090000000000053e+01
1.495609999999999928e+01
1.448150000000000048e+01
1.600590000000000046e+01
1.542660000000000053e+01
1.481450000000000067e+01
1.600590000000000046e+01
1.448150000000000048e+01
1.493089999999999939e+01
1.600590000000000046e+01
1.454269999999999996e+01
1.506189999999999962e+01
1.467670000000000030e+01
1.558820000000000050e+01
1.542769999999999975e+01
1.448150000000000048e+01
1.536960000000000015e+01
1.600590000000000046e+01
1.448150000000000048e+01
1.600590000000000046e+01
1.448150000000000048e+01
1.521000000000000085e+01
1.538499999999999979e+01
1.493590000000000018e+01
1.580819999999999936e+01
1.448150000000000048e+01
1.493870000000000076e+01
1.600590000000000046e+01
1.600590000000000046e+01
1.528480000000000061e+01
1.527829999999999977e+01
