3.079889999999999972e+01
3.080720000000000169e+01
2.699769999999999825e+01
2.870850000000000080e+01
2.533279999999999887e+01
2.454339999999999833e+01
2.438179999999999836e+01
2.522569999999999979e+01
2.399070000000000036e+01
2.187750000000000128e+01
2.291860000000000142e+01
2.255839999999999890e+01
2.066679999999999851e+01
2.006619999999999848e+01
1.903490000000000038e+01
1.822840000000000060e+01
1.951470000000000127e+01
1.870019999999999882e+01
1.867200000000000060e+01
1.809100000000000108e+01
1.635429999999999851e+01
1.602420000000000044e+01
1.551909999999999989e+01
1.524319999999999986e+01
1.499920000000000009e+01
1.630489999999999995e+01
1.504119999999999990e+01
1.595940000000000047e+01
1.477660000000000018e+01
1.525990000000000002e+01
1.413809999999999967e+01
1.492140000000000022e+01
1.541610000000000014e+01
1.495129999999999981e+01
1.540470000000000006e+01
1.453459999999999930e+01
1.472819999999999929e+01
1.556279999999999930e+01
1.556279999999999930e+01
1.517600000000000016e+01
1.489140000000000086e+01
1.556279999999999930e+01
1.408070000000000022e+01
1.534779999999999944e+01
1.463770000000000060e+01
1.523339999999999961e+01
1.521449999999999925e+01
1.446100000000000030e+01
1.508419999999999916e+01
1.408070000000000022e+01
1.435909999999999975e+01
1.480310000000000059e+01
1.408070000000000022e+01
1.450619999999999976e+01
1.408070000000000022e+01
1.408070000000000022e+01
1.442140000000000022e+01
1.503470000000000084e+01
1.545640000000000036e+01
1.534880000000000067e+01
1.532019999999999982e+01
1.450890000000000057e+01
1.408070000000000022e+01
1.535570000000000057e+01
1.556279999999999930e+01
1.478340000000000032e+01
1.517730000000000068e+01
1.556279999999999930e+01
1.431589999999999918e+01
1.537470000000000070e+01
1.549910000000000032e+01
1.484839999999999982e+01
1.459980000000000011e+01
1.514400000000000013e+01
1.456630000000000003e+01
1.431470000000000020e+01
1.429349999999999987e+01
1.552759999999999962e+01
1.543619999999999948e+01
1.524549999999999983e+01
1.515099999999999980e+01
1.503459999999999930e+01
1.434409999999999918e+01
1.556279999999999930e+01
1.408070000000000022e+01
1.498160000000000025e+01
1.408070000000000022e+01
1.408070000000000022e+01
1.465729999999999933e+01
1.434220000000000006e+01
1.513160000000000061e+01
1.480489999999999995e+01
1.492229999999999990e+01
1.463250000000000028e+01
1.512240000000000073e+01
1.408070000000000022e+01
1.556279999999999930e+01
1.451709999999999923e+01
1.455049999999999955e+01
1.417409999999999926e+01
