3.180649999999999977e+01
2.918740000000000023e+01
2.708589999999999876e+01
2.682880000000000109e+01
2.549690000000000012e+01
2.734519999999999840e+01
2.432400000000000162e+01
2.330570000000000164e+01
2.330170000000000030e+01
2.400349999999999895e+01
2.215729999999999933e+01
2.082720000000000127e+01
2.088889999999999958e+01
2.168009999999999948e+01
2.026610000000000156e+01
1.892530000000000001e+01
1.811599999999999966e+01
1.874480000000000146e+01
1.751119999999999877e+01
1.684750000000000014e+01
1.778900000000000148e+01
1.782770000000000010e+01
1.654060000000000130e+01
1.714789999999999992e+01
1.685050000000000026e+01
1.557840000000000025e+01
1.497119999999999962e+01
1.548969999999999914e+01
1.559980000000000011e+01
1.532300000000000040e+01
1.490620000000000012e+01
1.419469999999999921e+01
1.441539999999999999e+01
1.421369999999999933e+01
1.543420000000000059e+01
1.418019999999999925e+01
1.500249999999999950e+01
1.482970000000000077e+01
1.518369999999999997e+01
1.474380000000000024e+01
1.409350000000000058e+01
1.467549999999999955e+01
1.543420000000000059e+01
1.410519999999999996e+01
1.418989999999999974e+01
1.529470000000000063e+01
1.543420000000000059e+01
1.396429999999999971e+01
1.451449999999999996e+01
1.543420000000000059e+01
1.489659999999999940e+01
1.543420000000000059e+01
1.402459999999999951e+01
1.469599999999999973e+01
1.436720000000000041e+01
1.543420000000000059e+01
1.449569999999999936e+01
1.396429999999999971e+01
1.470049999999999990e+01
1.497090000000000032e+01
1.510340000000000060e+01
1.402309999999999945e+01
1.543420000000000059e+01
1.529959999999999987e+01
1.396429999999999971e+01
1.478260000000000041e+01
1.399200000000000088e+01
1.396429999999999971e+01
1.543420000000000059e+01
1.478190000000000026e+01
1.518549999999999933e+01
1.487720000000000020e+01
1.435350000000000037e+01
1.396429999999999971e+01
1.500960000000000072e+01
1.397910000000000075e+01
1.512299999999999933e+01
1.457990000000000030e+01
1.503580000000000005e+01
1.467779999999999951e+01
1.468689999999999962e+01
1.543420000000000059e+01
1.543420000000000059e+01
1.535069999999999979e+01
1.456290000000000084e+01
1.532910000000000039e+01
1.396429999999999971e+01
1.396429999999999971e+01
1.460369999999999990e+01
1.521780000000000044e+01
1.396429999999999971e+01
1.396429999999999971e+01
1.489289999999999914e+01
1.474629999999999974e+01
1.396429999999999971e+01
1.418539999999999957e+01
1.396429999999999971e+01
1.401120000000000054e+01
1.543420000000000059e+01
1.534720000000000084e+01
