3.180649999999999977e+01
2.851999999999999957e+01
2.773829999999999885e+01
2.895149999999999935e+01
2.841319999999999979e+01
2.616659999999999897e+01
2.610170000000000101e+01
2.366460000000000008e+01
2.307590000000000074e+01
2.242670000000000030e+01
2.184479999999999933e+01
2.205039999999999978e+01
2.294020000000000081e+01
2.024790000000000134e+01
1.976510000000000034e+01
2.024309999999999832e+01
2.075730000000000075e+01
1.903940000000000055e+01
1.946420000000000172e+01
1.772240000000000038e+01
1.777439999999999998e+01
1.883879999999999910e+01
1.856180000000000163e+01
1.716519999999999868e+01
1.629879999999999995e+01
1.778190000000000026e+01
1.591269999999999918e+01
1.574169999999999980e+01
1.606940000000000168e+01
1.662590000000000146e+01
1.687209999999999965e+01
1.624409999999999954e+01
1.530840000000000067e+01
1.690619999999999834e+01
1.529609999999999914e+01
1.529609999999999914e+01
1.690619999999999834e+01
1.679269999999999996e+01
1.684979999999999833e+01
1.542109999999999914e+01
1.550489999999999924e+01
1.662539999999999907e+01
1.682819999999999894e+01
1.529609999999999914e+01
1.529609999999999914e+01
1.690619999999999834e+01
1.663739999999999952e+01
1.529609999999999914e+01
1.529609999999999914e+01
1.660190000000000055e+01
1.529609999999999914e+01
1.548520000000000074e+01
1.669409999999999883e+01
1.690619999999999834e+01
1.601630000000000109e+01
1.678839999999999932e+01
1.671930000000000049e+01
1.553710000000000058e+01
1.529609999999999914e+01
1.529609999999999914e+01
1.529609999999999914e+01
1.552529999999999966e+01
1.529609999999999914e+01
1.556209999999999916e+01
1.602410000000000068e+01
1.565090000000000003e+01
1.690619999999999834e+01
1.536950000000000038e+01
1.532000000000000028e+01
1.529609999999999914e+01
1.529609999999999914e+01
1.658259999999999934e+01
1.690619999999999834e+01
1.529609999999999914e+01
1.595640000000000036e+01
1.626849999999999952e+01
1.529609999999999914e+01
1.604489999999999839e+01
1.676829999999999998e+01
1.595219999999999949e+01
1.530560000000000009e+01
1.690619999999999834e+01
1.647640000000000171e+01
1.664369999999999905e+01
1.690619999999999834e+01
1.529609999999999914e+01
1.645990000000000109e+01
1.672540000000000049e+01
1.565649999999999942e+01
1.690619999999999834e+01
1.685470000000000113e+01
1.690619999999999834e+01
1.628320000000000078e+01
1.631080000000000041e+01
1.612310000000000088e+01
1.624609999999999843e+01
1.628729999999999833e+01
1.663680000000000092e+01
1.656319999999999837e+01
1.690619999999999834e+01
