2.877730000000000032e+01
2.883040000000000092e+01
2.867630000000000123e+01
2.640139999999999887e+01
2.664989999999999881e+01
2.465950000000000131e+01
2.542289999999999850e+01
2.506259999999999977e+01
2.197589999999999932e+01
2.126620000000000132e+01
2.061710000000000065e+01
2.000509999999999877e+01
1.971199999999999974e+01
2.078430000000000177e+01
1.866250000000000142e+01
1.981510000000000105e+01
1.754879999999999995e+01
1.794590000000000174e+01
1.730130000000000123e+01
1.698819999999999908e+01
1.693840000000000146e+01
1.738119999999999976e+01
1.646140000000000114e+01
1.593779999999999930e+01
1.635010000000000119e+01
1.577120000000000033e+01
1.688380000000000081e+01
1.525730000000000075e+01
1.625169999999999959e+01
1.548620000000000019e+01
1.584680000000000000e+01
1.583569999999999922e+01
1.686329999999999885e+01
1.525730000000000075e+01
1.534580000000000055e+01
1.537650000000000006e+01
1.601010000000000133e+01
1.625789999999999935e+01
1.591140000000000043e+01
1.615480000000000160e+01
1.641989999999999839e+01
1.638680000000000092e+01
1.686329999999999885e+01
1.663200000000000145e+01
1.528400000000000070e+01
1.636400000000000077e+01
1.628640000000000043e+01
1.686329999999999885e+01
1.680430000000000135e+01
1.678300000000000125e+01
1.525730000000000075e+01
1.639029999999999987e+01
1.607389999999999830e+01
1.598140000000000072e+01
1.649230000000000018e+01
1.686329999999999885e+01
1.597189999999999976e+01
1.568570000000000064e+01
1.566280000000000072e+01
1.525730000000000075e+01
1.629040000000000177e+01
1.525730000000000075e+01
1.634369999999999834e+01
1.525730000000000075e+01
1.525730000000000075e+01
1.686329999999999885e+01
1.525730000000000075e+01
1.525730000000000075e+01
1.571279999999999966e+01
1.635760000000000147e+01
1.531630000000000003e+01
1.525730000000000075e+01
1.686329999999999885e+01
1.525730000000000075e+01
1.586839999999999939e+01
1.597739999999999938e+01
1.525730000000000075e+01
1.525730000000000075e+01
1.665190000000000126e+01
1.580710000000000015e+01
1.581209999999999916e+01
1.539899999999999913e+01
1.686329999999999885e+01
1.686329999999999885e+01
1.640319999999999823e+01
1.525730000000000075e+01
1.527079999999999949e+01
1.525730000000000075e+01
1.686329999999999885e+01
1.630089999999999861e+01
1.525730000000000075e+01
1.621049999999999969e+01
1.543709999999999916e+01
1.525730000000000075e+01
1.538530000000000086e+01
1.560619999999999941e+01
1.525730000000000075e+01
1.541690000000000005e+01
1.584970000000000034e+01
1.586129999999999995e+01
