3.172739999999999938e+01
2.789780000000000015e+01
2.989320000000000022e+01
2.622250000000000014e+01
2.562480000000000047e+01
2.601409999999999911e+01
2.440810000000000102e+01
2.564979999999999905e+01
2.262650000000000006e+01
2.326569999999999894e+01
2.272800000000000153e+01
2.281060000000000088e+01
2.152110000000000056e+01
2.157620000000000005e+01
2.056729999999999947e+01
1.966229999999999833e+01
1.936809999999999832e+01
1.906200000000000117e+01
1.903020000000000067e+01
1.861360000000000170e+01
1.668789999999999907e+01
1.617070000000000007e+01
1.606980000000000075e+01
1.619610000000000127e+01
1.699340000000000117e+01
1.612630000000000052e+01
1.597209999999999930e+01
1.627619999999999933e+01
1.625270000000000081e+01
1.529349999999999987e+01
1.453730000000000011e+01
1.497530000000000072e+01
1.600590000000000046e+01
1.600590000000000046e+01
1.459070000000000000e+01
1.468420000000000059e+01
1.590530000000000044e+01
1.477270000000000039e+01
1.507499999999999929e+01
1.539639999999999986e+01
1.448150000000000048e+01
1.493379999999999974e+01
1.533380000000000010e+01
1.454560000000000031e+01
1.573090000000000011e+01
1.481840000000000046e+01
1.461100000000000065e+01
1.578159999999999918e+01
1.600590000000000046e+01
1.600590000000000046e+01
1.485260000000000069e+01
1.600590000000000046e+01
1.565750000000000064e+01
1.600590000000000046e+01
1.600590000000000046e+01
1.526239999999999952e+01
1.596429999999999971e+01
1.458270000000000088e+01
1.542660000000000053e+01
1.553989999999999938e+01
1.448150000000000048e+01
1.541660000000000075e+01
1.448150000000000048e+01
1.586650000000000027e+01
1.543379999999999974e+01
1.484800000000000075e+01
1.528369999999999962e+01
1.448150000000000048e+01
1.448150000000000048e+01
1.482060000000000066e+01
1.577590000000000003e+01
1.448150000000000048e+01
1.558500000000000085e+01
1.585909999999999975e+01
1.600590000000000046e+01
1.493709999999999916e+01
1.448150000000000048e+01
1.600590000000000046e+01
1.587030000000000030e+01
1.506489999999999974e+01
1.490029999999999966e+01
1.459839999999999982e+01
1.506540000000000035e+01
1.568650000000000055e+01
1.448150000000000048e+01
1.600590000000000046e+01
1.448150000000000048e+01
1.600590000000000046e+01
1.573109999999999964e+01
1.524629999999999974e+01
1.575699999999999967e+01
1.600590000000000046e+01
1.506429999999999936e+01
1.600590000000000046e+01
1.507670000000000066e+01
1.546969999999999956e+01
1.530240000000000045e+01
1.600590000000000046e+01
1.534360000000000035e+01
1.448150000000000048e+01
