3.084959999999999880e+01
2.858010000000000161e+01
2.967960000000000065e+01
2.870649999999999835e+01
2.687430000000000163e+01
2.676970000000000027e+01
2.457920000000000016e+01
2.324500000000000099e+01
2.429129999999999967e+01
2.352100000000000080e+01
2.249849999999999994e+01
1.998900000000000077e+01
2.119699999999999918e+01
1.883310000000000173e+01
1.918909999999999982e+01
1.947019999999999840e+01
1.844249999999999901e+01
1.857239999999999824e+01
1.749210000000000065e+01
1.788459999999999894e+01
1.752769999999999939e+01
1.693609999999999971e+01
1.589070000000000071e+01
1.601249999999999929e+01
1.490649999999999942e+01
1.564579999999999949e+01
1.483089999999999975e+01
1.500200000000000067e+01
1.449849999999999994e+01
1.492759999999999998e+01
1.448150000000000048e+01
1.600590000000000046e+01
1.480259999999999998e+01
1.575929999999999964e+01
1.458419999999999916e+01
1.499080000000000013e+01
1.448150000000000048e+01
1.582569999999999943e+01
1.528219999999999956e+01
1.507579999999999920e+01
1.518299999999999983e+01
1.520899999999999963e+01
1.600590000000000046e+01
1.547560000000000002e+01
1.600590000000000046e+01
1.448150000000000048e+01
1.506750000000000078e+01
1.448150000000000048e+01
1.564669999999999916e+01
1.593260000000000076e+01
1.506290000000000084e+01
1.574590000000000067e+01
1.500140000000000029e+01
1.520299999999999940e+01
1.600590000000000046e+01
1.597569999999999979e+01
1.600590000000000046e+01
1.559689999999999976e+01
1.600590000000000046e+01
1.581240000000000023e+01
1.534079999999999977e+01
1.448150000000000048e+01
1.456670000000000087e+01
1.475360000000000049e+01
1.517389999999999972e+01
1.600590000000000046e+01
1.448150000000000048e+01
1.494640000000000057e+01
1.600590000000000046e+01
1.448150000000000048e+01
1.493040000000000056e+01
1.588909999999999911e+01
1.537850000000000072e+01
1.517130000000000045e+01
1.448150000000000048e+01
1.554049999999999976e+01
1.529630000000000045e+01
1.591890000000000072e+01
1.467839999999999989e+01
1.448830000000000062e+01
1.600590000000000046e+01
1.572940000000000005e+01
1.593440000000000012e+01
1.600590000000000046e+01
1.448150000000000048e+01
1.482990000000000030e+01
1.531780000000000008e+01
1.448150000000000048e+01
1.496560000000000024e+01
1.448150000000000048e+01
1.515399999999999991e+01
1.553720000000000034e+01
1.600590000000000046e+01
1.480710000000000015e+01
1.489899999999999913e+01
1.517619999999999969e+01
1.463770000000000060e+01
1.495379999999999932e+01
1.448150000000000048e+01
1.600590000000000046e+01
