5.981289999999999907e+01
5.621379999999999910e+01
5.391550000000000153e+01
5.662830000000000297e+01
5.418710000000000093e+01
5.045819999999999794e+01
5.341360000000000241e+01
5.224439999999999884e+01
4.861149999999999949e+01
5.163940000000000197e+01
5.068269999999999698e+01
4.801509999999999678e+01
4.799750000000000227e+01
4.342410000000000281e+01
4.655259999999999820e+01
4.194030000000000058e+01
4.228860000000000241e+01
4.155190000000000339e+01
4.193999999999999773e+01
4.109309999999999974e+01
4.177150000000000318e+01
3.972399999999999665e+01
4.013580000000000325e+01
4.014849999999999852e+01
3.760849999999999937e+01
3.638620000000000232e+01
3.801219999999999999e+01
3.534579999999999700e+01
3.497489999999999810e+01
3.563859999999999673e+01
3.436899999999999977e+01
3.696070000000000277e+01
3.732019999999999982e+01
3.493630000000000280e+01
3.516259999999999764e+01
3.412230000000000274e+01
3.646990000000000265e+01
3.467289999999999850e+01
3.277669999999999817e+01
3.472090000000000032e+01
3.352020000000000266e+01
3.270649999999999835e+01
3.600050000000000239e+01
3.506519999999999726e+01
3.412360000000000326e+01
3.265310000000000201e+01
3.373870000000000147e+01
3.432780000000000342e+01
3.523530000000000229e+01
3.389549999999999841e+01
3.408160000000000167e+01
3.305749999999999744e+01
3.513810000000000144e+01
3.299210000000000065e+01
3.265310000000000201e+01
3.350619999999999976e+01
3.609020000000000294e+01
3.316299999999999670e+01
3.400410000000000110e+01
3.265310000000000201e+01
3.609020000000000294e+01
3.384629999999999939e+01
3.288459999999999894e+01
3.609020000000000294e+01
3.332750000000000057e+01
3.321719999999999828e+01
3.589470000000000027e+01
3.507469999999999999e+01
3.503659999999999997e+01
3.265310000000000201e+01
3.609020000000000294e+01
3.373420000000000130e+01
3.265310000000000201e+01
3.391159999999999997e+01
3.572549999999999670e+01
3.412789999999999679e+01
3.308070000000000022e+01
3.265310000000000201e+01
3.265310000000000201e+01
3.265310000000000201e+01
3.419899999999999807e+01
3.506459999999999866e+01
3.506430000000000291e+01
3.265310000000000201e+01
3.551160000000000139e+01
3.609020000000000294e+01
3.457959999999999923e+01
3.576050000000000040e+01
3.265310000000000201e+01
3.366669999999999874e+01
3.463179999999999836e+01
3.265310000000000201e+01
3.503920000000000101e+01
3.265310000000000201e+01
3.558370000000000033e+01
3.370879999999999654e+01
3.265310000000000201e+01
3.609020000000000294e+01
3.452069999999999794e+01
3.541819999999999879e+01
