5.836899999999999977e+01
5.795720000000000027e+01
5.548109999999999786e+01
5.730210000000000292e+01
5.592660000000000053e+01
5.136039999999999850e+01
5.037689999999999912e+01
5.147789999999999822e+01
4.640240000000000009e+01
4.539350000000000307e+01
4.849600000000000222e+01
4.745409999999999684e+01
4.497249999999999659e+01
4.574629999999999797e+01
4.518339999999999890e+01
4.008370000000000033e+01
4.084270000000000067e+01
3.951509999999999678e+01
3.790670000000000073e+01
3.725189999999999912e+01
3.945239999999999725e+01
3.604829999999999757e+01
3.580160000000000053e+01
3.638360000000000127e+01
3.813000000000000256e+01
3.505279999999999774e+01
3.420709999999999695e+01
3.377029999999999887e+01
3.456689999999999685e+01
3.542980000000000018e+01
3.352289999999999992e+01
3.553920000000000101e+01
3.195980000000000132e+01
3.278499999999999659e+01
3.501100000000000279e+01
3.392860000000000298e+01
3.485450000000000159e+01
3.483489999999999753e+01
3.309539999999999793e+01
3.440659999999999741e+01
3.348940000000000339e+01
3.356269999999999953e+01
3.246240000000000236e+01
3.244610000000000127e+01
3.151729999999999876e+01
3.344100000000000250e+01
3.483489999999999753e+01
3.255019999999999669e+01
3.303990000000000293e+01
3.243480000000000274e+01
3.292410000000000281e+01
3.151729999999999876e+01
3.395179999999999865e+01
3.180219999999999914e+01
3.271529999999999916e+01
3.384219999999999828e+01
3.233440000000000225e+01
3.336090000000000089e+01
3.301709999999999923e+01
3.256900000000000261e+01
3.483489999999999753e+01
3.380100000000000193e+01
3.464929999999999666e+01
3.151729999999999876e+01
3.430230000000000246e+01
3.238170000000000215e+01
3.182160000000000011e+01
3.151729999999999876e+01
3.483489999999999753e+01
3.351489999999999725e+01
3.315899999999999892e+01
3.151729999999999876e+01
3.329939999999999856e+01
3.356269999999999953e+01
3.182910000000000039e+01
3.151729999999999876e+01
3.151729999999999876e+01
3.483489999999999753e+01
3.189150000000000063e+01
3.483489999999999753e+01
3.483489999999999753e+01
3.310660000000000025e+01
3.151729999999999876e+01
3.429180000000000206e+01
3.325240000000000151e+01
3.483489999999999753e+01
3.151729999999999876e+01
3.480040000000000333e+01
3.261990000000000123e+01
3.285629999999999740e+01
3.186489999999999867e+01
3.254410000000000025e+01
3.261220000000000141e+01
3.151729999999999876e+01
3.334770000000000323e+01
3.234279999999999688e+01
3.381369999999999720e+01
3.483489999999999753e+01
3.381989999999999696e+01
3.205590000000000117e+01
