5.574759999999999849e+01
5.449009999999999820e+01
5.326219999999999999e+01
5.532809999999999917e+01
5.625260000000000105e+01
5.370199999999999818e+01
5.376729999999999876e+01
5.257370000000000232e+01
5.076449999999999818e+01
4.831909999999999883e+01
4.450430000000000064e+01
4.806419999999999959e+01
4.709609999999999985e+01
4.609870000000000090e+01
4.303110000000000213e+01
4.299090000000000344e+01
4.330270000000000152e+01
3.962919999999999732e+01
3.932719999999999771e+01
4.034140000000000015e+01
3.807419999999999760e+01
3.658270000000000266e+01
3.859360000000000213e+01
3.570170000000000243e+01
3.675690000000000168e+01
3.581230000000000047e+01
3.351149999999999807e+01
3.366060000000000230e+01
3.465390000000000015e+01
3.408930000000000149e+01
3.414609999999999701e+01
3.373740000000000094e+01
3.153249999999999886e+01
3.200339999999999918e+01
3.169539999999999935e+01
2.934080000000000155e+01
2.983230000000000004e+01
3.042330000000000112e+01
2.876379999999999981e+01
3.063670000000000115e+01
3.153000000000000114e+01
2.845309999999999917e+01
2.991629999999999967e+01
3.113100000000000023e+01
2.970789999999999864e+01
2.876889999999999858e+01
2.839399999999999835e+01
2.995400000000000063e+01
3.138279999999999959e+01
3.043489999999999895e+01
2.839399999999999835e+01
2.839399999999999835e+01
3.015080000000000027e+01
3.031370000000000076e+01
3.017909999999999826e+01
2.945619999999999905e+01
3.113459999999999894e+01
3.126289999999999836e+01
2.851150000000000162e+01
2.880409999999999826e+01
3.055910000000000082e+01
3.138279999999999959e+01
2.958650000000000091e+01
2.913660000000000139e+01
3.024980000000000047e+01
3.138279999999999959e+01
2.839399999999999835e+01
3.087109999999999843e+01
3.138279999999999959e+01
2.839399999999999835e+01
3.079350000000000165e+01
2.839399999999999835e+01
3.138279999999999959e+01
3.064310000000000045e+01
3.138279999999999959e+01
2.965409999999999968e+01
2.973089999999999833e+01
3.121559999999999846e+01
3.013639999999999830e+01
3.014310000000000045e+01
3.138279999999999959e+01
3.082860000000000156e+01
2.915409999999999968e+01
3.138279999999999959e+01
3.016209999999999880e+01
3.049080000000000013e+01
2.904609999999999914e+01
2.978869999999999862e+01
3.060399999999999920e+01
3.138279999999999959e+01
3.068469999999999942e+01
2.922790000000000177e+01
2.915139999999999887e+01
3.029510000000000147e+01
2.955570000000000164e+01
2.839399999999999835e+01
2.942139999999999844e+01
2.928910000000000124e+01
3.138279999999999959e+01
2.997860000000000014e+01
