6.161569999999999681e+01
5.744729999999999848e+01
5.663799999999999812e+01
5.149170000000000158e+01
5.211280000000000001e+01
5.038300000000000267e+01
4.889529999999999887e+01
4.856400000000000006e+01
4.519780000000000086e+01
4.660399999999999920e+01
4.748199999999999932e+01
4.410040000000000049e+01
4.250719999999999743e+01
4.410320000000000107e+01
3.909329999999999927e+01
4.180290000000000106e+01
3.838060000000000116e+01
3.822500000000000142e+01
3.560699999999999932e+01
3.529800000000000182e+01
3.776509999999999678e+01
3.703629999999999711e+01
3.355720000000000169e+01
3.571130000000000138e+01
3.284069999999999823e+01
3.263089999999999691e+01
3.345879999999999654e+01
3.215480000000000160e+01
3.229930000000000234e+01
3.274119999999999919e+01
3.115159999999999840e+01
3.033899999999999864e+01
2.977850000000000108e+01
2.871369999999999933e+01
2.924769999999999825e+01
2.874490000000000123e+01
3.044330000000000069e+01
3.025090000000000146e+01
3.125740000000000052e+01
2.954980000000000118e+01
3.047530000000000072e+01
3.138279999999999959e+01
3.101460000000000150e+01
3.055880000000000152e+01
3.060399999999999920e+01
3.067449999999999832e+01
2.996689999999999898e+01
3.138279999999999959e+01
3.138279999999999959e+01
2.863589999999999947e+01
2.956520000000000081e+01
3.138279999999999959e+01
2.839399999999999835e+01
3.053729999999999833e+01
2.839399999999999835e+01
2.870390000000000086e+01
3.092559999999999931e+01
2.960579999999999856e+01
2.881340000000000146e+01
2.932310000000000016e+01
2.986169999999999902e+01
2.904019999999999868e+01
3.138279999999999959e+01
2.940210000000000079e+01
3.094930000000000092e+01
3.134369999999999834e+01
2.974569999999999936e+01
3.014570000000000149e+01
3.138279999999999959e+01
2.839399999999999835e+01
2.839399999999999835e+01
3.138279999999999959e+01
3.120680000000000121e+01
2.840930000000000177e+01
3.035739999999999839e+01
2.970499999999999829e+01
2.839399999999999835e+01
2.948239999999999839e+01
2.839399999999999835e+01
2.983149999999999835e+01
2.839399999999999835e+01
2.854710000000000036e+01
3.138279999999999959e+01
2.839399999999999835e+01
2.839399999999999835e+01
3.138279999999999959e+01
2.941460000000000008e+01
3.115960000000000107e+01
2.881060000000000088e+01
3.138279999999999959e+01
3.094630000000000081e+01
3.024289999999999878e+01
2.839399999999999835e+01
2.970639999999999858e+01
2.996920000000000073e+01
3.138279999999999959e+01
2.886789999999999878e+01
3.138279999999999959e+01
2.839399999999999835e+01
2.919989999999999952e+01
