5.574759999999999849e+01
5.652409999999999712e+01
5.875670000000000215e+01
5.192280000000000229e+01
5.072180000000000177e+01
5.041210000000000235e+01
5.176680000000000348e+01
4.734049999999999869e+01
4.776209999999999667e+01
4.527109999999999701e+01
4.867519999999999669e+01
4.791250000000000142e+01
4.277850000000000108e+01
4.479749999999999943e+01
4.438080000000000069e+01
4.377590000000000003e+01
4.161690000000000111e+01
4.107370000000000232e+01
4.176550000000000296e+01
3.714110000000000156e+01
4.017419999999999902e+01
3.741329999999999956e+01
3.542280000000000229e+01
3.492390000000000327e+01
3.683789999999999765e+01
3.637169999999999703e+01
3.509599999999999653e+01
3.658709999999999951e+01
3.325659999999999883e+01
3.366440000000000055e+01
3.246640000000000015e+01
3.565930000000000177e+01
3.440890000000000271e+01
3.221410000000000196e+01
3.368739999999999668e+01
3.354019999999999868e+01
3.514869999999999806e+01
3.415409999999999968e+01
3.408299999999999841e+01
3.180120000000000147e+01
3.180120000000000147e+01
3.180120000000000147e+01
3.180120000000000147e+01
3.514869999999999806e+01
3.465100000000000335e+01
3.281790000000000163e+01
3.514869999999999806e+01
3.505400000000000205e+01
3.514869999999999806e+01
3.514869999999999806e+01
3.240639999999999787e+01
3.514869999999999806e+01
3.346189999999999998e+01
3.180120000000000147e+01
3.192200000000000060e+01
3.180120000000000147e+01
3.180120000000000147e+01
3.180120000000000147e+01
3.238640000000000185e+01
3.411919999999999931e+01
3.251109999999999900e+01
3.514869999999999806e+01
3.279090000000000060e+01
3.265590000000000259e+01
3.409290000000000020e+01
3.514869999999999806e+01
3.442240000000000322e+01
3.506369999999999720e+01
3.260009999999999764e+01
3.514869999999999806e+01
3.469669999999999987e+01
3.180120000000000147e+01
3.369619999999999749e+01
3.369360000000000355e+01
3.370139999999999958e+01
3.514869999999999806e+01
3.441910000000000025e+01
3.481490000000000151e+01
3.360280000000000200e+01
3.335390000000000299e+01
3.453739999999999810e+01
3.342580000000000240e+01
3.390670000000000073e+01
3.514869999999999806e+01
3.233769999999999811e+01
3.510280000000000200e+01
3.180120000000000147e+01
3.180120000000000147e+01
3.302270000000000039e+01
3.180120000000000147e+01
3.289959999999999951e+01
3.514869999999999806e+01
3.228179999999999694e+01
3.221359999999999957e+01
3.234490000000000265e+01
3.328940000000000055e+01
3.383550000000000324e+01
3.226599999999999824e+01
3.180120000000000147e+01
3.398839999999999861e+01
