6.161569999999999681e+01
5.529590000000000316e+01
5.883180000000000121e+01
5.202179999999999893e+01
5.398539999999999850e+01
5.166409999999999769e+01
5.106700000000000017e+01
5.126270000000000238e+01
4.651189999999999714e+01
4.987440000000000140e+01
4.467320000000000135e+01
4.821790000000000020e+01
4.694650000000000034e+01
4.187650000000000006e+01
4.253479999999999706e+01
4.040140000000000242e+01
3.951520000000000010e+01
3.879800000000000182e+01
4.107730000000000103e+01
3.834309999999999974e+01
3.851500000000000057e+01
3.839320000000000022e+01
3.949869999999999948e+01
3.893800000000000239e+01
3.535139999999999816e+01
3.453300000000000125e+01
3.748810000000000286e+01
3.573040000000000305e+01
3.488340000000000174e+01
3.413880000000000337e+01
3.609609999999999985e+01
3.310920000000000130e+01
3.398790000000000333e+01
3.510139999999999816e+01
3.345270000000000010e+01
3.336659999999999826e+01
3.334309999999999974e+01
3.180120000000000147e+01
3.183380000000000010e+01
3.443750000000000000e+01
3.275469999999999970e+01
3.299139999999999873e+01
3.514869999999999806e+01
3.180120000000000147e+01
3.187610000000000099e+01
3.239840000000000231e+01
3.514869999999999806e+01
3.180120000000000147e+01
3.328470000000000084e+01
3.374969999999999715e+01
3.425990000000000180e+01
3.180120000000000147e+01
3.180120000000000147e+01
3.180120000000000147e+01
3.244959999999999667e+01
3.251959999999999695e+01
3.309740000000000038e+01
3.514869999999999806e+01
3.369149999999999778e+01
3.428209999999999980e+01
3.514869999999999806e+01
3.272659999999999769e+01
3.180120000000000147e+01
3.514869999999999806e+01
3.287789999999999679e+01
3.502689999999999770e+01
3.432110000000000127e+01
3.180120000000000147e+01
3.346289999999999765e+01
3.354110000000000014e+01
3.455819999999999936e+01
3.444360000000000355e+01
3.449130000000000251e+01
3.180120000000000147e+01
3.489880000000000138e+01
3.373380000000000223e+01
3.416749999999999687e+01
3.180120000000000147e+01
3.189450000000000074e+01
3.454699999999999704e+01
3.373389999999999844e+01
3.180120000000000147e+01
3.322999999999999687e+01
3.400240000000000151e+01
3.366960000000000264e+01
3.239639999999999986e+01
3.485240000000000293e+01
3.280060000000000286e+01
3.514869999999999806e+01
3.514869999999999806e+01
3.314209999999999923e+01
3.223819999999999908e+01
3.461999999999999744e+01
3.451149999999999807e+01
3.324580000000000268e+01
3.514869999999999806e+01
3.514869999999999806e+01
3.180120000000000147e+01
3.471529999999999916e+01
3.214350000000000307e+01
