5.705040000000000333e+01
5.767410000000000281e+01
5.880910000000000082e+01
5.283870000000000289e+01
5.329260000000000019e+01
5.415070000000000050e+01
5.157150000000000034e+01
4.927960000000000207e+01
4.844689999999999941e+01
5.017289999999999850e+01
5.049969999999999715e+01
5.093670000000000186e+01
4.547169999999999845e+01
4.731889999999999930e+01
4.594189999999999685e+01
4.490480000000000160e+01
4.505160000000000053e+01
4.387570000000000192e+01
4.137429999999999808e+01
4.156340000000000146e+01
4.054729999999999990e+01
4.361359999999999815e+01
4.216080000000000183e+01
4.118160000000000309e+01
4.131389999999999674e+01
4.074329999999999785e+01
3.967139999999999844e+01
3.700710000000000122e+01
3.926180000000000092e+01
3.697529999999999717e+01
3.627920000000000300e+01
3.762219999999999942e+01
3.764889999999999759e+01
3.572429999999999950e+01
3.616369999999999862e+01
3.606790000000000163e+01
3.629319999999999879e+01
3.665010000000000190e+01
3.503580000000000183e+01
3.697180000000000177e+01
3.587850000000000250e+01
3.731989999999999696e+01
3.370859999999999701e+01
3.527219999999999800e+01
3.589000000000000057e+01
3.633279999999999887e+01
3.465299999999999869e+01
3.720640000000000214e+01
3.518149999999999977e+01
3.366299999999999670e+01
3.656190000000000140e+01
3.607540000000000191e+01
3.610840000000000316e+01
3.393849999999999767e+01
3.720640000000000214e+01
3.720640000000000214e+01
3.677139999999999986e+01
3.366299999999999670e+01
3.366299999999999670e+01
3.576879999999999882e+01
3.366299999999999670e+01
3.471110000000000184e+01
3.720640000000000214e+01
3.414350000000000307e+01
3.366299999999999670e+01
3.414370000000000260e+01
3.720640000000000214e+01
3.518670000000000186e+01
3.366299999999999670e+01
3.720640000000000214e+01
3.391270000000000095e+01
3.672930000000000206e+01
3.617810000000000059e+01
3.555930000000000035e+01
3.508290000000000219e+01
3.720640000000000214e+01
3.646920000000000073e+01
3.414639999999999986e+01
3.663900000000000290e+01
3.690849999999999653e+01
3.382280000000000086e+01
3.476610000000000156e+01
3.474669999999999703e+01
3.720640000000000214e+01
3.366299999999999670e+01
3.720640000000000214e+01
3.424360000000000070e+01
3.366299999999999670e+01
3.720640000000000214e+01
3.492549999999999955e+01
3.609210000000000207e+01
3.463040000000000163e+01
3.454090000000000060e+01
3.649210000000000065e+01
3.720640000000000214e+01
3.366299999999999670e+01
3.381589999999999918e+01
3.720640000000000214e+01
3.435540000000000305e+01
3.575909999999999656e+01
