6.161569999999999681e+01
5.486610000000000298e+01
5.344939999999999714e+01
5.536749999999999972e+01
5.126339999999999719e+01
5.125979999999999848e+01
5.070929999999999893e+01
4.819449999999999790e+01
4.730680000000000263e+01
4.628869999999999862e+01
5.015449999999999875e+01
4.678439999999999799e+01
4.592340000000000089e+01
4.312870000000000203e+01
4.565769999999999840e+01
4.440460000000000207e+01
4.050130000000000052e+01
4.210549999999999926e+01
3.949620000000000175e+01
4.149240000000000350e+01
4.103990000000000293e+01
3.745649999999999835e+01
3.731929999999999836e+01
3.851250000000000284e+01
3.598930000000000007e+01
3.640480000000000160e+01
3.461580000000000013e+01
3.569659999999999656e+01
3.517519999999999669e+01
3.691210000000000235e+01
3.543739999999999668e+01
3.272409999999999997e+01
3.242980000000000018e+01
3.406450000000000244e+01
3.312599999999999767e+01
3.171509999999999962e+01
3.153290000000000148e+01
3.137879999999999825e+01
3.454240000000000066e+01
3.304789999999999850e+01
3.127700000000000102e+01
3.118730000000000047e+01
3.280870000000000175e+01
3.380660000000000309e+01
3.429460000000000264e+01
3.131609999999999872e+01
3.429460000000000264e+01
3.322769999999999868e+01
3.102850000000000108e+01
3.429460000000000264e+01
3.429460000000000264e+01
3.180450000000000088e+01
3.200970000000000226e+01
3.136520000000000152e+01
3.210179999999999723e+01
3.234040000000000248e+01
3.204460000000000264e+01
3.339009999999999678e+01
3.378820000000000334e+01
3.331479999999999819e+01
3.117739999999999867e+01
3.331490000000000151e+01
3.392739999999999867e+01
3.283100000000000307e+01
3.311419999999999675e+01
3.404010000000000247e+01
3.133380000000000010e+01
3.188879999999999981e+01
3.339820000000000277e+01
3.429460000000000264e+01
3.102850000000000108e+01
3.429460000000000264e+01
3.226820000000000022e+01
3.268739999999999668e+01
3.220969999999999800e+01
3.333400000000000318e+01
3.341080000000000183e+01
3.169000000000000128e+01
3.261050000000000182e+01
3.218880000000000052e+01
3.102850000000000108e+01
3.274680000000000035e+01
3.310410000000000252e+01
3.183470000000000155e+01
3.317719999999999914e+01
3.352720000000000056e+01
3.102850000000000108e+01
3.256600000000000250e+01
3.102850000000000108e+01
3.429460000000000264e+01
3.302519999999999811e+01
3.351830000000000354e+01
3.248910000000000053e+01
3.249730000000000274e+01
3.426500000000000057e+01
3.236529999999999774e+01
3.285170000000000101e+01
3.160900000000000176e+01
3.102850000000000108e+01
3.423940000000000339e+01
