5.716040000000000276e+01
5.799920000000000186e+01
5.274029999999999774e+01
5.590160000000000196e+01
5.056060000000000088e+01
5.106360000000000099e+01
5.218330000000000268e+01
4.964710000000000178e+01
4.630769999999999698e+01
4.807339999999999947e+01
4.428029999999999688e+01
4.207679999999999865e+01
4.337180000000000035e+01
4.322240000000000038e+01
3.994219999999999970e+01
4.073879999999999768e+01
3.699920000000000186e+01
3.536719999999999686e+01
3.803379999999999939e+01
3.722720000000000340e+01
3.361290000000000333e+01
3.508899999999999864e+01
3.160820000000000007e+01
3.123819999999999908e+01
3.134390000000000143e+01
3.259810000000000230e+01
2.938840000000000074e+01
3.127499999999999858e+01
2.843830000000000169e+01
2.990020000000000167e+01
2.947009999999999863e+01
2.835239999999999938e+01
2.713789999999999836e+01
2.707270000000000110e+01
2.742449999999999832e+01
2.938810000000000144e+01
2.803539999999999921e+01
2.776820000000000022e+01
2.918599999999999994e+01
2.863939999999999841e+01
2.655000000000000071e+01
2.771059999999999945e+01
2.838060000000000116e+01
2.751000000000000156e+01
2.654070000000000107e+01
2.884410000000000096e+01
2.838939999999999841e+01
2.673740000000000094e+01
2.918599999999999994e+01
2.701180000000000092e+01
2.807880000000000109e+01
2.645759999999999934e+01
2.678679999999999950e+01
2.671649999999999991e+01
2.721409999999999840e+01
2.864939999999999998e+01
2.640640000000000143e+01
2.700069999999999837e+01
2.908399999999999963e+01
2.778310000000000102e+01
2.702439999999999998e+01
2.640640000000000143e+01
2.785389999999999944e+01
2.640640000000000143e+01
2.770439999999999969e+01
2.640640000000000143e+01
2.911210000000000164e+01
2.746979999999999933e+01
2.804949999999999832e+01
2.714020000000000010e+01
2.773150000000000048e+01
2.826849999999999952e+01
2.713929999999999865e+01
2.786690000000000111e+01
2.833810000000000073e+01
2.640640000000000143e+01
2.680120000000000147e+01
2.918599999999999994e+01
2.895499999999999829e+01
2.827100000000000080e+01
2.640640000000000143e+01
2.651180000000000092e+01
2.797490000000000165e+01
2.743900000000000006e+01
2.918599999999999994e+01
2.875390000000000157e+01
2.828930000000000078e+01
2.907079999999999842e+01
2.853170000000000073e+01
2.873570000000000135e+01
2.918599999999999994e+01
2.640640000000000143e+01
2.789590000000000103e+01
2.756990000000000052e+01
2.640640000000000143e+01
2.752649999999999864e+01
2.741499999999999915e+01
2.774699999999999989e+01
2.918599999999999994e+01
2.824330000000000140e+01
