6.050310000000000343e+01
5.579710000000000036e+01
5.372639999999999816e+01
5.534749999999999659e+01
5.324849999999999994e+01
5.444019999999999726e+01
5.486939999999999884e+01
5.234649999999999892e+01
5.061520000000000152e+01
4.737559999999999860e+01
4.776740000000000208e+01
4.759150000000000347e+01
4.750650000000000261e+01
4.486319999999999908e+01
4.780030000000000001e+01
4.422630000000000194e+01
4.215030000000000143e+01
4.149569999999999936e+01
4.516550000000000153e+01
4.025540000000000163e+01
3.966969999999999885e+01
4.232750000000000057e+01
4.262689999999999912e+01
4.150610000000000355e+01
4.103869999999999862e+01
3.708579999999999899e+01
3.891230000000000189e+01
3.800200000000000244e+01
3.958059999999999690e+01
3.708429999999999893e+01
3.876820000000000022e+01
3.474300000000000210e+01
3.784470000000000312e+01
3.472870000000000346e+01
3.568449999999999989e+01
3.415070000000000050e+01
3.678349999999999653e+01
3.663430000000000319e+01
3.623049999999999926e+01
3.386679999999999779e+01
3.400460000000000349e+01
3.267580000000000240e+01
3.569850000000000279e+01
3.428509999999999991e+01
3.371029999999999660e+01
3.591230000000000189e+01
3.387049999999999983e+01
3.591230000000000189e+01
3.468050000000000210e+01
3.569400000000000261e+01
3.286930000000000263e+01
3.361829999999999785e+01
3.591230000000000189e+01
3.518849999999999767e+01
3.444279999999999831e+01
3.249210000000000065e+01
3.591230000000000189e+01
3.269870000000000232e+01
3.591230000000000189e+01
3.591230000000000189e+01
3.478790000000000049e+01
3.381790000000000163e+01
3.581009999999999849e+01
3.249210000000000065e+01
3.591230000000000189e+01
3.461670000000000158e+01
3.249210000000000065e+01
3.536200000000000188e+01
3.486280000000000001e+01
3.411650000000000205e+01
3.577020000000000266e+01
3.591230000000000189e+01
3.467119999999999891e+01
3.543589999999999662e+01
3.591230000000000189e+01
3.591230000000000189e+01
3.309239999999999782e+01
3.591230000000000189e+01
3.290220000000000056e+01
3.430360000000000298e+01
3.256199999999999761e+01
3.249210000000000065e+01
3.465240000000000009e+01
3.312950000000000017e+01
3.567790000000000106e+01
3.591230000000000189e+01
3.367349999999999710e+01
3.433610000000000184e+01
3.591230000000000189e+01
3.591230000000000189e+01
3.499119999999999919e+01
3.544189999999999685e+01
3.393549999999999756e+01
3.341810000000000258e+01
3.446189999999999998e+01
3.471920000000000073e+01
3.490220000000000056e+01
3.483820000000000050e+01
3.249210000000000065e+01
3.251109999999999900e+01
