6.161569999999999681e+01
5.477559999999999718e+01
5.550249999999999773e+01
5.523519999999999897e+01
5.019650000000000034e+01
4.890250000000000341e+01
4.764589999999999748e+01
5.066120000000000090e+01
4.524549999999999983e+01
4.571359999999999957e+01
4.494449999999999790e+01
4.246549999999999869e+01
4.212480000000000047e+01
3.990059999999999718e+01
3.894420000000000215e+01
3.907339999999999947e+01
3.890540000000000020e+01
3.664379999999999882e+01
3.549349999999999739e+01
3.673369999999999891e+01
3.506600000000000250e+01
3.470510000000000161e+01
3.552179999999999893e+01
3.539500000000000313e+01
3.407000000000000028e+01
3.186250000000000071e+01
3.039249999999999829e+01
3.268780000000000285e+01
2.949230000000000018e+01
3.108510000000000062e+01
3.085750000000000171e+01
2.922119999999999962e+01
2.814199999999999946e+01
3.031700000000000017e+01
2.769190000000000040e+01
2.819109999999999872e+01
2.895830000000000126e+01
2.874200000000000088e+01
3.010940000000000083e+01
2.738200000000000145e+01
2.722309999999999874e+01
2.722309999999999874e+01
3.008869999999999933e+01
3.008869999999999933e+01
2.921750000000000114e+01
3.008869999999999933e+01
2.849419999999999931e+01
2.722309999999999874e+01
2.815769999999999840e+01
2.740210000000000079e+01
2.835770000000000124e+01
3.008869999999999933e+01
3.008869999999999933e+01
2.722309999999999874e+01
2.918070000000000164e+01
2.904449999999999932e+01
2.848519999999999897e+01
2.821229999999999905e+01
2.735519999999999996e+01
2.923100000000000165e+01
2.925679999999999836e+01
2.903229999999999933e+01
2.913899999999999935e+01
2.793759999999999977e+01
2.812989999999999924e+01
2.848219999999999885e+01
3.008869999999999933e+01
2.814890000000000114e+01
2.722309999999999874e+01
2.896310000000000073e+01
2.795090000000000074e+01
2.890370000000000061e+01
2.857250000000000156e+01
2.722309999999999874e+01
2.722309999999999874e+01
2.938990000000000080e+01
2.898989999999999867e+01
2.803829999999999956e+01
2.942999999999999972e+01
2.792389999999999972e+01
2.788530000000000086e+01
2.858510000000000062e+01
2.722309999999999874e+01
2.913479999999999848e+01
2.963019999999999854e+01
2.849859999999999971e+01
2.817010000000000147e+01
3.008869999999999933e+01
2.763510000000000133e+01
2.796709999999999852e+01
2.953290000000000148e+01
2.817030000000000101e+01
3.008869999999999933e+01
2.889539999999999864e+01
2.722309999999999874e+01
2.821630000000000038e+01
2.981830000000000069e+01
2.881990000000000052e+01
2.927159999999999940e+01
3.008869999999999933e+01
