5.928280000000000172e+01
5.432690000000000197e+01
5.302870000000000061e+01
5.472710000000000008e+01
5.051290000000000191e+01
5.050630000000000308e+01
4.779149999999999920e+01
4.742649999999999721e+01
4.968200000000000216e+01
4.594550000000000267e+01
4.727640000000000242e+01
4.379469999999999885e+01
4.119939999999999714e+01
4.446840000000000259e+01
4.344250000000000256e+01
3.841479999999999961e+01
3.801830000000000354e+01
3.748299999999999699e+01
3.745049999999999812e+01
3.648469999999999658e+01
3.617430000000000234e+01
3.386849999999999739e+01
3.572630000000000194e+01
3.267779999999999774e+01
3.210679999999999978e+01
3.198920000000000030e+01
3.439770000000000039e+01
3.145560000000000045e+01
3.175860000000000127e+01
3.307869999999999777e+01
3.122040000000000148e+01
3.060050000000000026e+01
2.907590000000000074e+01
3.120179999999999865e+01
3.171780000000000044e+01
2.992040000000000077e+01
3.087979999999999947e+01
3.122500000000000142e+01
3.048359999999999914e+01
3.138279999999999959e+01
2.959829999999999828e+01
3.138279999999999959e+01
2.976790000000000092e+01
3.042559999999999931e+01
2.925110000000000099e+01
3.073880000000000123e+01
3.030079999999999885e+01
2.839399999999999835e+01
2.839399999999999835e+01
2.941229999999999833e+01
2.960350000000000037e+01
2.839399999999999835e+01
2.839399999999999835e+01
2.988569999999999993e+01
2.839399999999999835e+01
2.896120000000000161e+01
3.118479999999999919e+01
3.112470000000000070e+01
2.995050000000000168e+01
2.910889999999999844e+01
3.002680000000000149e+01
2.872439999999999927e+01
2.931990000000000052e+01
3.012969999999999970e+01
2.839399999999999835e+01
3.138279999999999959e+01
2.958089999999999975e+01
2.839399999999999835e+01
3.012580000000000169e+01
3.012409999999999854e+01
3.080620000000000047e+01
3.138279999999999959e+01
2.856559999999999988e+01
3.112130000000000152e+01
3.138279999999999959e+01
2.839399999999999835e+01
2.839399999999999835e+01
3.057450000000000045e+01
2.839399999999999835e+01
3.138279999999999959e+01
2.850819999999999865e+01
3.011990000000000123e+01
2.839399999999999835e+01
2.996470000000000056e+01
3.049190000000000111e+01
3.138279999999999959e+01
3.138279999999999959e+01
3.057799999999999940e+01
2.879660000000000153e+01
2.844059999999999988e+01
3.138279999999999959e+01
3.033330000000000126e+01
2.839399999999999835e+01
2.839399999999999835e+01
2.845810000000000173e+01
3.118980000000000175e+01
2.948150000000000048e+01
2.993080000000000140e+01
2.839399999999999835e+01
3.007949999999999946e+01
