5.772209999999999752e+01
5.672460000000000235e+01
5.785529999999999973e+01
5.751480000000000103e+01
5.419420000000000215e+01
5.062780000000000058e+01
5.374199999999999733e+01
4.755180000000000007e+01
4.671869999999999834e+01
4.682970000000000255e+01
4.683890000000000242e+01
4.617849999999999966e+01
4.268710000000000093e+01
4.575630000000000308e+01
4.528490000000000038e+01
4.317130000000000223e+01
4.172919999999999874e+01
4.043540000000000134e+01
4.193130000000000024e+01
3.937599999999999767e+01
3.784599999999999653e+01
3.600840000000000174e+01
3.916089999999999804e+01
3.488709999999999667e+01
3.720689999999999742e+01
3.459089999999999776e+01
3.569740000000000180e+01
3.304010000000000247e+01
3.354200000000000159e+01
3.280989999999999895e+01
3.230420000000000158e+01
3.404540000000000077e+01
3.306179999999999808e+01
3.125910000000000011e+01
3.219189999999999685e+01
3.418509999999999849e+01
3.244160000000000110e+01
3.329740000000000322e+01
3.341890000000000072e+01
3.133279999999999887e+01
3.240729999999999933e+01
3.303829999999999956e+01
3.143570000000000064e+01
3.114489999999999981e+01
3.256710000000000349e+01
3.186580000000000013e+01
3.389339999999999975e+01
3.389339999999999975e+01
3.066550000000000153e+01
3.297079999999999700e+01
3.217519999999999669e+01
3.274190000000000111e+01
3.292909999999999826e+01
3.117490000000000094e+01
3.217190000000000083e+01
3.118769999999999953e+01
3.230789999999999651e+01
3.145510000000000161e+01
3.263130000000000308e+01
3.113449999999999918e+01
3.248499999999999943e+01
3.114239999999999853e+01
3.234219999999999828e+01
3.211480000000000246e+01
3.247849999999999682e+01
3.243939999999999912e+01
3.389339999999999975e+01
3.389339999999999975e+01
3.389339999999999975e+01
3.380649999999999977e+01
3.244120000000000203e+01
3.089389999999999858e+01
3.327159999999999940e+01
3.140399999999999991e+01
3.133960000000000079e+01
3.066550000000000153e+01
3.244180000000000064e+01
3.270430000000000348e+01
3.389339999999999975e+01
3.389339999999999975e+01
3.172530000000000072e+01
3.389339999999999975e+01
3.389339999999999975e+01
3.389339999999999975e+01
3.144340000000000046e+01
3.066550000000000153e+01
3.154070000000000107e+01
3.066550000000000153e+01
3.066550000000000153e+01
3.343039999999999878e+01
3.095159999999999911e+01
3.350399999999999778e+01
3.307419999999999760e+01
3.079690000000000083e+01
3.195609999999999928e+01
3.316760000000000019e+01
3.165119999999999933e+01
3.389339999999999975e+01
3.389339999999999975e+01
3.389339999999999975e+01
