5.970640000000000214e+01
5.687839999999999918e+01
5.479429999999999978e+01
5.726209999999999667e+01
5.503079999999999927e+01
4.934870000000000090e+01
5.211849999999999739e+01
4.946569999999999823e+01
4.885329999999999728e+01
4.954659999999999798e+01
4.378079999999999927e+01
4.449320000000000164e+01
4.286869999999999692e+01
4.349770000000000181e+01
4.411290000000000333e+01
4.057650000000000290e+01
3.937169999999999703e+01
4.017880000000000251e+01
4.045349999999999824e+01
3.962680000000000291e+01
3.788790000000000191e+01
3.712760000000000105e+01
3.380850000000000222e+01
3.377219999999999800e+01
3.523780000000000001e+01
3.457609999999999673e+01
3.486899999999999977e+01
3.314020000000000010e+01
3.061739999999999995e+01
3.338100000000000023e+01
3.209210000000000207e+01
3.067569999999999908e+01
3.132959999999999923e+01
3.185589999999999833e+01
3.139959999999999951e+01
3.139709999999999823e+01
2.942480000000000118e+01
3.057870000000000132e+01
2.795810000000000173e+01
3.080920000000000059e+01
3.069010000000000105e+01
3.073570000000000135e+01
2.818250000000000099e+01
3.008089999999999975e+01
3.027819999999999823e+01
2.960790000000000077e+01
3.073570000000000135e+01
2.953679999999999950e+01
2.945680000000000121e+01
2.943969999999999843e+01
3.052830000000000155e+01
2.859789999999999921e+01
2.790579999999999927e+01
3.073570000000000135e+01
2.780849999999999866e+01
2.857649999999999935e+01
2.938390000000000057e+01
3.058759999999999835e+01
2.887470000000000070e+01
2.783370000000000033e+01
2.942530000000000001e+01
3.073570000000000135e+01
2.870370000000000132e+01
3.038510000000000133e+01
2.793159999999999954e+01
2.781820000000000093e+01
3.019780000000000086e+01
2.780849999999999866e+01
2.933749999999999858e+01
3.073570000000000135e+01
2.998450000000000060e+01
2.921770000000000067e+01
2.884750000000000014e+01
2.866949999999999932e+01
2.945730000000000004e+01
2.843220000000000169e+01
2.800850000000000151e+01
3.073570000000000135e+01
2.890309999999999846e+01
3.073570000000000135e+01
2.998039999999999949e+01
2.780849999999999866e+01
3.073570000000000135e+01
2.825260000000000105e+01
3.073570000000000135e+01
3.059519999999999840e+01
3.026729999999999876e+01
3.073570000000000135e+01
2.833320000000000149e+01
2.935259999999999891e+01
2.832300000000000040e+01
2.973239999999999839e+01
2.982570000000000121e+01
3.022269999999999968e+01
2.922370000000000090e+01
3.034339999999999904e+01
3.073570000000000135e+01
3.065630000000000166e+01
3.073570000000000135e+01
3.073570000000000135e+01
