6.031539999999999679e+01
5.765229999999999677e+01
5.866799999999999926e+01
5.487250000000000227e+01
5.515070000000000050e+01
5.224560000000000315e+01
4.926030000000000086e+01
5.125059999999999860e+01
4.590030000000000143e+01
4.683619999999999806e+01
4.838880000000000337e+01
4.662160000000000082e+01
4.467739999999999867e+01
4.085699999999999932e+01
4.275350000000000250e+01
4.163799999999999812e+01
3.878029999999999688e+01
3.885569999999999879e+01
3.967099999999999937e+01
3.936370000000000147e+01
3.894100000000000250e+01
3.676259999999999906e+01
3.632909999999999684e+01
3.565690000000000026e+01
3.447249999999999659e+01
3.545629999999999882e+01
3.351789999999999736e+01
3.380720000000000169e+01
3.085579999999999856e+01
3.191479999999999961e+01
3.161090000000000089e+01
3.114219999999999899e+01
3.109049999999999869e+01
2.965469999999999828e+01
3.206309999999999860e+01
3.042849999999999966e+01
3.069259999999999877e+01
2.944320000000000093e+01
3.048189999999999955e+01
2.847360000000000113e+01
3.129449999999999932e+01
2.905760000000000076e+01
3.059809999999999874e+01
3.009140000000000015e+01
3.138279999999999959e+01
2.959400000000000119e+01
2.912160000000000082e+01
2.920700000000000074e+01
2.926060000000000016e+01
2.941209999999999880e+01
3.138279999999999959e+01
3.138279999999999959e+01
3.126650000000000063e+01
2.883010000000000161e+01
2.939150000000000063e+01
3.138279999999999959e+01
2.920420000000000016e+01
3.029080000000000084e+01
3.026579999999999870e+01
2.871849999999999881e+01
3.120830000000000126e+01
3.115240000000000009e+01
3.138279999999999959e+01
3.077890000000000015e+01
3.138279999999999959e+01
3.077590000000000003e+01
3.138279999999999959e+01
3.138279999999999959e+01
3.008670000000000044e+01
2.839399999999999835e+01
3.018189999999999884e+01
2.935569999999999879e+01
2.914489999999999981e+01
3.114270000000000138e+01
3.051630000000000109e+01
3.138279999999999959e+01
3.042739999999999867e+01
2.839399999999999835e+01
2.847250000000000014e+01
3.008220000000000027e+01
3.075280000000000058e+01
2.888769999999999882e+01
3.138279999999999959e+01
3.138279999999999959e+01
2.989649999999999963e+01
3.062809999999999988e+01
2.966659999999999897e+01
2.839399999999999835e+01
3.138279999999999959e+01
2.958510000000000062e+01
2.860970000000000013e+01
2.929990000000000094e+01
3.034759999999999991e+01
3.092500000000000071e+01
2.842249999999999943e+01
2.839399999999999835e+01
3.138279999999999959e+01
3.122080000000000055e+01
3.138279999999999959e+01
3.128099999999999881e+01
