5.916089999999999804e+01
5.556360000000000099e+01
5.853779999999999717e+01
5.162830000000000297e+01
5.456980000000000075e+01
5.070609999999999928e+01
5.282379999999999853e+01
4.896560000000000201e+01
4.658270000000000266e+01
4.780270000000000152e+01
4.550489999999999924e+01
4.428000000000000114e+01
4.240639999999999787e+01
4.245969999999999800e+01
4.270280000000000342e+01
4.078020000000000067e+01
4.118480000000000274e+01
3.801530000000000342e+01
3.712709999999999866e+01
3.927890000000000015e+01
3.486119999999999663e+01
3.645029999999999859e+01
3.362349999999999994e+01
3.476019999999999754e+01
3.535439999999999827e+01
3.462210000000000321e+01
3.161220000000000141e+01
3.185999999999999943e+01
3.344740000000000180e+01
3.201039999999999708e+01
3.315769999999999840e+01
3.191880000000000095e+01
3.212049999999999983e+01
2.958160000000000167e+01
3.167079999999999984e+01
3.155399999999999849e+01
3.027299999999999969e+01
3.016059999999999874e+01
3.180709999999999837e+01
3.126119999999999877e+01
2.992259999999999920e+01
2.948029999999999973e+01
2.979459999999999908e+01
3.047640000000000171e+01
3.235340000000000060e+01
3.087419999999999831e+01
3.235340000000000060e+01
3.140719999999999956e+01
2.927209999999999823e+01
2.992320000000000135e+01
3.235340000000000060e+01
3.107949999999999946e+01
2.927209999999999823e+01
3.230169999999999675e+01
3.139160000000000039e+01
2.936629999999999896e+01
3.235340000000000060e+01
3.185699999999999932e+01
2.927209999999999823e+01
3.057499999999999929e+01
2.982319999999999993e+01
2.927209999999999823e+01
3.065820000000000078e+01
3.083899999999999864e+01
3.235340000000000060e+01
3.235340000000000060e+01
2.927209999999999823e+01
2.945299999999999940e+01
2.927209999999999823e+01
3.117229999999999990e+01
3.072749999999999915e+01
2.927209999999999823e+01
3.116540000000000177e+01
2.997009999999999863e+01
2.927209999999999823e+01
3.211449999999999960e+01
2.927209999999999823e+01
2.962160000000000082e+01
2.927209999999999823e+01
2.927209999999999823e+01
3.144180000000000064e+01
3.007229999999999848e+01
3.191209999999999880e+01
3.235340000000000060e+01
2.927209999999999823e+01
3.010369999999999990e+01
2.953969999999999985e+01
3.000730000000000075e+01
3.090449999999999875e+01
3.108830000000000027e+01
3.121640000000000015e+01
3.036039999999999850e+01
3.158640000000000114e+01
3.023250000000000171e+01
3.067249999999999943e+01
3.137330000000000041e+01
3.235340000000000060e+01
2.940579999999999927e+01
3.140319999999999823e+01
2.927209999999999823e+01
