5.574759999999999849e+01
5.466400000000000148e+01
5.842060000000000031e+01
5.321059999999999945e+01
5.012210000000000321e+01
5.189399999999999835e+01
4.754379999999999740e+01
5.118829999999999814e+01
4.772599999999999909e+01
4.561639999999999873e+01
4.736710000000000065e+01
4.284429999999999694e+01
4.503540000000000276e+01
4.149029999999999774e+01
4.100750000000000028e+01
4.130859999999999843e+01
4.089039999999999964e+01
3.615610000000000213e+01
3.832220000000000226e+01
3.823490000000000322e+01
3.743610000000000326e+01
3.668050000000000210e+01
3.596809999999999974e+01
3.338839999999999719e+01
3.172169999999999845e+01
3.408990000000000009e+01
3.336110000000000042e+01
2.990559999999999974e+01
2.949540000000000006e+01
2.912430000000000163e+01
3.088830000000000098e+01
2.849930000000000163e+01
2.824530000000000030e+01
2.931309999999999860e+01
2.998930000000000007e+01
3.063560000000000016e+01
2.872009999999999863e+01
3.000590000000000046e+01
2.934929999999999950e+01
2.973809999999999931e+01
2.977700000000000102e+01
2.777009999999999934e+01
3.044129999999999825e+01
2.915840000000000032e+01
2.990459999999999852e+01
2.899170000000000158e+01
3.044129999999999825e+01
3.044129999999999825e+01
3.044129999999999825e+01
2.754220000000000113e+01
2.754220000000000113e+01
2.887809999999999988e+01
2.754220000000000113e+01
2.839010000000000034e+01
3.044129999999999825e+01
3.044129999999999825e+01
2.754220000000000113e+01
2.902090000000000103e+01
2.796379999999999910e+01
2.919610000000000127e+01
2.896799999999999997e+01
3.044129999999999825e+01
2.802499999999999858e+01
2.902070000000000149e+01
2.866090000000000160e+01
2.754220000000000113e+01
2.964160000000000039e+01
2.872800000000000153e+01
2.894040000000000035e+01
2.953209999999999980e+01
2.955519999999999925e+01
2.869579999999999842e+01
2.870560000000000045e+01
2.887099999999999866e+01
3.004339999999999833e+01
2.754220000000000113e+01
2.853679999999999950e+01
2.904289999999999949e+01
2.888410000000000011e+01
2.754220000000000113e+01
2.833330000000000126e+01
3.043580000000000041e+01
2.810290000000000177e+01
2.890980000000000061e+01
2.844810000000000016e+01
2.873479999999999990e+01
2.803500000000000014e+01
2.945400000000000063e+01
2.885979999999999990e+01
3.007430000000000092e+01
2.940559999999999974e+01
2.902850000000000108e+01
2.887079999999999913e+01
2.956200000000000117e+01
2.853099999999999881e+01
2.879029999999999845e+01
2.896470000000000056e+01
2.902809999999999846e+01
2.946869999999999834e+01
2.810439999999999827e+01
