6.014209999999999923e+01
5.677470000000000283e+01
5.901599999999999824e+01
5.356179999999999808e+01
5.527000000000000313e+01
5.434550000000000125e+01
5.417920000000000158e+01
4.799369999999999692e+01
5.007869999999999777e+01
4.965829999999999700e+01
4.650390000000000157e+01
4.699860000000000326e+01
4.501809999999999690e+01
4.445239999999999725e+01
4.157990000000000208e+01
4.086290000000000333e+01
4.128170000000000073e+01
4.202479999999999905e+01
3.851670000000000016e+01
3.987510000000000332e+01
4.105960000000000321e+01
3.829840000000000089e+01
3.678370000000000317e+01
3.901910000000000167e+01
3.640570000000000306e+01
3.619539999999999935e+01
3.554619999999999891e+01
3.517960000000000065e+01
3.528990000000000293e+01
3.575430000000000064e+01
3.462030000000000030e+01
3.246549999999999869e+01
3.453000000000000114e+01
3.340129999999999910e+01
3.063970000000000127e+01
3.137689999999999912e+01
3.055679999999999907e+01
3.223720000000000141e+01
2.976439999999999841e+01
3.273129999999999740e+01
3.205599999999999739e+01
2.939519999999999911e+01
2.932679999999999865e+01
2.985109999999999886e+01
2.960960000000000036e+01
3.006640000000000157e+01
2.970400000000000063e+01
2.927209999999999823e+01
3.078659999999999997e+01
3.235340000000000060e+01
2.946509999999999962e+01
3.216770000000000351e+01
3.200699999999999790e+01
3.047800000000000153e+01
2.964249999999999829e+01
3.223020000000000351e+01
2.927209999999999823e+01
3.034039999999999893e+01
3.235340000000000060e+01
3.042960000000000065e+01
2.927209999999999823e+01
3.190990000000000038e+01
3.055890000000000128e+01
3.102289999999999992e+01
2.944739999999999824e+01
2.936390000000000100e+01
3.144059999999999988e+01
3.066199999999999903e+01
3.045939999999999870e+01
3.235340000000000060e+01
3.235340000000000060e+01
2.972690000000000055e+01
2.971580000000000155e+01
3.110460000000000136e+01
3.200370000000000203e+01
3.001210000000000022e+01
3.135800000000000054e+01
3.147800000000000153e+01
3.116529999999999845e+01
3.235340000000000060e+01
2.943649999999999878e+01
2.997800000000000153e+01
3.134870000000000090e+01
3.017010000000000147e+01
3.138749999999999929e+01
3.235340000000000060e+01
3.024820000000000064e+01
3.235340000000000060e+01
3.235340000000000060e+01
2.927209999999999823e+01
3.004850000000000065e+01
2.927209999999999823e+01
3.204070000000000107e+01
2.980249999999999844e+01
3.013850000000000051e+01
2.927209999999999823e+01
3.207459999999999667e+01
3.172220000000000084e+01
3.235340000000000060e+01
3.229869999999999663e+01
