6.161569999999999681e+01
6.027049999999999841e+01
5.647630000000000194e+01
5.471500000000000341e+01
5.427029999999999887e+01
5.442869999999999919e+01
5.318079999999999785e+01
4.985260000000000247e+01
4.975150000000000006e+01
4.850370000000000203e+01
4.486529999999999774e+01
4.667060000000000031e+01
4.537939999999999685e+01
4.659680000000000177e+01
4.131419999999999959e+01
4.476100000000000279e+01
4.306410000000000338e+01
4.257319999999999993e+01
4.224470000000000169e+01
3.782999999999999829e+01
3.909660000000000224e+01
3.809259999999999735e+01
3.933270000000000266e+01
3.557889999999999731e+01
3.736780000000000257e+01
3.409810000000000230e+01
3.455250000000000199e+01
3.366689999999999827e+01
3.535620000000000118e+01
3.207860000000000156e+01
3.357110000000000127e+01
3.429120000000000346e+01
3.381869999999999976e+01
3.393599999999999994e+01
3.101360000000000028e+01
3.228829999999999956e+01
3.312890000000000157e+01
3.292320000000000135e+01
3.131070000000000064e+01
3.126079999999999970e+01
3.182369999999999877e+01
3.090090000000000003e+01
3.236919999999999931e+01
2.927209999999999823e+01
2.927209999999999823e+01
3.207439999999999714e+01
3.213289999999999935e+01
3.009629999999999939e+01
3.235340000000000060e+01
3.203929999999999723e+01
2.968159999999999954e+01
2.951370000000000005e+01
3.119119999999999848e+01
3.004279999999999973e+01
3.235340000000000060e+01
3.207430000000000092e+01
3.235340000000000060e+01
3.153379999999999939e+01
2.949810000000000088e+01
3.129410000000000025e+01
2.963820000000000121e+01
3.235340000000000060e+01
3.235340000000000060e+01
3.192210000000000036e+01
2.953430000000000177e+01
2.927209999999999823e+01
3.161860000000000070e+01
2.927209999999999823e+01
3.235340000000000060e+01
3.194979999999999976e+01
3.235340000000000060e+01
3.235340000000000060e+01
3.080000000000000071e+01
2.946340000000000003e+01
2.973870000000000147e+01
3.070459999999999923e+01
2.927209999999999823e+01
3.046920000000000073e+01
3.188299999999999912e+01
2.972340000000000160e+01
3.235340000000000060e+01
3.142320000000000135e+01
3.235340000000000060e+01
2.974899999999999878e+01
2.981599999999999895e+01
3.103940000000000055e+01
3.235340000000000060e+01
2.946310000000000073e+01
3.131739999999999924e+01
3.042530000000000001e+01
3.003049999999999997e+01
3.101650000000000063e+01
3.089150000000000063e+01
2.972729999999999961e+01
3.006700000000000017e+01
2.927209999999999823e+01
2.977070000000000149e+01
3.023529999999999873e+01
3.047860000000000014e+01
3.035360000000000014e+01
