7.371699999999999697e+00
6.443999999999999950e+00
5.611299999999999955e+00
4.780599999999999739e+00
4.517400000000000304e+00
3.833499999999999908e+00
3.865099999999999980e+00
3.506099999999999994e+00
3.807199999999999918e+00
3.801400000000000112e+00
3.506099999999999994e+00
3.788499999999999979e+00
3.679600000000000204e+00
3.759500000000000064e+00
3.769400000000000084e+00
3.560000000000000053e+00
3.875199999999999978e+00
3.693400000000000016e+00
3.875199999999999978e+00
3.703100000000000058e+00
3.686900000000000066e+00
3.875199999999999978e+00
3.727199999999999847e+00
3.549700000000000077e+00
3.862699999999999800e+00
3.628099999999999881e+00
3.875199999999999978e+00
3.875199999999999978e+00
3.698999999999999844e+00
3.506099999999999994e+00
3.644099999999999895e+00
3.506099999999999994e+00
3.579000000000000181e+00
3.628600000000000048e+00
3.875199999999999978e+00
3.506099999999999994e+00
3.506099999999999994e+00
3.687800000000000189e+00
3.707300000000000040e+00
3.620400000000000063e+00
3.821600000000000108e+00
3.814200000000000035e+00
3.661999999999999922e+00
3.565100000000000158e+00
3.866999999999999993e+00
3.819300000000000139e+00
3.506099999999999994e+00
3.875199999999999978e+00
3.762700000000000156e+00
3.775300000000000100e+00
3.670700000000000074e+00
3.687600000000000211e+00
3.875199999999999978e+00
3.875199999999999978e+00
3.659400000000000208e+00
3.506099999999999994e+00
3.506099999999999994e+00
3.875199999999999978e+00
3.651199999999999779e+00
3.506099999999999994e+00
3.526499999999999968e+00
3.875199999999999978e+00
3.758999999999999897e+00
3.796499999999999986e+00
3.533500000000000085e+00
3.822799999999999976e+00
3.738900000000000112e+00
3.524799999999999933e+00
3.740699999999999914e+00
3.830999999999999961e+00
3.571800000000000086e+00
3.652400000000000091e+00
3.814299999999999802e+00
3.668800000000000061e+00
3.591299999999999937e+00
3.648000000000000131e+00
3.597300000000000164e+00
3.778399999999999981e+00
3.593300000000000161e+00
3.506099999999999994e+00
3.506099999999999994e+00
3.506099999999999994e+00
3.506099999999999994e+00
3.815100000000000158e+00
3.723300000000000054e+00
3.506099999999999994e+00
3.752699999999999925e+00
3.607899999999999885e+00
3.506099999999999994e+00
3.775500000000000078e+00
3.766399999999999970e+00
3.789400000000000102e+00
3.533900000000000041e+00
3.564700000000000202e+00
3.796400000000000219e+00
3.825499999999999901e+00
3.875199999999999978e+00
3.650599999999999845e+00
3.747199999999999864e+00
3.875199999999999978e+00
