6.669599999999999973e+00
6.533900000000000041e+00
5.833400000000000141e+00
5.204399999999999693e+00
5.034399999999999764e+00
4.471400000000000041e+00
4.148900000000000254e+00
3.666599999999999859e+00
3.617500000000000160e+00
3.432999999999999829e+00
3.159699999999999953e+00
3.130500000000000060e+00
3.406400000000000095e+00
3.459999999999999964e+00
3.459999999999999964e+00
3.283999999999999808e+00
3.449899999999999967e+00
3.130500000000000060e+00
3.130500000000000060e+00
3.427799999999999958e+00
3.274300000000000210e+00
3.459999999999999964e+00
3.357099999999999973e+00
3.147800000000000153e+00
3.180499999999999883e+00
3.440199999999999925e+00
3.394699999999999829e+00
3.235100000000000087e+00
3.449399999999999800e+00
3.130500000000000060e+00
3.459999999999999964e+00
3.375700000000000145e+00
3.130500000000000060e+00
3.289699999999999847e+00
3.130500000000000060e+00
3.130500000000000060e+00
3.130500000000000060e+00
3.400500000000000078e+00
3.261499999999999844e+00
3.232600000000000140e+00
3.459999999999999964e+00
3.455299999999999816e+00
3.423500000000000210e+00
3.326099999999999834e+00
3.130500000000000060e+00
3.386600000000000055e+00
3.131200000000000205e+00
3.415700000000000180e+00
3.459999999999999964e+00
3.307500000000000107e+00
3.167300000000000004e+00
3.416300000000000114e+00
3.246900000000000119e+00
3.160800000000000054e+00
3.459999999999999964e+00
3.427599999999999980e+00
3.459999999999999964e+00
3.171100000000000030e+00
3.392700000000000049e+00
3.130500000000000060e+00
3.446699999999999875e+00
3.285499999999999865e+00
3.130500000000000060e+00
3.459999999999999964e+00
3.402099999999999902e+00
3.291300000000000114e+00
3.130500000000000060e+00
3.142500000000000071e+00
3.459999999999999964e+00
3.153999999999999915e+00
3.177299999999999791e+00
3.136600000000000055e+00
3.459999999999999964e+00
3.412100000000000133e+00
3.220899999999999874e+00
3.174300000000000122e+00
3.256899999999999906e+00
3.313200000000000145e+00
3.417300000000000004e+00
3.130500000000000060e+00
3.216899999999999871e+00
3.311300000000000132e+00
3.312399999999999789e+00
3.246500000000000163e+00
3.270500000000000185e+00
3.359799999999999898e+00
3.130500000000000060e+00
3.282200000000000006e+00
3.200299999999999923e+00
3.459999999999999964e+00
3.377899999999999903e+00
3.334999999999999964e+00
3.223199999999999843e+00
3.130500000000000060e+00
3.433300000000000018e+00
3.268800000000000150e+00
3.195399999999999796e+00
3.294000000000000039e+00
3.186100000000000154e+00
3.264400000000000190e+00
