7.232099999999999973e+00
6.214599999999999902e+00
5.879400000000000404e+00
5.447499999999999787e+00
4.928099999999999703e+00
4.131899999999999906e+00
3.753800000000000026e+00
3.462600000000000122e+00
3.590800000000000214e+00
3.241800000000000015e+00
3.144699999999999829e+00
3.029399999999999871e+00
3.273699999999999832e+00
3.286999999999999922e+00
3.146199999999999886e+00
3.143100000000000005e+00
2.973899999999999988e+00
3.178799999999999848e+00
3.286999999999999922e+00
3.078599999999999781e+00
3.209400000000000031e+00
3.009100000000000108e+00
2.973899999999999988e+00
3.286999999999999922e+00
2.991200000000000081e+00
2.973899999999999988e+00
3.017999999999999794e+00
3.237099999999999866e+00
2.973899999999999988e+00
2.973899999999999988e+00
3.025599999999999845e+00
3.020199999999999996e+00
3.207300000000000040e+00
2.973899999999999988e+00
2.973899999999999988e+00
2.973899999999999988e+00
3.286999999999999922e+00
3.131299999999999972e+00
2.973899999999999988e+00
2.973899999999999988e+00
2.973899999999999988e+00
3.162799999999999834e+00
3.034600000000000186e+00
3.286999999999999922e+00
2.973899999999999988e+00
3.067499999999999893e+00
3.278799999999999937e+00
3.286999999999999922e+00
3.157099999999999795e+00
3.286999999999999922e+00
3.278500000000000192e+00
3.170399999999999885e+00
2.973899999999999988e+00
3.229200000000000070e+00
3.092400000000000038e+00
3.097599999999999909e+00
3.201900000000000190e+00
3.109900000000000109e+00
3.053599999999999870e+00
3.215300000000000047e+00
3.102100000000000080e+00
3.187500000000000000e+00
2.973899999999999988e+00
3.253600000000000048e+00
3.077599999999999891e+00
3.272299999999999986e+00
3.204000000000000181e+00
3.116200000000000081e+00
3.217600000000000016e+00
3.134599999999999831e+00
3.037999999999999812e+00
3.159899999999999931e+00
3.126399999999999846e+00
3.217699999999999783e+00
2.984399999999999942e+00
3.084600000000000009e+00
3.186700000000000088e+00
2.973899999999999988e+00
3.150799999999999823e+00
3.201000000000000068e+00
3.242900000000000116e+00
3.248000000000000220e+00
3.286999999999999922e+00
3.154700000000000060e+00
2.973899999999999988e+00
2.973899999999999988e+00
3.018100000000000005e+00
3.247900000000000009e+00
3.027699999999999836e+00
2.973899999999999988e+00
3.071400000000000130e+00
3.038899999999999935e+00
3.286999999999999922e+00
3.088200000000000056e+00
3.286999999999999922e+00
2.973899999999999988e+00
3.158700000000000063e+00
3.099699999999999900e+00
2.998200000000000198e+00
3.137199999999999989e+00
