7.219299999999999606e+00
5.918599999999999639e+00
4.910300000000000331e+00
4.222900000000000098e+00
3.957399999999999807e+00
3.461300000000000043e+00
3.115200000000000191e+00
3.113999999999999879e+00
3.036500000000000199e+00
3.188400000000000123e+00
3.356199999999999850e+00
3.356199999999999850e+00
3.036500000000000199e+00
3.297299999999999898e+00
3.145599999999999952e+00
3.356199999999999850e+00
3.098100000000000076e+00
3.356199999999999850e+00
3.356199999999999850e+00
3.036500000000000199e+00
3.335700000000000109e+00
3.303100000000000147e+00
3.083200000000000163e+00
3.104900000000000215e+00
3.356199999999999850e+00
3.118300000000000072e+00
3.216299999999999937e+00
3.036500000000000199e+00
3.036500000000000199e+00
3.108000000000000096e+00
3.101900000000000102e+00
3.208899999999999864e+00
3.353400000000000158e+00
3.182199999999999918e+00
3.356199999999999850e+00
3.356199999999999850e+00
3.356199999999999850e+00
3.057500000000000107e+00
3.200400000000000134e+00
3.036500000000000199e+00
3.173599999999999977e+00
3.152699999999999836e+00
3.075299999999999923e+00
3.079499999999999904e+00
3.268600000000000172e+00
3.104400000000000048e+00
3.334499999999999797e+00
3.356199999999999850e+00
3.163899999999999935e+00
3.255999999999999783e+00
3.112400000000000055e+00
3.110100000000000087e+00
3.254399999999999959e+00
3.279900000000000038e+00
3.300300000000000011e+00
3.075899999999999856e+00
3.356199999999999850e+00
3.046400000000000219e+00
3.356199999999999850e+00
3.099099999999999966e+00
3.201299999999999812e+00
3.255599999999999827e+00
3.116200000000000081e+00
3.301600000000000090e+00
3.335700000000000109e+00
3.262399999999999967e+00
3.308499999999999996e+00
3.268699999999999939e+00
3.210500000000000131e+00
3.274599999999999955e+00
3.036500000000000199e+00
3.036500000000000199e+00
3.036500000000000199e+00
3.251599999999999824e+00
3.057199999999999918e+00
3.079400000000000137e+00
3.356199999999999850e+00
3.356199999999999850e+00
3.299300000000000122e+00
3.036599999999999966e+00
3.354400000000000048e+00
3.164000000000000146e+00
3.169599999999999973e+00
3.186100000000000154e+00
3.133999999999999897e+00
3.356199999999999850e+00
3.036500000000000199e+00
3.161399999999999988e+00
3.207599999999999785e+00
3.036500000000000199e+00
3.251300000000000079e+00
3.356199999999999850e+00
3.259999999999999787e+00
3.064400000000000013e+00
3.217499999999999805e+00
3.036500000000000199e+00
3.085900000000000087e+00
3.036500000000000199e+00
3.252600000000000158e+00
3.326400000000000023e+00
