6.828700000000000436e+00
6.415399999999999991e+00
5.835499999999999687e+00
5.690100000000000158e+00
5.367600000000000371e+00
5.100299999999999834e+00
4.861900000000000333e+00
4.609799999999999898e+00
4.054299999999999571e+00
4.210099999999999731e+00
4.001999999999999780e+00
3.611499999999999932e+00
3.588000000000000078e+00
3.658799999999999830e+00
3.564099999999999824e+00
3.667600000000000193e+00
3.318299999999999805e+00
3.415399999999999991e+00
3.495400000000000063e+00
3.667600000000000193e+00
3.318299999999999805e+00
3.421400000000000219e+00
3.318299999999999805e+00
3.318299999999999805e+00
3.440300000000000136e+00
3.599699999999999900e+00
3.401400000000000201e+00
3.347300000000000164e+00
3.667600000000000193e+00
3.545999999999999819e+00
3.667600000000000193e+00
3.610300000000000065e+00
3.472999999999999865e+00
3.667600000000000193e+00
3.576900000000000190e+00
3.657799999999999940e+00
3.667600000000000193e+00
3.486000000000000210e+00
3.618900000000000006e+00
3.569599999999999884e+00
3.542800000000000171e+00
3.441300000000000026e+00
3.366899999999999782e+00
3.667600000000000193e+00
3.450200000000000156e+00
3.650100000000000122e+00
3.492799999999999905e+00
3.468700000000000117e+00
3.667600000000000193e+00
3.555200000000000138e+00
3.318299999999999805e+00
3.667600000000000193e+00
3.318299999999999805e+00
3.318299999999999805e+00
3.537599999999999856e+00
3.667600000000000193e+00
3.631899999999999906e+00
3.667600000000000193e+00
3.608200000000000074e+00
3.585799999999999876e+00
3.508399999999999963e+00
3.413899999999999935e+00
3.624899999999999789e+00
3.667600000000000193e+00
3.394499999999999851e+00
3.398499999999999854e+00
3.655600000000000183e+00
3.586800000000000210e+00
3.318299999999999805e+00
3.553799999999999848e+00
3.667600000000000193e+00
3.667600000000000193e+00
3.363100000000000200e+00
3.667600000000000193e+00
3.662300000000000111e+00
3.612200000000000077e+00
3.375199999999999978e+00
3.423299999999999788e+00
3.507899999999999796e+00
3.667600000000000193e+00
3.618100000000000094e+00
3.608699999999999797e+00
3.667600000000000193e+00
3.359199999999999964e+00
3.582500000000000018e+00
3.588699999999999779e+00
3.514800000000000146e+00
3.667600000000000193e+00
3.318299999999999805e+00
3.547200000000000131e+00
3.350699999999999790e+00
3.579699999999999882e+00
3.667600000000000193e+00
3.318299999999999805e+00
3.667600000000000193e+00
3.329200000000000159e+00
3.667600000000000193e+00
3.553700000000000081e+00
3.437300000000000022e+00
3.596900000000000208e+00
