7.108799999999999564e+00
6.454900000000000304e+00
5.660300000000000331e+00
4.969800000000000217e+00
4.015200000000000102e+00
3.628099999999999881e+00
3.583400000000000141e+00
3.521100000000000119e+00
3.220800000000000107e+00
3.338099999999999845e+00
3.459999999999999964e+00
3.130500000000000060e+00
3.405699999999999950e+00
3.459999999999999964e+00
3.338600000000000012e+00
3.369099999999999984e+00
3.459999999999999964e+00
3.351199999999999957e+00
3.459999999999999964e+00
3.130500000000000060e+00
3.367599999999999927e+00
3.130500000000000060e+00
3.130500000000000060e+00
3.449100000000000055e+00
3.318999999999999950e+00
3.243399999999999839e+00
3.130500000000000060e+00
3.459999999999999964e+00
3.459999999999999964e+00
3.459999999999999964e+00
3.380399999999999849e+00
3.457399999999999807e+00
3.373099999999999987e+00
3.130500000000000060e+00
3.459999999999999964e+00
3.338000000000000078e+00
3.130500000000000060e+00
3.229400000000000048e+00
3.130500000000000060e+00
3.364100000000000090e+00
3.189000000000000057e+00
3.426200000000000134e+00
3.370400000000000063e+00
3.233800000000000008e+00
3.281699999999999839e+00
3.216200000000000170e+00
3.459999999999999964e+00
3.130500000000000060e+00
3.459999999999999964e+00
3.146900000000000031e+00
3.130500000000000060e+00
3.459999999999999964e+00
3.252899999999999903e+00
3.433600000000000207e+00
3.161500000000000199e+00
3.459999999999999964e+00
3.130500000000000060e+00
3.130500000000000060e+00
3.251599999999999824e+00
3.135400000000000187e+00
3.230799999999999894e+00
3.216099999999999959e+00
3.206700000000000106e+00
3.150500000000000078e+00
3.261699999999999822e+00
3.459999999999999964e+00
3.274900000000000144e+00
3.238900000000000112e+00
3.371799999999999908e+00
3.367300000000000182e+00
3.318499999999999783e+00
3.459999999999999964e+00
3.130500000000000060e+00
3.331799999999999873e+00
3.459999999999999964e+00
3.362899999999999778e+00
3.247199999999999864e+00
3.372900000000000009e+00
3.345099999999999962e+00
3.410000000000000142e+00
3.135400000000000187e+00
3.229900000000000215e+00
3.345600000000000129e+00
3.261000000000000121e+00
3.330999999999999961e+00
3.130500000000000060e+00
3.402699999999999836e+00
3.410400000000000098e+00
3.359500000000000153e+00
3.133900000000000130e+00
3.303599999999999870e+00
3.399300000000000210e+00
3.415999999999999925e+00
3.216200000000000170e+00
3.361899999999999888e+00
3.130500000000000060e+00
3.178300000000000125e+00
3.236800000000000122e+00
3.335599999999999898e+00
3.130500000000000060e+00
