6.669599999999999973e+00
5.647999999999999687e+00
5.127399999999999736e+00
4.437899999999999956e+00
3.723399999999999821e+00
3.402099999999999902e+00
3.238799999999999901e+00
3.130500000000000060e+00
3.459999999999999964e+00
3.274999999999999911e+00
3.130500000000000060e+00
3.195800000000000196e+00
3.459999999999999964e+00
3.244000000000000217e+00
3.157500000000000195e+00
3.130500000000000060e+00
3.261800000000000033e+00
3.230500000000000149e+00
3.459999999999999964e+00
3.246599999999999930e+00
3.435599999999999987e+00
3.459999999999999964e+00
3.130500000000000060e+00
3.149999999999999911e+00
3.392799999999999816e+00
3.351700000000000124e+00
3.168699999999999850e+00
3.307799999999999851e+00
3.130500000000000060e+00
3.349600000000000133e+00
3.392900000000000027e+00
3.197900000000000187e+00
3.187899999999999956e+00
3.245800000000000018e+00
3.282500000000000195e+00
3.345899999999999874e+00
3.172800000000000065e+00
3.206700000000000106e+00
3.379700000000000149e+00
3.341000000000000192e+00
3.350099999999999856e+00
3.354800000000000004e+00
3.288899999999999935e+00
3.351399999999999935e+00
3.130500000000000060e+00
3.329499999999999904e+00
3.419599999999999973e+00
3.281800000000000050e+00
3.343199999999999950e+00
3.165700000000000180e+00
3.446400000000000130e+00
3.130500000000000060e+00
3.316699999999999982e+00
3.365499999999999936e+00
3.164699999999999847e+00
3.459999999999999964e+00
3.130500000000000060e+00
3.130500000000000060e+00
3.338000000000000078e+00
3.289000000000000146e+00
3.130500000000000060e+00
3.459999999999999964e+00
3.189799999999999969e+00
3.459999999999999964e+00
3.130500000000000060e+00
3.270399999999999974e+00
3.459999999999999964e+00
3.206500000000000128e+00
3.209099999999999842e+00
3.192000000000000171e+00
3.151600000000000179e+00
3.316199999999999815e+00
3.419000000000000039e+00
3.246700000000000141e+00
3.146599999999999842e+00
3.249299999999999855e+00
3.130500000000000060e+00
3.271999999999999797e+00
3.130500000000000060e+00
3.384100000000000108e+00
3.459999999999999964e+00
3.221799999999999997e+00
3.227300000000000058e+00
3.459999999999999964e+00
3.459999999999999964e+00
3.391399999999999970e+00
3.306099999999999817e+00
3.459999999999999964e+00
3.451299999999999812e+00
3.235500000000000043e+00
3.238300000000000178e+00
3.150700000000000056e+00
3.330799999999999983e+00
3.278200000000000003e+00
3.459999999999999964e+00
3.351100000000000190e+00
3.213099999999999845e+00
3.459999999999999964e+00
3.413100000000000023e+00
3.459999999999999964e+00
