7.365400000000000169e+00
6.320800000000000196e+00
5.744900000000000340e+00
5.234399999999999942e+00
4.404600000000000293e+00
4.397199999999999775e+00
3.990299999999999958e+00
3.569500000000000117e+00
3.271999999999999797e+00
3.499099999999999877e+00
3.130500000000000060e+00
3.459999999999999964e+00
3.130500000000000060e+00
3.459999999999999964e+00
3.354800000000000004e+00
3.340599999999999792e+00
3.459999999999999964e+00
3.130500000000000060e+00
3.181099999999999817e+00
3.326600000000000001e+00
3.259999999999999787e+00
3.305400000000000116e+00
3.245499999999999829e+00
3.398699999999999832e+00
3.130500000000000060e+00
3.130500000000000060e+00
3.262900000000000134e+00
3.459999999999999964e+00
3.148499999999999854e+00
3.293099999999999916e+00
3.258500000000000174e+00
3.459999999999999964e+00
3.201900000000000190e+00
3.459999999999999964e+00
3.130500000000000060e+00
3.153799999999999937e+00
3.436100000000000154e+00
3.211899999999999977e+00
3.459999999999999964e+00
3.177500000000000213e+00
3.411999999999999922e+00
3.459999999999999964e+00
3.229000000000000092e+00
3.130500000000000060e+00
3.130500000000000060e+00
3.459999999999999964e+00
3.289099999999999913e+00
3.440300000000000136e+00
3.130500000000000060e+00
3.387900000000000134e+00
3.459999999999999964e+00
3.175300000000000011e+00
3.226999999999999869e+00
3.229400000000000048e+00
3.188400000000000123e+00
3.334099999999999842e+00
3.139499999999999957e+00
3.459999999999999964e+00
3.226300000000000168e+00
3.459999999999999964e+00
3.130500000000000060e+00
3.216200000000000170e+00
3.130500000000000060e+00
3.290000000000000036e+00
3.174500000000000099e+00
3.130500000000000060e+00
3.154199999999999893e+00
3.274799999999999933e+00
3.252400000000000180e+00
3.296600000000000197e+00
3.130500000000000060e+00
3.459999999999999964e+00
3.393499999999999961e+00
3.145300000000000207e+00
3.452999999999999847e+00
3.459999999999999964e+00
3.350200000000000067e+00
3.367500000000000160e+00
3.179600000000000204e+00
3.383599999999999941e+00
3.171400000000000219e+00
3.130500000000000060e+00
3.375999999999999890e+00
3.253699999999999815e+00
3.130500000000000060e+00
3.257499999999999840e+00
3.130500000000000060e+00
3.194799999999999862e+00
3.228800000000000114e+00
3.392300000000000093e+00
3.130500000000000060e+00
3.213200000000000056e+00
3.445500000000000007e+00
3.130500000000000060e+00
3.224800000000000111e+00
3.459999999999999964e+00
3.130500000000000060e+00
3.459999999999999964e+00
3.130500000000000060e+00
3.344100000000000072e+00
