7.371699999999999697e+00
6.184899999999999842e+00
5.040799999999999947e+00
4.616699999999999804e+00
4.105199999999999960e+00
3.562399999999999789e+00
3.416399999999999881e+00
3.169399999999999995e+00
3.089700000000000113e+00
2.916500000000000092e+00
3.188400000000000123e+00
2.971499999999999808e+00
2.946400000000000130e+00
3.188400000000000123e+00
3.037700000000000067e+00
2.884700000000000042e+00
3.143800000000000150e+00
2.897499999999999964e+00
2.904900000000000038e+00
3.046100000000000030e+00
3.047200000000000131e+00
3.107699999999999907e+00
2.929600000000000204e+00
2.969199999999999839e+00
3.051699999999999857e+00
3.140800000000000036e+00
3.017900000000000027e+00
3.188400000000000123e+00
2.960999999999999854e+00
3.135699999999999932e+00
3.075499999999999901e+00
3.079099999999999948e+00
3.149399999999999977e+00
3.188400000000000123e+00
3.133399999999999963e+00
2.946800000000000086e+00
2.903999999999999915e+00
2.884700000000000042e+00
3.049999999999999822e+00
2.884700000000000042e+00
2.902499999999999858e+00
3.188400000000000123e+00
2.955299999999999816e+00
2.884700000000000042e+00
3.106399999999999828e+00
3.077999999999999847e+00
3.005100000000000104e+00
2.912199999999999900e+00
2.966200000000000170e+00
2.956300000000000150e+00
3.020300000000000207e+00
2.973899999999999988e+00
2.975499999999999812e+00
3.156400000000000095e+00
3.019600000000000062e+00
2.940399999999999903e+00
2.996399999999999952e+00
2.967499999999999805e+00
2.884700000000000042e+00
2.994400000000000173e+00
3.188400000000000123e+00
2.977300000000000058e+00
2.884700000000000042e+00
2.989700000000000024e+00
2.969700000000000006e+00
3.181200000000000028e+00
2.965800000000000214e+00
2.946899999999999853e+00
3.149099999999999788e+00
2.908399999999999874e+00
2.889200000000000212e+00
2.956900000000000084e+00
3.133900000000000130e+00
2.981300000000000061e+00
3.029500000000000082e+00
3.014600000000000168e+00
2.967699999999999783e+00
3.008399999999999963e+00
3.153500000000000192e+00
3.100699999999999790e+00
2.884700000000000042e+00
3.123499999999999943e+00
3.187800000000000189e+00
2.939400000000000013e+00
3.104600000000000026e+00
2.884700000000000042e+00
3.043899999999999828e+00
2.914299999999999891e+00
3.014499999999999957e+00
3.130599999999999827e+00
2.916500000000000092e+00
2.946499999999999897e+00
3.085700000000000109e+00
3.122599999999999820e+00
3.188400000000000123e+00
3.188400000000000123e+00
2.884700000000000042e+00
3.188400000000000123e+00
3.188400000000000123e+00
3.042499999999999982e+00
