6.733999999999999986e+00
6.647000000000000242e+00
5.682000000000000384e+00
5.426499999999999879e+00
4.659099999999999575e+00
4.081500000000000128e+00
4.005200000000000315e+00
3.708499999999999908e+00
3.356799999999999784e+00
3.353699999999999903e+00
3.218700000000000117e+00
3.354200000000000070e+00
3.557500000000000107e+00
3.483000000000000096e+00
3.420199999999999907e+00
3.431799999999999962e+00
3.218700000000000117e+00
3.360799999999999788e+00
3.506800000000000139e+00
3.557500000000000107e+00
3.248400000000000176e+00
3.218700000000000117e+00
3.225699999999999790e+00
3.438600000000000101e+00
3.557500000000000107e+00
3.557500000000000107e+00
3.557500000000000107e+00
3.259100000000000108e+00
3.557500000000000107e+00
3.430099999999999927e+00
3.218700000000000117e+00
3.549500000000000099e+00
3.524000000000000021e+00
3.553799999999999848e+00
3.557500000000000107e+00
3.446699999999999875e+00
3.524599999999999955e+00
3.249899999999999789e+00
3.218700000000000117e+00
3.402400000000000091e+00
3.222199999999999953e+00
3.275500000000000078e+00
3.391599999999999948e+00
3.253200000000000092e+00
3.557500000000000107e+00
3.218700000000000117e+00
3.225400000000000045e+00
3.451499999999999790e+00
3.218700000000000117e+00
3.381400000000000183e+00
3.248499999999999943e+00
3.293899999999999828e+00
3.348199999999999843e+00
3.429600000000000204e+00
3.465899999999999981e+00
3.557500000000000107e+00
3.557500000000000107e+00
3.231300000000000061e+00
3.381899999999999906e+00
3.366800000000000015e+00
3.218700000000000117e+00
3.251399999999999846e+00
3.484700000000000131e+00
3.221000000000000085e+00
3.420700000000000074e+00
3.428100000000000147e+00
3.404700000000000060e+00
3.218700000000000117e+00
3.501999999999999780e+00
3.426800000000000068e+00
3.492599999999999927e+00
3.418800000000000061e+00
3.422400000000000109e+00
3.218700000000000117e+00
3.218700000000000117e+00
3.304300000000000015e+00
3.255300000000000082e+00
3.557500000000000107e+00
3.430600000000000094e+00
3.557500000000000107e+00
3.223899999999999988e+00
3.557500000000000107e+00
3.264400000000000190e+00
3.557500000000000107e+00
3.351799999999999891e+00
3.557500000000000107e+00
3.268299999999999983e+00
3.218700000000000117e+00
3.557500000000000107e+00
3.557500000000000107e+00
3.317400000000000126e+00
3.226700000000000124e+00
3.474499999999999922e+00
3.265400000000000080e+00
3.468300000000000161e+00
3.315900000000000070e+00
3.557500000000000107e+00
3.218700000000000117e+00
3.557500000000000107e+00
3.218700000000000117e+00
