7.371699999999999697e+00
5.875099999999999767e+00
5.732400000000000162e+00
4.679899999999999949e+00
4.448000000000000398e+00
3.836500000000000021e+00
3.674999999999999822e+00
3.648899999999999810e+00
3.600000000000000089e+00
3.367999999999999883e+00
3.378600000000000048e+00
3.486400000000000166e+00
3.549500000000000099e+00
3.341400000000000148e+00
3.394099999999999895e+00
3.624699999999999811e+00
3.523800000000000043e+00
3.624699999999999811e+00
3.400199999999999889e+00
3.515299999999999869e+00
3.360899999999999999e+00
3.624699999999999811e+00
3.332800000000000207e+00
3.315700000000000092e+00
3.538499999999999979e+00
3.624699999999999811e+00
3.279500000000000082e+00
3.403399999999999981e+00
3.279500000000000082e+00
3.463099999999999845e+00
3.504700000000000149e+00
3.350699999999999790e+00
3.279500000000000082e+00
3.527400000000000091e+00
3.624699999999999811e+00
3.300100000000000033e+00
3.330600000000000005e+00
3.624699999999999811e+00
3.624699999999999811e+00
3.604699999999999793e+00
3.409499999999999975e+00
3.458299999999999930e+00
3.457399999999999807e+00
3.279500000000000082e+00
3.552900000000000169e+00
3.302099999999999813e+00
3.494800000000000129e+00
3.572599999999999998e+00
3.454000000000000181e+00
3.313499999999999890e+00
3.380500000000000060e+00
3.624699999999999811e+00
3.624699999999999811e+00
3.406499999999999861e+00
3.279500000000000082e+00
3.455200000000000049e+00
3.434899999999999842e+00
3.384399999999999853e+00
3.348700000000000010e+00
3.473700000000000010e+00
3.559299999999999908e+00
3.432700000000000085e+00
3.384900000000000020e+00
3.434899999999999842e+00
3.624699999999999811e+00
3.330999999999999961e+00
3.508100000000000218e+00
3.334200000000000053e+00
3.624699999999999811e+00
3.369200000000000195e+00
3.598300000000000054e+00
3.624699999999999811e+00
3.412999999999999812e+00
3.624699999999999811e+00
3.279500000000000082e+00
3.357400000000000162e+00
3.624699999999999811e+00
3.624699999999999811e+00
3.402699999999999836e+00
3.370099999999999874e+00
3.404900000000000038e+00
3.459799999999999986e+00
3.455799999999999983e+00
3.338900000000000201e+00
3.525700000000000056e+00
3.336399999999999810e+00
3.465800000000000214e+00
3.405199999999999783e+00
3.486899999999999888e+00
3.446200000000000152e+00
3.624699999999999811e+00
3.576099999999999834e+00
3.388399999999999856e+00
3.486099999999999977e+00
3.324500000000000011e+00
3.411799999999999944e+00
3.456500000000000128e+00
3.290799999999999947e+00
3.279500000000000082e+00
3.300300000000000011e+00
