6.669599999999999973e+00
6.048600000000000421e+00
6.071100000000000385e+00
5.502500000000000391e+00
4.664399999999999658e+00
4.548199999999999577e+00
4.182000000000000384e+00
3.964500000000000135e+00
3.750500000000000167e+00
3.794999999999999929e+00
3.608800000000000008e+00
3.577900000000000080e+00
3.584499999999999797e+00
3.520900000000000141e+00
3.751599999999999824e+00
3.584799999999999986e+00
3.740600000000000147e+00
3.400900000000000034e+00
3.734300000000000175e+00
3.725400000000000045e+00
3.758900000000000130e+00
3.627200000000000202e+00
3.598800000000000221e+00
3.400900000000000034e+00
3.400900000000000034e+00
3.543800000000000061e+00
3.469700000000000006e+00
3.564799999999999969e+00
3.749899999999999789e+00
3.521100000000000119e+00
3.400900000000000034e+00
3.683800000000000185e+00
3.752499999999999947e+00
3.650300000000000100e+00
3.616899999999999782e+00
3.441199999999999815e+00
3.434499999999999886e+00
3.400900000000000034e+00
3.473199999999999843e+00
3.400900000000000034e+00
3.686500000000000110e+00
3.651600000000000179e+00
3.747500000000000053e+00
3.471000000000000085e+00
3.439900000000000180e+00
3.500799999999999912e+00
3.575600000000000112e+00
3.582500000000000018e+00
3.699500000000000011e+00
3.758900000000000130e+00
3.758900000000000130e+00
3.665999999999999925e+00
3.560099999999999820e+00
3.588999999999999968e+00
3.400900000000000034e+00
3.400900000000000034e+00
3.545300000000000118e+00
3.704499999999999904e+00
3.722500000000000142e+00
3.678999999999999826e+00
3.758900000000000130e+00
3.475200000000000067e+00
3.497799999999999798e+00
3.400900000000000034e+00
3.498000000000000220e+00
3.451799999999999979e+00
3.569999999999999840e+00
3.400900000000000034e+00
3.422099999999999920e+00
3.400900000000000034e+00
3.758900000000000130e+00
3.708800000000000097e+00
3.627400000000000180e+00
3.679300000000000015e+00
3.737299999999999844e+00
3.758900000000000130e+00
3.724200000000000177e+00
3.758900000000000130e+00
3.409499999999999975e+00
3.456799999999999873e+00
3.758900000000000130e+00
3.758900000000000130e+00
3.514699999999999935e+00
3.758900000000000130e+00
3.400900000000000034e+00
3.584000000000000075e+00
3.426200000000000134e+00
3.434000000000000163e+00
3.758900000000000130e+00
3.400900000000000034e+00
3.400900000000000034e+00
3.400900000000000034e+00
3.400900000000000034e+00
3.536000000000000032e+00
3.439000000000000057e+00
3.400900000000000034e+00
3.758900000000000130e+00
3.758900000000000130e+00
3.400900000000000034e+00
3.581700000000000106e+00
