7.363199999999999967e+00
6.167399999999999771e+00
5.410199999999999676e+00
4.816699999999999982e+00
4.801800000000000068e+00
3.944799999999999862e+00
3.998699999999999921e+00
3.717600000000000016e+00
3.516799999999999926e+00
3.169200000000000017e+00
3.356199999999999850e+00
3.036500000000000199e+00
3.196099999999999941e+00
3.036500000000000199e+00
3.241000000000000103e+00
3.242999999999999883e+00
3.325899999999999856e+00
3.163100000000000023e+00
3.303599999999999870e+00
3.144899999999999807e+00
3.241800000000000015e+00
3.068599999999999994e+00
3.324500000000000011e+00
3.300800000000000178e+00
3.115000000000000213e+00
3.203399999999999803e+00
3.049300000000000122e+00
3.356199999999999850e+00
3.356199999999999850e+00
3.257499999999999840e+00
3.356199999999999850e+00
3.295399999999999885e+00
3.213999999999999968e+00
3.045100000000000140e+00
3.293899999999999828e+00
3.036500000000000199e+00
3.192200000000000149e+00
3.291799999999999837e+00
3.093599999999999905e+00
3.036500000000000199e+00
3.090199999999999836e+00
3.275700000000000056e+00
3.172899999999999832e+00
3.323100000000000165e+00
3.356199999999999850e+00
3.077300000000000146e+00
3.356199999999999850e+00
3.245999999999999996e+00
3.124299999999999855e+00
3.109399999999999942e+00
3.036500000000000199e+00
3.195399999999999796e+00
3.036500000000000199e+00
3.036500000000000199e+00
3.047299999999999898e+00
3.197799999999999976e+00
3.119699999999999918e+00
3.067000000000000171e+00
3.129100000000000215e+00
3.323599999999999888e+00
3.036500000000000199e+00
3.208499999999999908e+00
3.198399999999999910e+00
3.036500000000000199e+00
3.325800000000000090e+00
3.102100000000000080e+00
3.356199999999999850e+00
3.095400000000000151e+00
3.176800000000000068e+00
3.356199999999999850e+00
3.356199999999999850e+00
3.174999999999999822e+00
3.036500000000000199e+00
3.356199999999999850e+00
3.036500000000000199e+00
3.277600000000000069e+00
3.194300000000000139e+00
3.224400000000000155e+00
3.163499999999999979e+00
3.119299999999999962e+00
3.125999999999999890e+00
3.180499999999999883e+00
3.043699999999999850e+00
3.115899999999999892e+00
3.342000000000000082e+00
3.036500000000000199e+00
3.356199999999999850e+00
3.308699999999999974e+00
3.356199999999999850e+00
3.318999999999999950e+00
3.218199999999999950e+00
3.283700000000000063e+00
3.036500000000000199e+00
3.299900000000000055e+00
3.069900000000000073e+00
3.356199999999999850e+00
3.153099999999999792e+00
3.232800000000000118e+00
3.036500000000000199e+00
3.130500000000000060e+00
