6.736399999999999721e+00
6.633399999999999963e+00
6.367899999999999672e+00
5.553399999999999892e+00
5.466300000000000381e+00
4.954100000000000392e+00
4.678099999999999703e+00
4.431000000000000050e+00
4.027499999999999858e+00
3.775599999999999845e+00
3.440199999999999925e+00
3.299199999999999910e+00
3.349499999999999922e+00
3.427599999999999980e+00
3.282599999999999962e+00
3.063499999999999890e+00
3.265099999999999891e+00
3.356199999999999850e+00
3.071800000000000086e+00
3.296600000000000197e+00
3.287900000000000045e+00
3.064700000000000202e+00
3.108600000000000030e+00
3.036500000000000199e+00
3.281200000000000117e+00
3.356199999999999850e+00
3.125199999999999978e+00
3.309699999999999864e+00
3.200299999999999923e+00
3.189999999999999947e+00
3.123400000000000176e+00
3.146700000000000053e+00
3.135600000000000165e+00
3.253699999999999815e+00
3.273800000000000043e+00
3.220499999999999918e+00
3.356199999999999850e+00
3.061900000000000066e+00
3.207399999999999807e+00
3.090800000000000214e+00
3.278000000000000025e+00
3.324199999999999822e+00
3.036500000000000199e+00
3.298000000000000043e+00
3.356199999999999850e+00
3.224499999999999922e+00
3.036500000000000199e+00
3.356199999999999850e+00
3.080099999999999838e+00
3.166999999999999815e+00
3.356199999999999850e+00
3.106899999999999995e+00
3.146500000000000075e+00
3.356199999999999850e+00
3.246100000000000207e+00
3.273699999999999832e+00
3.165299999999999780e+00
3.173500000000000210e+00
3.275300000000000100e+00
3.036500000000000199e+00
3.036500000000000199e+00
3.096200000000000063e+00
3.038600000000000190e+00
3.356199999999999850e+00
3.137399999999999967e+00
3.163699999999999957e+00
3.036500000000000199e+00
3.286999999999999922e+00
3.131800000000000139e+00
3.089399999999999924e+00
3.102199999999999847e+00
3.069900000000000073e+00
3.036500000000000199e+00
3.168899999999999828e+00
3.291300000000000114e+00
3.356199999999999850e+00
3.036500000000000199e+00
3.128499999999999837e+00
3.356199999999999850e+00
3.220400000000000151e+00
3.036500000000000199e+00
3.197299999999999809e+00
3.081599999999999895e+00
3.310900000000000176e+00
3.288499999999999979e+00
3.154900000000000038e+00
3.315999999999999837e+00
3.284899999999999931e+00
3.336699999999999999e+00
3.275100000000000122e+00
3.198799999999999866e+00
3.085399999999999920e+00
3.356199999999999850e+00
3.221699999999999786e+00
3.112899999999999778e+00
3.110500000000000043e+00
3.356199999999999850e+00
3.341299999999999937e+00
3.036500000000000199e+00
3.336599999999999788e+00
