7.371699999999999697e+00
6.365999999999999659e+00
5.760699999999999932e+00
5.882900000000000240e+00
5.169999999999999929e+00
4.823599999999999888e+00
4.704699999999999882e+00
4.442999999999999616e+00
3.865000000000000213e+00
3.891000000000000014e+00
3.802799999999999958e+00
3.697200000000000042e+00
3.746900000000000119e+00
3.443599999999999994e+00
3.416500000000000092e+00
3.370600000000000041e+00
3.687600000000000211e+00
3.370600000000000041e+00
3.456599999999999895e+00
3.370600000000000041e+00
3.370600000000000041e+00
3.535499999999999865e+00
3.674999999999999822e+00
3.370600000000000041e+00
3.590500000000000025e+00
3.528399999999999981e+00
3.370600000000000041e+00
3.433399999999999785e+00
3.500900000000000123e+00
3.392999999999999794e+00
3.370600000000000041e+00
3.713200000000000056e+00
3.725400000000000045e+00
3.443599999999999994e+00
3.655199999999999783e+00
3.684099999999999930e+00
3.562800000000000189e+00
3.370600000000000041e+00
3.486200000000000188e+00
3.420599999999999863e+00
3.517500000000000071e+00
3.370600000000000041e+00
3.725400000000000045e+00
3.420999999999999819e+00
3.482899999999999885e+00
3.372900000000000009e+00
3.370600000000000041e+00
3.613700000000000134e+00
3.481100000000000083e+00
3.725400000000000045e+00
3.370600000000000041e+00
3.725400000000000045e+00
3.370600000000000041e+00
3.509900000000000020e+00
3.370600000000000041e+00
3.645999999999999908e+00
3.483400000000000052e+00
3.462099999999999955e+00
3.387399999999999967e+00
3.608900000000000219e+00
3.725400000000000045e+00
3.435500000000000220e+00
3.725400000000000045e+00
3.605300000000000171e+00
3.488300000000000178e+00
3.409899999999999931e+00
3.370600000000000041e+00
3.648699999999999832e+00
3.443599999999999994e+00
3.668099999999999916e+00
3.423399999999999999e+00
3.685999999999999943e+00
3.725400000000000045e+00
3.463799999999999990e+00
3.370600000000000041e+00
3.370600000000000041e+00
3.725400000000000045e+00
3.537700000000000067e+00
3.561799999999999855e+00
3.628299999999999859e+00
3.370600000000000041e+00
3.370600000000000041e+00
3.725400000000000045e+00
3.417199999999999793e+00
3.639899999999999913e+00
3.668699999999999850e+00
3.537900000000000045e+00
3.524900000000000144e+00
3.725400000000000045e+00
3.725400000000000045e+00
3.451999999999999957e+00
3.522400000000000198e+00
3.725400000000000045e+00
3.725400000000000045e+00
3.725400000000000045e+00
3.446699999999999875e+00
3.435900000000000176e+00
3.536900000000000155e+00
3.725400000000000045e+00
3.604000000000000092e+00
