1.375179999999999936e+01
1.240070000000000050e+01
1.147499999999999964e+01
1.147799999999999976e+01
1.139710000000000001e+01
1.128790000000000049e+01
1.087219999999999942e+01
1.040290000000000070e+01
9.246800000000000352e+00
8.891899999999999693e+00
8.624599999999999156e+00
9.093999999999999417e+00
8.639099999999999113e+00
8.058299999999999130e+00
8.357799999999999230e+00
8.477700000000000458e+00
7.555799999999999628e+00
7.466700000000000337e+00
7.833099999999999952e+00
7.738400000000000389e+00
7.765299999999999869e+00
8.126099999999999213e+00
7.864300000000000068e+00
7.352199999999999847e+00
7.518600000000000172e+00
8.126099999999999213e+00
7.656600000000000072e+00
8.126099999999999213e+00
7.473300000000000054e+00
7.427200000000000024e+00
7.352199999999999847e+00
7.943500000000000227e+00
7.746699999999999697e+00
7.915600000000000414e+00
7.883099999999999774e+00
7.555500000000000327e+00
7.352199999999999847e+00
7.352199999999999847e+00
7.501999999999999780e+00
7.652499999999999858e+00
7.837900000000000311e+00
8.087899999999999423e+00
7.556499999999999773e+00
7.953700000000000436e+00
7.889199999999999768e+00
7.641700000000000159e+00
7.890399999999999636e+00
7.352199999999999847e+00
7.721599999999999575e+00
7.992799999999999905e+00
7.352199999999999847e+00
7.605999999999999872e+00
7.692400000000000126e+00
7.472999999999999865e+00
7.515100000000000335e+00
7.481799999999999784e+00
7.861399999999999721e+00
7.777999999999999581e+00
7.535899999999999821e+00
8.070499999999999119e+00
7.352199999999999847e+00
8.126099999999999213e+00
7.368000000000000327e+00
7.995499999999999829e+00
7.352199999999999847e+00
8.105900000000000105e+00
7.451600000000000001e+00
7.352199999999999847e+00
7.689400000000000013e+00
7.352199999999999847e+00
7.908999999999999808e+00
7.352199999999999847e+00
7.447199999999999598e+00
7.830899999999999750e+00
7.574699999999999989e+00
8.126099999999999213e+00
7.904600000000000293e+00
8.042400000000000659e+00
7.774600000000000399e+00
7.892800000000000260e+00
8.126099999999999213e+00
8.048299999999999343e+00
8.126099999999999213e+00
8.126099999999999213e+00
7.882600000000000051e+00
7.940800000000000303e+00
7.434700000000000308e+00
7.805900000000000283e+00
7.377200000000000202e+00
7.850900000000000212e+00
7.696900000000000297e+00
7.481700000000000017e+00
7.352199999999999847e+00
7.352199999999999847e+00
7.459999999999999964e+00
7.770500000000000185e+00
7.781399999999999650e+00
7.544299999999999784e+00
7.692599999999999660e+00
7.526399999999999757e+00
