1.332499999999999929e+01
1.268750000000000000e+01
1.164719999999999978e+01
1.113499999999999979e+01
1.057499999999999929e+01
1.039489999999999981e+01
1.019439999999999991e+01
9.074099999999999611e+00
9.373499999999999943e+00
8.553300000000000125e+00
8.542299999999999116e+00
8.354900000000000659e+00
7.490499999999999936e+00
7.822700000000000209e+00
7.242899999999999672e+00
7.181000000000000050e+00
7.450999999999999623e+00
7.914100000000000357e+00
7.160400000000000098e+00
7.664699999999999847e+00
7.914100000000000357e+00
7.691900000000000404e+00
7.160400000000000098e+00
7.914100000000000357e+00
7.914100000000000357e+00
7.914100000000000357e+00
7.160400000000000098e+00
7.858500000000000263e+00
7.428899999999999615e+00
7.430200000000000138e+00
7.765900000000000247e+00
7.621299999999999741e+00
7.377299999999999969e+00
7.834999999999999964e+00
7.239200000000000301e+00
7.361699999999999910e+00
7.914100000000000357e+00
7.160400000000000098e+00
7.552500000000000213e+00
7.854199999999999626e+00
7.914100000000000357e+00
7.850699999999999790e+00
7.914100000000000357e+00
7.417900000000000382e+00
7.204699999999999882e+00
7.299500000000000099e+00
7.765299999999999869e+00
7.567599999999999660e+00
7.473799999999999777e+00
7.160400000000000098e+00
7.914100000000000357e+00
7.161800000000000388e+00
7.160400000000000098e+00
7.160400000000000098e+00
7.313799999999999635e+00
7.810900000000000176e+00
7.914100000000000357e+00
7.160400000000000098e+00
7.209600000000000009e+00
7.188299999999999912e+00
7.232999999999999652e+00
7.914100000000000357e+00
7.840300000000000047e+00
7.408599999999999852e+00
7.424199999999999910e+00
7.160400000000000098e+00
7.160400000000000098e+00
7.160400000000000098e+00
7.646099999999999675e+00
7.480800000000000338e+00
7.300200000000000244e+00
7.480199999999999960e+00
7.842399999999999594e+00
7.488299999999999734e+00
7.565299999999999692e+00
7.160400000000000098e+00
7.591000000000000192e+00
7.160400000000000098e+00
7.480000000000000426e+00
7.389800000000000146e+00
7.160400000000000098e+00
7.347900000000000098e+00
7.160400000000000098e+00
7.914100000000000357e+00
7.302599999999999980e+00
7.160400000000000098e+00
7.225299999999999834e+00
7.882200000000000095e+00
7.683500000000000441e+00
7.335399999999999920e+00
7.486699999999999910e+00
7.914100000000000357e+00
7.160400000000000098e+00
7.545499999999999652e+00
7.160400000000000098e+00
7.655899999999999928e+00
7.160400000000000098e+00
7.914100000000000357e+00
7.631099999999999994e+00
7.914100000000000357e+00
