1.246369999999999933e+01
1.213819999999999943e+01
1.151430000000000042e+01
1.164179999999999993e+01
1.172669999999999924e+01
1.028839999999999932e+01
1.034529999999999994e+01
1.059009999999999962e+01
9.927699999999999747e+00
9.695100000000000051e+00
8.875299999999999301e+00
9.320499999999999119e+00
8.605999999999999872e+00
8.664699999999999847e+00
7.803300000000000125e+00
8.093700000000000117e+00
7.686499999999999666e+00
7.775900000000000034e+00
7.673799999999999955e+00
7.736399999999999721e+00
7.140600000000000058e+00
7.436600000000000321e+00
7.300900000000000389e+00
7.096400000000000041e+00
7.783299999999999663e+00
7.843399999999999928e+00
7.843399999999999928e+00
7.709500000000000242e+00
7.396200000000000330e+00
7.843399999999999928e+00
7.096400000000000041e+00
7.150000000000000355e+00
7.324200000000000266e+00
7.630399999999999849e+00
7.425200000000000244e+00
7.773900000000000254e+00
7.843399999999999928e+00
7.507799999999999585e+00
7.227199999999999847e+00
7.643500000000000405e+00
7.447300000000000253e+00
7.546199999999999797e+00
7.843399999999999928e+00
7.757299999999999862e+00
7.843399999999999928e+00
7.096400000000000041e+00
7.096400000000000041e+00
7.096400000000000041e+00
7.508799999999999919e+00
7.806400000000000006e+00
7.843399999999999928e+00
7.779200000000000337e+00
7.096400000000000041e+00
7.674000000000000377e+00
7.796400000000000219e+00
7.835200000000000387e+00
7.199300000000000033e+00
7.414399999999999658e+00
7.550200000000000244e+00
7.096400000000000041e+00
7.096400000000000041e+00
7.625899999999999679e+00
7.469199999999999839e+00
7.455599999999999561e+00
7.310800000000000409e+00
7.548399999999999999e+00
7.843399999999999928e+00
7.456599999999999895e+00
7.096400000000000041e+00
7.616799999999999571e+00
7.219000000000000306e+00
7.634100000000000108e+00
7.567599999999999660e+00
7.843399999999999928e+00
7.096400000000000041e+00
7.397499999999999964e+00
7.096400000000000041e+00
7.232899999999999885e+00
7.606200000000000294e+00
7.132600000000000051e+00
7.605999999999999872e+00
7.843399999999999928e+00
7.214699999999999669e+00
7.653299999999999770e+00
7.188699999999999868e+00
7.764199999999999768e+00
7.249799999999999578e+00
7.843399999999999928e+00
7.429299999999999571e+00
7.146799999999999820e+00
7.620099999999999874e+00
7.096400000000000041e+00
7.096400000000000041e+00
7.096400000000000041e+00
7.096400000000000041e+00
7.753700000000000259e+00
7.462600000000000122e+00
7.689600000000000435e+00
7.595799999999999663e+00
7.498099999999999987e+00
