1.297620000000000040e+01
1.197109999999999985e+01
1.176469999999999949e+01
1.137149999999999928e+01
1.068350000000000044e+01
1.056799999999999962e+01
9.985300000000000509e+00
9.941499999999999559e+00
1.023460000000000036e+01
9.263600000000000279e+00
8.966300000000000381e+00
9.297499999999999432e+00
9.031399999999999650e+00
7.951399999999999579e+00
8.173500000000000654e+00
7.958199999999999719e+00
7.936099999999999710e+00
7.894099999999999895e+00
7.392900000000000027e+00
7.362700000000000244e+00
7.735599999999999810e+00
7.576699999999999768e+00
7.642999999999999794e+00
7.169900000000000162e+00
7.074699999999999989e+00
7.471499999999999808e+00
6.904600000000000293e+00
6.904600000000000293e+00
7.431400000000000006e+00
7.072300000000000253e+00
7.184999999999999609e+00
6.904600000000000293e+00
7.027499999999999858e+00
6.904600000000000293e+00
7.320800000000000196e+00
6.904600000000000293e+00
7.148399999999999643e+00
7.493500000000000050e+00
7.631400000000000183e+00
7.376699999999999591e+00
7.192999999999999616e+00
7.631400000000000183e+00
7.280700000000000394e+00
7.172399999999999665e+00
6.904600000000000293e+00
7.422799999999999621e+00
6.904600000000000293e+00
7.254999999999999893e+00
7.120800000000000018e+00
7.178099999999999703e+00
7.291999999999999815e+00
6.904600000000000293e+00
6.904600000000000293e+00
7.282499999999999751e+00
7.026500000000000412e+00
6.912300000000000111e+00
6.909699999999999953e+00
7.441799999999999748e+00
7.596799999999999997e+00
7.631400000000000183e+00
7.393099999999999561e+00
7.502600000000000158e+00
7.508899999999999686e+00
7.241999999999999993e+00
6.904600000000000293e+00
6.904600000000000293e+00
7.631400000000000183e+00
7.455099999999999838e+00
7.048000000000000043e+00
7.399600000000000399e+00
7.075400000000000134e+00
7.601600000000000357e+00
7.631400000000000183e+00
7.469699999999999562e+00
6.982899999999999885e+00
6.931400000000000006e+00
7.488800000000000345e+00
7.385799999999999699e+00
6.955599999999999561e+00
7.174199999999999910e+00
7.157300000000000217e+00
7.377500000000000391e+00
6.904600000000000293e+00
7.631400000000000183e+00
7.237700000000000244e+00
7.329100000000000392e+00
7.509299999999999642e+00
6.904600000000000293e+00
7.210499999999999687e+00
7.352199999999999847e+00
6.975500000000000256e+00
7.631400000000000183e+00
7.554499999999999993e+00
6.958800000000000097e+00
7.577200000000000379e+00
7.443299999999999805e+00
7.015500000000000291e+00
7.330000000000000071e+00
6.904600000000000293e+00
7.133300000000000196e+00
