1.280690000000000062e+01
1.296920000000000073e+01
1.117259999999999920e+01
1.077379999999999960e+01
1.099269999999999925e+01
9.611900000000000333e+00
9.776500000000000412e+00
8.977100000000000080e+00
8.406499999999999417e+00
8.514300000000000423e+00
8.130699999999999150e+00
7.596000000000000085e+00
7.730800000000000338e+00
7.581999999999999851e+00
7.002699999999999925e+00
6.744299999999999962e+00
7.148699999999999832e+00
6.709699999999999775e+00
6.607899999999999885e+00
6.755899999999999572e+00
6.926599999999999646e+00
6.635100000000000442e+00
6.857899999999999885e+00
6.666000000000000369e+00
6.882699999999999818e+00
6.768699999999999939e+00
6.521200000000000330e+00
7.037899999999999601e+00
6.588199999999999612e+00
6.996599999999999930e+00
6.756499999999999950e+00
7.066099999999999604e+00
6.484700000000000131e+00
6.866500000000000270e+00
6.680900000000000283e+00
6.647199999999999775e+00
6.415300000000000225e+00
7.066099999999999604e+00
6.579100000000000392e+00
6.393200000000000216e+00
7.066099999999999604e+00
6.721499999999999808e+00
6.992799999999999905e+00
7.066099999999999604e+00
6.476499999999999702e+00
7.066099999999999604e+00
6.562800000000000189e+00
6.932500000000000107e+00
6.522599999999999731e+00
6.613000000000000433e+00
6.393200000000000216e+00
7.066099999999999604e+00
6.763399999999999856e+00
6.654099999999999682e+00
7.047600000000000087e+00
6.771799999999999820e+00
6.393200000000000216e+00
6.576500000000000234e+00
6.607999999999999652e+00
6.688600000000000101e+00
6.393200000000000216e+00
7.066099999999999604e+00
6.649300000000000210e+00
6.764499999999999957e+00
6.549100000000000144e+00
6.438600000000000101e+00
6.393200000000000216e+00
6.393200000000000216e+00
7.066099999999999604e+00
6.790399999999999991e+00
6.902300000000000324e+00
6.417900000000000382e+00
6.777599999999999625e+00
6.846499999999999808e+00
6.445599999999999774e+00
6.429299999999999571e+00
6.777300000000000324e+00
6.629299999999999748e+00
7.032000000000000028e+00
6.548899999999999721e+00
7.066099999999999604e+00
7.066099999999999604e+00
7.066099999999999604e+00
6.393200000000000216e+00
6.393200000000000216e+00
6.819799999999999862e+00
6.919599999999999973e+00
6.625899999999999679e+00
6.684300000000000352e+00
7.066099999999999604e+00
7.066099999999999604e+00
6.718600000000000350e+00
6.885600000000000165e+00
6.393200000000000216e+00
6.393200000000000216e+00
6.393200000000000216e+00
7.066099999999999604e+00
7.066099999999999604e+00
6.726899999999999658e+00
6.645999999999999908e+00
