1.280189999999999984e+01
1.279480000000000040e+01
1.162640000000000029e+01
1.155039999999999978e+01
1.128159999999999918e+01
1.159379999999999988e+01
1.114899999999999913e+01
1.040339999999999954e+01
9.587199999999999278e+00
9.897000000000000242e+00
9.347599999999999909e+00
9.448700000000000543e+00
9.295600000000000307e+00
8.616400000000000503e+00
8.594699999999999562e+00
8.785199999999999676e+00
8.627100000000000435e+00
7.959399999999999586e+00
8.245200000000000529e+00
7.437500000000000000e+00
7.450800000000000090e+00
7.583099999999999952e+00
7.845799999999999663e+00
7.225399999999999601e+00
7.798300000000000232e+00
7.547299999999999898e+00
7.681199999999999584e+00
7.407700000000000173e+00
7.191799999999999748e+00
7.131599999999999717e+00
7.131599999999999717e+00
7.493199999999999861e+00
7.269700000000000273e+00
7.803899999999999615e+00
7.882299999999999862e+00
7.855400000000000382e+00
7.882299999999999862e+00
7.239099999999999646e+00
7.131599999999999717e+00
7.273399999999999643e+00
7.566900000000000404e+00
7.239099999999999646e+00
7.330499999999999794e+00
7.131599999999999717e+00
7.595500000000000362e+00
7.519999999999999574e+00
7.480000000000000426e+00
7.882299999999999862e+00
7.875899999999999679e+00
7.657600000000000406e+00
7.211100000000000065e+00
7.882299999999999862e+00
7.270599999999999952e+00
7.531500000000000306e+00
7.441099999999999604e+00
7.467800000000000438e+00
7.523299999999999876e+00
7.882299999999999862e+00
7.131599999999999717e+00
7.551800000000000068e+00
7.882299999999999862e+00
7.317499999999999893e+00
7.576200000000000045e+00
7.131599999999999717e+00
7.392400000000000304e+00
7.882299999999999862e+00
7.516000000000000014e+00
7.675099999999999589e+00
7.882299999999999862e+00
7.433900000000000396e+00
7.882299999999999862e+00
7.385699999999999932e+00
7.730999999999999872e+00
7.131599999999999717e+00
7.613500000000000156e+00
7.323699999999999655e+00
7.236600000000000144e+00
7.218300000000000161e+00
7.208199999999999719e+00
7.213400000000000034e+00
7.471700000000000230e+00
7.882299999999999862e+00
7.660300000000000331e+00
7.794800000000000395e+00
7.882299999999999862e+00
7.262599999999999945e+00
7.534600000000000186e+00
7.346199999999999619e+00
7.674400000000000333e+00
7.833800000000000097e+00
7.458599999999999675e+00
7.589400000000000368e+00
7.431300000000000239e+00
7.824600000000000222e+00
7.131599999999999717e+00
7.582099999999999618e+00
7.131599999999999717e+00
7.131599999999999717e+00
7.456199999999999939e+00
7.372899999999999565e+00
