1.346269999999999989e+01
1.275099999999999945e+01
1.208949999999999925e+01
1.089659999999999940e+01
1.115320000000000000e+01
9.944900000000000517e+00
1.008319999999999972e+01
8.848699999999999122e+00
9.166100000000000136e+00
8.415800000000000836e+00
8.401799999999999713e+00
7.307800000000000296e+00
7.790399999999999991e+00
7.426999999999999602e+00
6.831100000000000172e+00
6.477999999999999758e+00
6.916699999999999626e+00
6.516000000000000014e+00
6.739899999999999558e+00
6.667900000000000382e+00
6.235800000000000232e+00
6.201399999999999579e+00
6.738500000000000156e+00
6.484799999999999898e+00
6.561799999999999855e+00
6.335200000000000387e+00
6.246900000000000119e+00
6.431300000000000239e+00
6.201399999999999579e+00
6.854199999999999626e+00
6.532099999999999795e+00
6.460899999999999643e+00
6.474700000000000344e+00
6.586899999999999977e+00
6.719500000000000028e+00
6.201399999999999579e+00
6.441699999999999982e+00
6.576200000000000045e+00
6.854199999999999626e+00
6.854199999999999626e+00
6.201399999999999579e+00
6.201399999999999579e+00
6.632200000000000095e+00
6.201399999999999579e+00
6.201399999999999579e+00
6.854199999999999626e+00
6.253599999999999604e+00
6.854199999999999626e+00
6.818100000000000271e+00
6.242300000000000182e+00
6.201399999999999579e+00
6.717200000000000060e+00
6.360699999999999577e+00
6.646499999999999631e+00
6.715600000000000236e+00
6.586500000000000021e+00
6.377799999999999692e+00
6.645999999999999908e+00
6.339800000000000324e+00
6.662300000000000111e+00
6.441900000000000404e+00
6.447099999999999831e+00
6.398600000000000065e+00
6.229400000000000048e+00
6.346400000000000041e+00
6.527999999999999581e+00
6.203800000000000203e+00
6.854199999999999626e+00
6.836400000000000254e+00
6.294400000000000439e+00
6.201399999999999579e+00
6.782499999999999751e+00
6.330700000000000216e+00
6.854199999999999626e+00
6.622099999999999653e+00
6.593099999999999739e+00
6.237499999999999822e+00
6.514300000000000423e+00
6.518600000000000172e+00
6.201399999999999579e+00
6.854199999999999626e+00
6.201399999999999579e+00
6.360500000000000043e+00
6.783500000000000085e+00
6.249600000000000044e+00
6.796599999999999753e+00
6.270800000000000374e+00
6.229099999999999859e+00
6.637999999999999901e+00
6.562800000000000189e+00
6.854199999999999626e+00
6.511800000000000033e+00
6.854199999999999626e+00
6.854199999999999626e+00
6.330599999999999561e+00
6.201399999999999579e+00
6.771600000000000286e+00
6.772300000000000431e+00
6.854199999999999626e+00
6.586599999999999788e+00
