1.301580000000000048e+01
1.187240000000000073e+01
1.187449999999999939e+01
1.082530000000000037e+01
1.034800000000000075e+01
1.094369999999999976e+01
9.485699999999999577e+00
9.109299999999999287e+00
9.059200000000000585e+00
8.719900000000000873e+00
8.130699999999999150e+00
8.158799999999999386e+00
8.053000000000000824e+00
8.076000000000000512e+00
7.582099999999999618e+00
7.495000000000000107e+00
7.592600000000000016e+00
6.945100000000000051e+00
7.110800000000000232e+00
7.157000000000000028e+00
7.608100000000000307e+00
7.152400000000000091e+00
7.446100000000000385e+00
7.608100000000000307e+00
6.926199999999999690e+00
7.608100000000000307e+00
7.608100000000000307e+00
7.144400000000000084e+00
7.142100000000000115e+00
6.883499999999999730e+00
7.546700000000000408e+00
7.308799999999999741e+00
7.608100000000000307e+00
7.269400000000000084e+00
6.883499999999999730e+00
6.883499999999999730e+00
6.883499999999999730e+00
6.883499999999999730e+00
7.111799999999999677e+00
6.883499999999999730e+00
7.608100000000000307e+00
7.350699999999999790e+00
7.262500000000000178e+00
7.461199999999999832e+00
7.127100000000000435e+00
6.883499999999999730e+00
7.235699999999999577e+00
6.925900000000000389e+00
7.355599999999999916e+00
7.041100000000000136e+00
7.270500000000000185e+00
7.185699999999999754e+00
7.608100000000000307e+00
6.883499999999999730e+00
7.192899999999999849e+00
7.066799999999999748e+00
7.186799999999999855e+00
7.608100000000000307e+00
6.883499999999999730e+00
7.608100000000000307e+00
7.026900000000000368e+00
7.608100000000000307e+00
6.931300000000000239e+00
6.974700000000000344e+00
7.326800000000000423e+00
7.215799999999999770e+00
7.433200000000000252e+00
7.595500000000000362e+00
6.883499999999999730e+00
7.348399999999999821e+00
7.477199999999999847e+00
7.106099999999999639e+00
7.123899999999999899e+00
7.108600000000000030e+00
7.608100000000000307e+00
7.608100000000000307e+00
7.273900000000000254e+00
7.100999999999999979e+00
6.883499999999999730e+00
7.473900000000000432e+00
6.884599999999999831e+00
7.608100000000000307e+00
7.218499999999999694e+00
7.608100000000000307e+00
7.377399999999999736e+00
7.220200000000000173e+00
6.883499999999999730e+00
7.216999999999999638e+00
7.608100000000000307e+00
7.608100000000000307e+00
7.203199999999999825e+00
7.608100000000000307e+00
6.883499999999999730e+00
7.608100000000000307e+00
7.608100000000000307e+00
7.125799999999999912e+00
7.256599999999999717e+00
7.608100000000000307e+00
7.539799999999999613e+00
7.575899999999999856e+00
