1.375179999999999936e+01
1.242719999999999914e+01
1.113230000000000075e+01
1.122189999999999976e+01
1.007939999999999969e+01
9.582399999999999807e+00
8.974999999999999645e+00
8.875999999999999446e+00
8.969699999999999562e+00
8.578599999999999781e+00
8.140599999999999170e+00
7.425799999999999734e+00
6.894800000000000040e+00
7.346400000000000041e+00
7.194799999999999862e+00
7.045799999999999841e+00
6.765200000000000102e+00
6.478699999999999903e+00
6.732300000000000395e+00
6.336999999999999744e+00
6.854199999999999626e+00
6.201399999999999579e+00
6.549800000000000288e+00
6.690299999999999692e+00
6.842600000000000016e+00
6.201399999999999579e+00
6.532000000000000028e+00
6.463199999999999612e+00
6.606700000000000017e+00
6.232199999999999740e+00
6.646300000000000097e+00
6.744600000000000151e+00
6.302699999999999747e+00
6.738599999999999923e+00
6.378800000000000026e+00
6.431499999999999773e+00
6.522999999999999687e+00
6.201399999999999579e+00
6.768099999999999561e+00
6.201399999999999579e+00
6.840300000000000047e+00
6.854199999999999626e+00
6.854199999999999626e+00
6.201399999999999579e+00
6.854199999999999626e+00
6.519700000000000273e+00
6.680699999999999861e+00
6.488699999999999690e+00
6.603100000000000414e+00
6.837600000000000122e+00
6.481200000000000294e+00
6.459100000000000286e+00
6.767500000000000071e+00
6.854199999999999626e+00
6.246800000000000352e+00
6.347100000000000186e+00
6.574399999999999800e+00
6.597100000000000186e+00
6.335200000000000387e+00
6.657499999999999751e+00
6.420799999999999841e+00
6.201399999999999579e+00
6.787600000000000300e+00
6.574900000000000411e+00
6.839000000000000412e+00
6.387500000000000178e+00
6.511199999999999655e+00
6.717500000000000249e+00
6.455799999999999983e+00
6.625600000000000378e+00
6.315800000000000303e+00
6.293599999999999639e+00
6.394199999999999662e+00
6.201399999999999579e+00
6.201399999999999579e+00
6.387599999999999945e+00
6.520800000000000374e+00
6.526600000000000179e+00
6.249799999999999578e+00
6.854199999999999626e+00
6.592500000000000249e+00
6.719800000000000217e+00
6.706199999999999939e+00
6.316200000000000259e+00
6.386300000000000310e+00
6.634800000000000253e+00
6.491600000000000037e+00
6.679199999999999804e+00
6.786699999999999733e+00
6.537700000000000067e+00
6.570999999999999730e+00
6.555200000000000138e+00
6.201399999999999579e+00
6.201399999999999579e+00
6.403699999999999726e+00
6.201399999999999579e+00
6.854199999999999626e+00
6.561099999999999710e+00
6.854199999999999626e+00
6.679700000000000415e+00
