1.306359999999999921e+01
1.282530000000000037e+01
1.149380000000000024e+01
1.134089999999999954e+01
9.850799999999999557e+00
9.940699999999999648e+00
9.742100000000000648e+00
8.774800000000000821e+00
8.525600000000000733e+00
7.583400000000000141e+00
7.617799999999999905e+00
7.713400000000000034e+00
6.838000000000000078e+00
7.190400000000000347e+00
6.407700000000000173e+00
6.676300000000000345e+00
6.878000000000000114e+00
6.493599999999999817e+00
6.251500000000000057e+00
6.716599999999999682e+00
6.201399999999999579e+00
6.404300000000000104e+00
6.621900000000000119e+00
6.854199999999999626e+00
6.687199999999999811e+00
6.354099999999999859e+00
6.531600000000000072e+00
6.756800000000000139e+00
6.762299999999999756e+00
6.319300000000000139e+00
6.637999999999999901e+00
6.201399999999999579e+00
6.465600000000000236e+00
6.668899999999999828e+00
6.449099999999999611e+00
6.624399999999999622e+00
6.784399999999999764e+00
6.597800000000000331e+00
6.287799999999999834e+00
6.656100000000000350e+00
6.672600000000000087e+00
6.243400000000000283e+00
6.245300000000000296e+00
6.201399999999999579e+00
6.854199999999999626e+00
6.201399999999999579e+00
6.201399999999999579e+00
6.201399999999999579e+00
6.201399999999999579e+00
6.452899999999999636e+00
6.500399999999999956e+00
6.317400000000000126e+00
6.201399999999999579e+00
6.783400000000000318e+00
6.321299999999999919e+00
6.378300000000000303e+00
6.854199999999999626e+00
6.269400000000000084e+00
6.337500000000000355e+00
6.201399999999999579e+00
6.386599999999999611e+00
6.605500000000000149e+00
6.407700000000000173e+00
6.468700000000000117e+00
6.854199999999999626e+00
6.201399999999999579e+00
6.692199999999999704e+00
6.638899999999999579e+00
6.252900000000000347e+00
6.290700000000000180e+00
6.507699999999999818e+00
6.582600000000000229e+00
6.531299999999999883e+00
6.854199999999999626e+00
6.354700000000000237e+00
6.704299999999999926e+00
6.372799999999999798e+00
6.253999999999999559e+00
6.385399999999999743e+00
6.445700000000000429e+00
6.217100000000000293e+00
6.658599999999999852e+00
6.854199999999999626e+00
6.854199999999999626e+00
6.455599999999999561e+00
6.429299999999999571e+00
6.617099999999999760e+00
6.701100000000000279e+00
6.445000000000000284e+00
6.614300000000000068e+00
6.280599999999999739e+00
6.204799999999999649e+00
6.201399999999999579e+00
6.854199999999999626e+00
6.297699999999999854e+00
6.684499999999999886e+00
6.201399999999999579e+00
6.764100000000000001e+00
6.201399999999999579e+00
6.394700000000000273e+00
