1.295270000000000010e+01
1.226019999999999932e+01
1.215419999999999945e+01
1.104529999999999923e+01
1.062509999999999977e+01
1.022760000000000069e+01
1.018599999999999994e+01
9.738599999999999923e+00
9.563399999999999679e+00
9.797900000000000276e+00
8.589999999999999858e+00
8.921499999999999986e+00
8.931900000000000617e+00
7.872899999999999565e+00
8.290599999999999525e+00
8.201999999999999957e+00
7.457200000000000273e+00
7.465900000000000425e+00
7.127299999999999969e+00
7.505899999999999572e+00
7.189600000000000435e+00
7.353799999999999670e+00
6.945500000000000007e+00
7.676700000000000301e+00
6.945500000000000007e+00
6.945500000000000007e+00
6.960799999999999876e+00
7.410400000000000098e+00
6.945500000000000007e+00
7.046000000000000263e+00
7.530999999999999694e+00
6.945500000000000007e+00
7.040600000000000414e+00
7.315699999999999648e+00
6.998800000000000132e+00
7.600699999999999790e+00
7.354800000000000004e+00
7.273299999999999876e+00
6.945500000000000007e+00
7.110800000000000232e+00
7.322099999999999831e+00
7.509199999999999875e+00
7.293400000000000105e+00
7.305799999999999628e+00
7.464199999999999946e+00
7.676700000000000301e+00
7.242600000000000371e+00
6.945500000000000007e+00
7.295899999999999608e+00
7.103100000000000414e+00
7.676700000000000301e+00
7.489300000000000068e+00
7.020999999999999908e+00
7.288000000000000256e+00
7.595500000000000362e+00
6.945500000000000007e+00
7.654300000000000104e+00
7.676700000000000301e+00
7.676700000000000301e+00
6.945500000000000007e+00
7.060999999999999943e+00
7.377799999999999692e+00
7.676700000000000301e+00
7.123499999999999943e+00
7.676700000000000301e+00
6.945500000000000007e+00
7.676700000000000301e+00
7.111900000000000333e+00
7.105699999999999683e+00
7.534500000000000419e+00
7.304000000000000270e+00
7.676700000000000301e+00
7.446699999999999875e+00
6.945500000000000007e+00
7.485999999999999766e+00
7.380600000000000271e+00
7.676700000000000301e+00
6.945500000000000007e+00
6.945500000000000007e+00
7.271099999999999675e+00
7.372700000000000031e+00
7.060200000000000031e+00
7.094599999999999795e+00
7.305100000000000371e+00
7.070100000000000051e+00
7.162799999999999834e+00
7.676700000000000301e+00
7.531699999999999839e+00
7.438299999999999912e+00
7.020400000000000418e+00
6.945500000000000007e+00
7.021899999999999586e+00
7.093600000000000350e+00
7.540399999999999991e+00
7.676700000000000301e+00
6.945500000000000007e+00
7.342800000000000438e+00
7.245099999999999874e+00
6.945500000000000007e+00
7.021700000000000053e+00
