1.289010000000000034e+01
1.191280000000000072e+01
1.137190000000000012e+01
1.133779999999999966e+01
1.038499999999999979e+01
9.153499999999999304e+00
8.783699999999999619e+00
8.328699999999999548e+00
8.424300000000000566e+00
7.781900000000000261e+00
6.919100000000000250e+00
6.943100000000000271e+00
6.416999999999999815e+00
6.432500000000000107e+00
6.759500000000000064e+00
6.081000000000000405e+00
6.368999999999999773e+00
6.458199999999999719e+00
6.061300000000000132e+00
6.500399999999999956e+00
6.278599999999999959e+00
6.015299999999999869e+00
6.346000000000000085e+00
6.350699999999999790e+00
6.487199999999999633e+00
6.291000000000000369e+00
6.065699999999999648e+00
6.509000000000000341e+00
6.359700000000000131e+00
6.257299999999999862e+00
6.123700000000000365e+00
6.051700000000000301e+00
6.436399999999999899e+00
6.648500000000000298e+00
6.015299999999999869e+00
6.143600000000000172e+00
6.311799999999999855e+00
6.057800000000000296e+00
6.108699999999999797e+00
6.648500000000000298e+00
6.065500000000000114e+00
6.150299999999999656e+00
6.370499999999999829e+00
6.648500000000000298e+00
6.284799999999999720e+00
6.648500000000000298e+00
6.530800000000000161e+00
6.231300000000000061e+00
6.136700000000000266e+00
6.578000000000000291e+00
6.497399999999999842e+00
6.015299999999999869e+00
6.140600000000000058e+00
6.033100000000000129e+00
6.568200000000000038e+00
6.261499999999999844e+00
6.015299999999999869e+00
6.561300000000000132e+00
6.643099999999999561e+00
6.333599999999999675e+00
6.015299999999999869e+00
6.173600000000000421e+00
6.357400000000000162e+00
6.648500000000000298e+00
6.615300000000000402e+00
6.289100000000000357e+00
6.341599999999999682e+00
6.648500000000000298e+00
6.259699999999999598e+00
6.389700000000000379e+00
6.268500000000000405e+00
6.254400000000000404e+00
6.063200000000000145e+00
6.309199999999999697e+00
6.015299999999999869e+00
6.648500000000000298e+00
6.571500000000000341e+00
6.531799999999999606e+00
6.648500000000000298e+00
6.358799999999999564e+00
6.342999999999999972e+00
6.130899999999999572e+00
6.532799999999999940e+00
6.648500000000000298e+00
6.030400000000000205e+00
6.638799999999999812e+00
6.191499999999999559e+00
6.015299999999999869e+00
6.421199999999999797e+00
6.648500000000000298e+00
6.249799999999999578e+00
6.064700000000000202e+00
6.092100000000000293e+00
6.648500000000000298e+00
6.534699999999999953e+00
6.268799999999999706e+00
6.056799999999999962e+00
6.648500000000000298e+00
6.648500000000000298e+00
6.418199999999999683e+00
