2.683429999999999893e+01
2.611890000000000001e+01
2.606830000000000069e+01
2.489229999999999876e+01
2.380900000000000105e+01
2.351109999999999900e+01
2.100349999999999895e+01
2.179139999999999944e+01
1.925359999999999872e+01
1.931230000000000047e+01
1.935780000000000101e+01
1.759519999999999840e+01
1.820599999999999952e+01
1.737089999999999890e+01
1.719369999999999976e+01
1.631700000000000017e+01
1.605499999999999972e+01
1.497070000000000078e+01
1.603059999999999974e+01
1.536170000000000080e+01
1.434299999999999997e+01
1.538579999999999970e+01
1.448170000000000002e+01
1.359229999999999983e+01
1.489620000000000033e+01
1.427580000000000027e+01
1.475109999999999921e+01
1.332980000000000054e+01
1.473290000000000077e+01
1.473290000000000077e+01
1.348460000000000036e+01
1.462180000000000035e+01
1.446149999999999913e+01
1.342779999999999951e+01
1.473290000000000077e+01
1.332980000000000054e+01
1.473290000000000077e+01
1.456259999999999977e+01
1.332980000000000054e+01
1.394619999999999926e+01
1.340189999999999948e+01
1.383469999999999978e+01
1.368750000000000000e+01
1.349000000000000021e+01
1.428509999999999991e+01
1.345139999999999958e+01
1.473290000000000077e+01
1.332980000000000054e+01
1.404289999999999949e+01
1.405979999999999919e+01
1.397630000000000017e+01
1.332980000000000054e+01
1.363710000000000022e+01
1.413840000000000074e+01
1.374789999999999957e+01
1.366269999999999918e+01
1.388540000000000063e+01
1.358039999999999914e+01
1.332980000000000054e+01
1.357409999999999961e+01
1.467919999999999980e+01
1.365130000000000088e+01
1.471749999999999936e+01
1.350479999999999947e+01
1.429349999999999987e+01
1.368290000000000006e+01
1.332980000000000054e+01
1.352270000000000039e+01
1.393260000000000076e+01
1.400210000000000043e+01
1.332980000000000054e+01
1.391729999999999912e+01
1.369899999999999984e+01
1.332980000000000054e+01
1.445059999999999967e+01
1.446429999999999971e+01
1.458939999999999948e+01
1.341750000000000043e+01
1.332980000000000054e+01
1.451360000000000028e+01
1.332980000000000054e+01
1.383319999999999972e+01
1.452519999999999989e+01
1.397150000000000070e+01
1.394389999999999930e+01
1.332980000000000054e+01
1.462369999999999948e+01
1.473290000000000077e+01
1.365130000000000088e+01
1.468510000000000026e+01
1.403490000000000038e+01
1.473290000000000077e+01
1.371299999999999919e+01
1.463010000000000055e+01
1.434500000000000064e+01
1.332980000000000054e+01
1.473290000000000077e+01
1.434740000000000038e+01
1.394609999999999950e+01
1.332980000000000054e+01
