2.737519999999999953e+01
2.442249999999999943e+01
2.450590000000000046e+01
2.517960000000000065e+01
2.432720000000000127e+01
2.312480000000000047e+01
2.056629999999999825e+01
2.188289999999999935e+01
2.028340000000000032e+01
1.956879999999999953e+01
1.875850000000000151e+01
1.787310000000000088e+01
1.794900000000000162e+01
1.828770000000000095e+01
1.625509999999999877e+01
1.687269999999999825e+01
1.531530000000000058e+01
1.654660000000000153e+01
1.620200000000000173e+01
1.438000000000000078e+01
1.413380000000000081e+01
1.449300000000000033e+01
1.374000000000000021e+01
1.359229999999999983e+01
1.374820000000000064e+01
1.368699999999999939e+01
1.442229999999999990e+01
1.385210000000000008e+01
1.374399999999999977e+01
1.424290000000000056e+01
1.333730000000000082e+01
1.376699999999999946e+01
1.462790000000000035e+01
1.332980000000000054e+01
1.332980000000000054e+01
1.332980000000000054e+01
1.435679999999999978e+01
1.332980000000000054e+01
1.427319999999999922e+01
1.473290000000000077e+01
1.345309999999999917e+01
1.407879999999999932e+01
1.354739999999999966e+01
1.370159999999999911e+01
1.332980000000000054e+01
1.473290000000000077e+01
1.407189999999999941e+01
1.388509999999999955e+01
1.353999999999999915e+01
1.473290000000000077e+01
1.332980000000000054e+01
1.386700000000000088e+01
1.472279999999999944e+01
1.348949999999999960e+01
1.383070000000000022e+01
1.392660000000000053e+01
1.473290000000000077e+01
1.347930000000000028e+01
1.410350000000000037e+01
1.473290000000000077e+01
1.381250000000000000e+01
1.451849999999999952e+01
1.391360000000000063e+01
1.399160000000000004e+01
1.473290000000000077e+01
1.473290000000000077e+01
1.332980000000000054e+01
1.400939999999999941e+01
1.337059999999999960e+01
1.442479999999999940e+01
1.332980000000000054e+01
1.404899999999999949e+01
1.473290000000000077e+01
1.469139999999999979e+01
1.332980000000000054e+01
1.473290000000000077e+01
1.332980000000000054e+01
1.473290000000000077e+01
1.340259999999999962e+01
1.462420000000000009e+01
1.429519999999999946e+01
1.472250000000000014e+01
1.448029999999999973e+01
1.473290000000000077e+01
1.396540000000000070e+01
1.340049999999999919e+01
1.334120000000000061e+01
1.439939999999999998e+01
1.401009999999999955e+01
1.382659999999999911e+01
1.332980000000000054e+01
1.409450000000000003e+01
1.473290000000000077e+01
1.378989999999999938e+01
1.399559999999999960e+01
1.398000000000000043e+01
1.473290000000000077e+01
1.449879999999999924e+01
1.428850000000000087e+01
1.402289999999999992e+01
