2.532150000000000034e+01
2.708780000000000143e+01
2.544770000000000110e+01
2.534420000000000073e+01
2.361449999999999960e+01
2.219269999999999854e+01
2.208790000000000120e+01
2.042610000000000170e+01
2.184319999999999951e+01
1.944950000000000045e+01
1.922550000000000026e+01
1.945720000000000027e+01
1.780079999999999885e+01
1.897850000000000037e+01
1.730140000000000100e+01
1.803829999999999956e+01
1.737379999999999924e+01
1.609359999999999857e+01
1.524380000000000024e+01
1.581579999999999941e+01
1.510560000000000080e+01
1.592290000000000028e+01
1.549399999999999977e+01
1.446429999999999971e+01
1.397010000000000041e+01
1.430530000000000079e+01
1.403960000000000008e+01
1.383290000000000042e+01
1.409239999999999959e+01
1.436539999999999928e+01
1.409309999999999974e+01
1.473290000000000077e+01
1.354260000000000019e+01
1.473290000000000077e+01
1.433740000000000059e+01
1.455450000000000088e+01
1.473290000000000077e+01
1.332980000000000054e+01
1.332980000000000054e+01
1.398460000000000036e+01
1.473290000000000077e+01
1.343050000000000033e+01
1.332980000000000054e+01
1.410330000000000084e+01
1.441939999999999955e+01
1.401280000000000037e+01
1.344759999999999955e+01
1.473290000000000077e+01
1.442789999999999928e+01
1.424450000000000038e+01
1.419480000000000075e+01
1.455499999999999972e+01
1.332980000000000054e+01
1.433099999999999952e+01
1.332980000000000054e+01
1.332980000000000054e+01
1.386689999999999934e+01
1.357499999999999929e+01
1.442530000000000001e+01
1.473290000000000077e+01
1.332980000000000054e+01
1.443950000000000067e+01
1.467420000000000080e+01
1.473290000000000077e+01
1.332980000000000054e+01
1.473290000000000077e+01
1.415910000000000046e+01
1.425070000000000014e+01
1.473290000000000077e+01
1.419839999999999947e+01
1.358799999999999919e+01
1.370710000000000051e+01
1.473290000000000077e+01
1.355749999999999922e+01
1.393849999999999945e+01
1.409239999999999959e+01
1.473290000000000077e+01
1.378240000000000087e+01
1.410050000000000026e+01
1.332980000000000054e+01
1.412589999999999968e+01
1.455219999999999914e+01
1.397669999999999924e+01
1.351660000000000039e+01
1.360249999999999915e+01
1.473290000000000077e+01
1.437219999999999942e+01
1.473290000000000077e+01
1.351759999999999984e+01
1.444209999999999994e+01
1.427490000000000059e+01
1.351730000000000054e+01
1.332980000000000054e+01
1.361350000000000016e+01
1.332980000000000054e+01
1.332980000000000054e+01
1.332980000000000054e+01
1.340259999999999962e+01
1.356070000000000064e+01
1.397250000000000014e+01
