2.772629999999999839e+01
2.714379999999999882e+01
2.481210000000000093e+01
2.375700000000000145e+01
2.529570000000000007e+01
2.233070000000000022e+01
2.179309999999999903e+01
2.172500000000000142e+01
2.295560000000000045e+01
2.162859999999999872e+01
2.062280000000000157e+01
1.937829999999999941e+01
1.943209999999999837e+01
1.940099999999999980e+01
1.889649999999999963e+01
1.829929999999999879e+01
1.741910000000000025e+01
1.734949999999999903e+01
1.807849999999999824e+01
1.819519999999999982e+01
1.693469999999999942e+01
1.650240000000000151e+01
1.566960000000000086e+01
1.544180000000000064e+01
1.683559999999999945e+01
1.662409999999999854e+01
1.643270000000000053e+01
1.553769999999999918e+01
1.523859999999999992e+01
1.573840000000000039e+01
1.435740000000000016e+01
1.474220000000000041e+01
1.570749999999999957e+01
1.449859999999999971e+01
1.562700000000000067e+01
1.426140000000000008e+01
1.426089999999999947e+01
1.505129999999999946e+01
1.443050000000000033e+01
1.532230000000000025e+01
1.532119999999999926e+01
1.561689999999999934e+01
1.471979999999999933e+01
1.450469999999999970e+01
1.465859999999999985e+01
1.547949999999999982e+01
1.475730000000000075e+01
1.459999999999999964e+01
1.424939999999999962e+01
1.412959999999999994e+01
1.483220000000000027e+01
1.524220000000000041e+01
1.412959999999999994e+01
1.561689999999999934e+01
1.496509999999999962e+01
1.520839999999999925e+01
1.517479999999999940e+01
1.561689999999999934e+01
1.461159999999999926e+01
1.561689999999999934e+01
1.501689999999999969e+01
1.489450000000000074e+01
1.484559999999999924e+01
1.561689999999999934e+01
1.561689999999999934e+01
1.486689999999999934e+01
1.498499999999999943e+01
1.541939999999999955e+01
1.467430000000000057e+01
1.412959999999999994e+01
1.495020000000000060e+01
1.412959999999999994e+01
1.412959999999999994e+01
1.526689999999999969e+01
1.412959999999999994e+01
1.457859999999999978e+01
1.489969999999999928e+01
1.442660000000000053e+01
1.484309999999999974e+01
1.475070000000000014e+01
1.450300000000000011e+01
1.550370000000000026e+01
1.444999999999999929e+01
1.481700000000000017e+01
1.412959999999999994e+01
1.533319999999999972e+01
1.456630000000000003e+01
1.420299999999999940e+01
1.412959999999999994e+01
1.414690000000000047e+01
1.425709999999999944e+01
1.561689999999999934e+01
1.447899999999999920e+01
1.529340000000000011e+01
1.414250000000000007e+01
1.412959999999999994e+01
1.534229999999999983e+01
1.412959999999999994e+01
1.561689999999999934e+01
1.412959999999999994e+01
