2.737089999999999890e+01
2.559669999999999845e+01
2.640729999999999933e+01
2.428610000000000113e+01
2.286339999999999861e+01
2.230679999999999907e+01
2.225100000000000122e+01
2.133320000000000149e+01
2.075850000000000151e+01
2.241789999999999949e+01
2.191450000000000031e+01
1.972550000000000026e+01
2.022500000000000142e+01
1.955330000000000013e+01
1.880079999999999885e+01
1.948329999999999984e+01
1.843270000000000053e+01
1.720639999999999858e+01
1.753500000000000014e+01
1.768909999999999982e+01
1.660839999999999961e+01
1.656510000000000105e+01
1.594139999999999979e+01
1.574910000000000032e+01
1.721669999999999945e+01
1.574380000000000024e+01
1.584220000000000006e+01
1.591810000000000080e+01
1.667980000000000018e+01
1.619050000000000011e+01
1.496979999999999933e+01
1.567730000000000068e+01
1.636199999999999832e+01
1.598990000000000045e+01
1.635820000000000007e+01
1.643370000000000175e+01
1.521170000000000044e+01
1.586050000000000004e+01
1.492939999999999934e+01
1.650090000000000146e+01
1.492939999999999934e+01
1.610529999999999973e+01
1.550660000000000061e+01
1.566339999999999932e+01
1.492939999999999934e+01
1.492939999999999934e+01
1.558469999999999978e+01
1.591970000000000063e+01
1.650090000000000146e+01
1.527260000000000062e+01
1.650090000000000146e+01
1.492939999999999934e+01
1.650090000000000146e+01
1.495170000000000066e+01
1.560459999999999958e+01
1.514000000000000057e+01
1.492939999999999934e+01
1.650090000000000146e+01
1.568679999999999986e+01
1.650090000000000146e+01
1.525980000000000025e+01
1.650090000000000146e+01
1.551709999999999923e+01
1.492939999999999934e+01
1.612869999999999848e+01
1.641430000000000078e+01
1.583249999999999957e+01
1.565310000000000024e+01
1.559919999999999973e+01
1.650090000000000146e+01
1.492939999999999934e+01
1.650090000000000146e+01
1.557610000000000028e+01
1.648320000000000007e+01
1.615170000000000172e+01
1.537959999999999994e+01
1.492939999999999934e+01
1.599460000000000015e+01
1.581900000000000084e+01
1.537540000000000084e+01
1.492939999999999934e+01
1.600639999999999930e+01
1.579729999999999990e+01
1.566639999999999944e+01
1.492939999999999934e+01
1.567750000000000021e+01
1.492939999999999934e+01
1.562010000000000076e+01
1.492939999999999934e+01
1.492939999999999934e+01
1.594539999999999935e+01
1.650090000000000146e+01
1.492939999999999934e+01
1.637969999999999970e+01
1.640780000000000172e+01
1.551800000000000068e+01
1.492939999999999934e+01
1.492939999999999934e+01
1.542060000000000031e+01
1.650090000000000146e+01
