2.581629999999999825e+01
2.592269999999999897e+01
2.622309999999999874e+01
2.491410000000000124e+01
2.325900000000000034e+01
2.376579999999999870e+01
2.276249999999999929e+01
2.136959999999999837e+01
2.265170000000000172e+01
2.100939999999999941e+01
2.189239999999999853e+01
1.993580000000000041e+01
2.111220000000000141e+01
1.933109999999999928e+01
1.831869999999999976e+01
1.944989999999999952e+01
1.835770000000000124e+01
1.781350000000000122e+01
1.852009999999999934e+01
1.667320000000000135e+01
1.742920000000000158e+01
1.613950000000000173e+01
1.757300000000000040e+01
1.732720000000000127e+01
1.655450000000000088e+01
1.642589999999999861e+01
1.511660000000000004e+01
1.513899999999999935e+01
1.614590000000000103e+01
1.471640000000000015e+01
1.461849999999999916e+01
1.579129999999999967e+01
1.600000000000000000e+01
1.595090000000000074e+01
1.570299999999999940e+01
1.471780000000000044e+01
1.457019999999999982e+01
1.503260000000000041e+01
1.460420000000000051e+01
1.444640000000000057e+01
1.450849999999999973e+01
1.591159999999999997e+01
1.493319999999999936e+01
1.591159999999999997e+01
1.591159999999999997e+01
1.516999999999999993e+01
1.591159999999999997e+01
1.448090000000000011e+01
1.481869999999999976e+01
1.535459999999999958e+01
1.484280000000000044e+01
1.448179999999999978e+01
1.457119999999999926e+01
1.439620000000000033e+01
1.468979999999999997e+01
1.581160000000000032e+01
1.439620000000000033e+01
1.497680000000000078e+01
1.525760000000000005e+01
1.455439999999999934e+01
1.591159999999999997e+01
1.589150000000000063e+01
1.591159999999999997e+01
1.591159999999999997e+01
1.530920000000000059e+01
1.591159999999999997e+01
1.536320000000000086e+01
1.546119999999999983e+01
1.547819999999999929e+01
1.515540000000000020e+01
1.504119999999999990e+01
1.591159999999999997e+01
1.591159999999999997e+01
1.580470000000000041e+01
1.439620000000000033e+01
1.575520000000000032e+01
1.441039999999999921e+01
1.540690000000000026e+01
1.539920000000000044e+01
1.439620000000000033e+01
1.439620000000000033e+01
1.558280000000000065e+01
1.461209999999999987e+01
1.450699999999999967e+01
1.566610000000000014e+01
1.534350000000000058e+01
1.496959999999999980e+01
1.538320000000000043e+01
1.591159999999999997e+01
1.495519999999999960e+01
1.591159999999999997e+01
1.591159999999999997e+01
1.513400000000000034e+01
1.445069999999999943e+01
1.591159999999999997e+01
1.511229999999999940e+01
1.439620000000000033e+01
1.439620000000000033e+01
1.439620000000000033e+01
1.439620000000000033e+01
