2.661230000000000118e+01
2.595860000000000056e+01
2.474640000000000128e+01
2.405740000000000123e+01
2.258030000000000115e+01
2.257389999999999830e+01
2.141619999999999990e+01
2.226450000000000173e+01
2.170540000000000092e+01
2.066799999999999926e+01
1.948369999999999891e+01
1.910020000000000095e+01
1.831869999999999976e+01
1.977870000000000061e+01
1.749549999999999983e+01
1.772990000000000066e+01
1.810239999999999938e+01
1.668830000000000169e+01
1.613950000000000173e+01
1.679070000000000107e+01
1.724970000000000070e+01
1.698780000000000001e+01
1.549290000000000056e+01
1.516639999999999944e+01
1.524230000000000018e+01
1.551009999999999955e+01
1.515210000000000079e+01
1.483130000000000059e+01
1.524619999999999997e+01
1.511589999999999989e+01
1.541329999999999956e+01
1.558409999999999940e+01
1.559500000000000064e+01
1.534140000000000015e+01
1.578379999999999939e+01
1.439620000000000033e+01
1.452399999999999913e+01
1.591159999999999997e+01
1.439620000000000033e+01
1.581620000000000026e+01
1.495780000000000065e+01
1.510929999999999929e+01
1.562940000000000040e+01
1.439620000000000033e+01
1.591159999999999997e+01
1.439620000000000033e+01
1.478049999999999997e+01
1.542389999999999972e+01
1.535379999999999967e+01
1.591159999999999997e+01
1.506060000000000088e+01
1.549920000000000009e+01
1.504809999999999981e+01
1.482370000000000054e+01
1.547840000000000060e+01
1.481949999999999967e+01
1.439620000000000033e+01
1.520139999999999958e+01
1.439620000000000033e+01
1.574239999999999995e+01
1.545149999999999935e+01
1.514819999999999922e+01
1.439620000000000033e+01
1.591159999999999997e+01
1.510870000000000068e+01
1.517510000000000048e+01
1.439620000000000033e+01
1.591159999999999997e+01
1.478379999999999939e+01
1.591159999999999997e+01
1.443679999999999986e+01
1.447310000000000052e+01
1.505199999999999960e+01
1.536430000000000007e+01
1.552180000000000071e+01
1.439620000000000033e+01
1.439620000000000033e+01
1.591159999999999997e+01
1.523240000000000016e+01
1.502519999999999989e+01
1.439620000000000033e+01
1.439620000000000033e+01
1.439620000000000033e+01
1.590859999999999985e+01
1.439620000000000033e+01
1.591159999999999997e+01
1.443329999999999913e+01
1.591159999999999997e+01
1.591159999999999997e+01
1.473809999999999931e+01
1.439620000000000033e+01
1.538449999999999918e+01
1.451409999999999911e+01
1.511330000000000062e+01
1.527130000000000010e+01
1.591159999999999997e+01
1.488690000000000069e+01
1.451789999999999914e+01
1.458389999999999986e+01
1.443939999999999912e+01
