2.688009999999999877e+01
2.702019999999999911e+01
2.611749999999999972e+01
2.284209999999999852e+01
2.208269999999999911e+01
2.359949999999999903e+01
2.187620000000000076e+01
2.132430000000000092e+01
1.933160000000000167e+01
1.871839999999999904e+01
1.812800000000000011e+01
1.921239999999999881e+01
1.883269999999999911e+01
1.827840000000000131e+01
1.714020000000000010e+01
1.726490000000000080e+01
1.654169999999999874e+01
1.574360000000000070e+01
1.534820000000000029e+01
1.467670000000000030e+01
1.382949999999999946e+01
1.498440000000000083e+01
1.362170000000000059e+01
1.388889999999999958e+01
1.420839999999999925e+01
1.385299999999999976e+01
1.289279999999999937e+01
1.364300000000000068e+01
1.366060000000000052e+01
1.241099999999999959e+01
1.292249999999999943e+01
1.337809999999999988e+01
1.358699999999999974e+01
1.370159999999999911e+01
1.333060000000000045e+01
1.327089999999999925e+01
1.370159999999999911e+01
1.261069999999999958e+01
1.370159999999999911e+01
1.287560000000000038e+01
1.370159999999999911e+01
1.263449999999999918e+01
1.352519999999999989e+01
1.259960000000000058e+01
1.273249999999999993e+01
1.304049999999999976e+01
1.262819999999999965e+01
1.306070000000000064e+01
1.357809999999999917e+01
1.239669999999999916e+01
1.370159999999999911e+01
1.339980000000000082e+01
1.370159999999999911e+01
1.273659999999999926e+01
1.239669999999999916e+01
1.329609999999999914e+01
1.357210000000000072e+01
1.370159999999999911e+01
1.362110000000000021e+01
1.324649999999999928e+01
1.307160000000000011e+01
1.370159999999999911e+01
1.337560000000000038e+01
1.370159999999999911e+01
1.345919999999999916e+01
1.370159999999999911e+01
1.239669999999999916e+01
1.328420000000000023e+01
1.297450000000000081e+01
1.277299999999999969e+01
1.370159999999999911e+01
1.370159999999999911e+01
1.239669999999999916e+01
1.370159999999999911e+01
1.370159999999999911e+01
1.370159999999999911e+01
1.370159999999999911e+01
1.246359999999999957e+01
1.250719999999999921e+01
1.318989999999999974e+01
1.261350000000000016e+01
1.370159999999999911e+01
1.277590000000000003e+01
1.370159999999999911e+01
1.303459999999999930e+01
1.324699999999999989e+01
1.239669999999999916e+01
1.290970000000000084e+01
1.270180000000000042e+01
1.318469999999999942e+01
1.293130000000000024e+01
1.370159999999999911e+01
1.270219999999999949e+01
1.370159999999999911e+01
1.290019999999999989e+01
1.253430000000000000e+01
1.286630000000000074e+01
1.293880000000000052e+01
1.329989999999999917e+01
1.317869999999999919e+01
