2.529220000000000113e+01
2.575659999999999883e+01
2.452380000000000138e+01
2.459130000000000038e+01
2.442389999999999972e+01
2.401879999999999882e+01
2.282700000000000173e+01
2.248369999999999891e+01
2.052469999999999928e+01
1.993110000000000070e+01
1.995990000000000109e+01
2.094979999999999976e+01
1.941639999999999944e+01
1.814770000000000039e+01
1.949269999999999925e+01
1.747289999999999921e+01
1.783050000000000068e+01
1.822990000000000066e+01
1.665609999999999857e+01
1.669529999999999959e+01
1.716140000000000043e+01
1.684840000000000160e+01
1.539589999999999925e+01
1.627029999999999887e+01
1.599750000000000050e+01
1.581220000000000070e+01
1.462880000000000003e+01
1.395480000000000054e+01
1.495170000000000066e+01
1.368130000000000024e+01
1.410200000000000031e+01
1.360580000000000034e+01
1.341769999999999996e+01
1.423109999999999964e+01
1.368909999999999982e+01
1.473290000000000077e+01
1.471759999999999913e+01
1.398099999999999987e+01
1.385670000000000002e+01
1.466830000000000034e+01
1.453490000000000038e+01
1.355969999999999942e+01
1.403860000000000063e+01
1.473290000000000077e+01
1.428260000000000041e+01
1.368810000000000038e+01
1.427229999999999954e+01
1.457569999999999943e+01
1.360970000000000013e+01
1.359169999999999945e+01
1.332980000000000054e+01
1.398770000000000024e+01
1.340070000000000050e+01
1.460260000000000069e+01
1.413390000000000057e+01
1.332980000000000054e+01
1.452089999999999925e+01
1.353229999999999933e+01
1.430519999999999925e+01
1.332980000000000054e+01
1.473000000000000043e+01
1.440700000000000003e+01
1.442500000000000071e+01
1.472090000000000032e+01
1.332980000000000054e+01
1.455039999999999978e+01
1.406160000000000032e+01
1.473290000000000077e+01
1.374499999999999922e+01
1.332980000000000054e+01
1.421519999999999939e+01
1.332980000000000054e+01
1.365770000000000017e+01
1.470829999999999949e+01
1.473290000000000077e+01
1.380039999999999978e+01
1.438410000000000011e+01
1.473290000000000077e+01
1.346039999999999992e+01
1.473290000000000077e+01
1.332980000000000054e+01
1.406409999999999982e+01
1.430030000000000001e+01
1.402950000000000053e+01
1.421659999999999968e+01
1.382869999999999955e+01
1.460979999999999990e+01
1.332980000000000054e+01
1.447760000000000069e+01
1.473290000000000077e+01
1.332980000000000054e+01
1.389840000000000053e+01
1.436800000000000033e+01
1.385670000000000002e+01
1.470040000000000013e+01
1.473290000000000077e+01
1.472070000000000078e+01
1.433820000000000050e+01
1.338279999999999959e+01
1.473290000000000077e+01
