2.780709999999999837e+01
2.535770000000000124e+01
2.549089999999999989e+01
2.481540000000000035e+01
2.264310000000000045e+01
2.203249999999999886e+01
2.144269999999999854e+01
2.222180000000000177e+01
2.124800000000000111e+01
1.979739999999999966e+01
1.929029999999999845e+01
2.042490000000000094e+01
1.969190000000000040e+01
1.977680000000000149e+01
1.843169999999999931e+01
1.706550000000000011e+01
1.843860000000000099e+01
1.706869999999999976e+01
1.733689999999999998e+01
1.642539999999999978e+01
1.675639999999999930e+01
1.652199999999999847e+01
1.560810000000000031e+01
1.481910000000000061e+01
1.587669999999999959e+01
1.517389999999999972e+01
1.436890000000000001e+01
1.440690000000000026e+01
1.370229999999999926e+01
1.471460000000000079e+01
1.396080000000000076e+01
1.443859999999999921e+01
1.349929999999999986e+01
1.474440000000000062e+01
1.473290000000000077e+01
1.391130000000000067e+01
1.407049999999999912e+01
1.473290000000000077e+01
1.332980000000000054e+01
1.412969999999999970e+01
1.418280000000000030e+01
1.353560000000000052e+01
1.350810000000000066e+01
1.383409999999999940e+01
1.473290000000000077e+01
1.382109999999999950e+01
1.413889999999999958e+01
1.473290000000000077e+01
1.473290000000000077e+01
1.473290000000000077e+01
1.376449999999999996e+01
1.469040000000000035e+01
1.401459999999999972e+01
1.448620000000000019e+01
1.377200000000000024e+01
1.369229999999999947e+01
1.389020000000000010e+01
1.454480000000000040e+01
1.388710000000000022e+01
1.473290000000000077e+01
1.456639999999999979e+01
1.332980000000000054e+01
1.419679999999999964e+01
1.332980000000000054e+01
1.432610000000000028e+01
1.414070000000000071e+01
1.450799999999999912e+01
1.362439999999999962e+01
1.473290000000000077e+01
1.346720000000000006e+01
1.473290000000000077e+01
1.410169999999999924e+01
1.435849999999999937e+01
1.335510000000000019e+01
1.382339999999999947e+01
1.472429999999999950e+01
1.436609999999999943e+01
1.391949999999999932e+01
1.332980000000000054e+01
1.342580000000000062e+01
1.372789999999999999e+01
1.473290000000000077e+01
1.467779999999999951e+01
1.448489999999999966e+01
1.445839999999999925e+01
1.434709999999999930e+01
1.473290000000000077e+01
1.433900000000000041e+01
1.446480000000000032e+01
1.343309999999999960e+01
1.473290000000000077e+01
1.473290000000000077e+01
1.338480000000000025e+01
1.420659999999999989e+01
1.460529999999999973e+01
1.337170000000000059e+01
1.402699999999999925e+01
1.418740000000000023e+01
1.473290000000000077e+01
1.332980000000000054e+01
