2.699500000000000099e+01
2.687699999999999889e+01
2.346450000000000102e+01
2.374699999999999989e+01
2.349399999999999977e+01
2.184390000000000143e+01
2.126030000000000086e+01
1.948770000000000024e+01
2.068560000000000088e+01
1.960089999999999932e+01
1.750779999999999959e+01
1.730900000000000105e+01
1.720309999999999917e+01
1.583239999999999981e+01
1.564690000000000047e+01
1.488470000000000049e+01
1.522719999999999985e+01
1.407249999999999979e+01
1.371710000000000029e+01
1.470199999999999996e+01
1.342939999999999934e+01
1.364160000000000039e+01
1.364930000000000021e+01
1.375820000000000043e+01
1.289109999999999978e+01
1.345889999999999986e+01
1.322969999999999935e+01
1.292709999999999937e+01
1.311379999999999946e+01
1.202480000000000082e+01
1.324680000000000035e+01
1.329059999999999953e+01
1.216489999999999938e+01
1.250259999999999927e+01
1.202480000000000082e+01
1.329059999999999953e+01
1.230139999999999922e+01
1.202480000000000082e+01
1.314199999999999946e+01
1.270500000000000007e+01
1.329059999999999953e+01
1.324740000000000073e+01
1.202480000000000082e+01
1.226299999999999990e+01
1.287030000000000030e+01
1.266249999999999964e+01
1.329059999999999953e+01
1.268280000000000030e+01
1.211519999999999975e+01
1.329059999999999953e+01
1.329059999999999953e+01
1.209869999999999912e+01
1.250430000000000064e+01
1.297799999999999976e+01
1.294619999999999926e+01
1.265639999999999965e+01
1.329059999999999953e+01
1.310289999999999999e+01
1.254720000000000013e+01
1.329059999999999953e+01
1.203309999999999924e+01
1.329059999999999953e+01
1.278209999999999980e+01
1.265729999999999933e+01
1.261669999999999980e+01
1.269449999999999967e+01
1.229049999999999976e+01
1.313899999999999935e+01
1.312790000000000035e+01
1.202480000000000082e+01
1.329059999999999953e+01
1.329059999999999953e+01
1.232920000000000016e+01
1.321819999999999951e+01
1.249709999999999965e+01
1.244979999999999976e+01
1.329059999999999953e+01
1.244330000000000069e+01
1.206879999999999953e+01
1.202480000000000082e+01
1.269619999999999926e+01
1.202480000000000082e+01
1.329059999999999953e+01
1.202480000000000082e+01
1.265530000000000044e+01
1.202480000000000082e+01
1.312959999999999994e+01
1.202480000000000082e+01
1.215470000000000006e+01
1.329059999999999953e+01
1.202480000000000082e+01
1.283600000000000030e+01
1.202480000000000082e+01
1.202480000000000082e+01
1.251549999999999940e+01
1.290639999999999965e+01
1.264419999999999966e+01
1.230889999999999951e+01
1.307719999999999949e+01
1.202480000000000082e+01
