2.529220000000000113e+01
2.687849999999999895e+01
2.595670000000000144e+01
2.296740000000000137e+01
2.364079999999999870e+01
2.305349999999999966e+01
2.252029999999999887e+01
2.191540000000000177e+01
2.134400000000000119e+01
1.900379999999999825e+01
1.980409999999999826e+01
1.859230000000000160e+01
1.849429999999999907e+01
1.714770000000000039e+01
1.742530000000000001e+01
1.656779999999999831e+01
1.715080000000000027e+01
1.659680000000000177e+01
1.477340000000000053e+01
1.555460000000000065e+01
1.413719999999999999e+01
1.426919999999999966e+01
1.452500000000000036e+01
1.444650000000000034e+01
1.406840000000000046e+01
1.332659999999999911e+01
1.356329999999999991e+01
1.307869999999999955e+01
1.380109999999999992e+01
1.257629999999999981e+01
1.233419999999999916e+01
1.339819999999999922e+01
1.248969999999999914e+01
1.298789999999999978e+01
1.228340000000000032e+01
1.228340000000000032e+01
1.228739999999999988e+01
1.228340000000000032e+01
1.285410000000000075e+01
1.305189999999999984e+01
1.256429999999999936e+01
1.241799999999999926e+01
1.270960000000000001e+01
1.230039999999999978e+01
1.357639999999999958e+01
1.284409999999999918e+01
1.228340000000000032e+01
1.303120000000000012e+01
1.321780000000000044e+01
1.337959999999999994e+01
1.357639999999999958e+01
1.334869999999999912e+01
1.355819999999999936e+01
1.306780000000000008e+01
1.285289999999999999e+01
1.330669999999999931e+01
1.357639999999999958e+01
1.357639999999999958e+01
1.272230000000000061e+01
1.248170000000000002e+01
1.256809999999999938e+01
1.278769999999999918e+01
1.259440000000000026e+01
1.357639999999999958e+01
1.357639999999999958e+01
1.228340000000000032e+01
1.262570000000000014e+01
1.228340000000000032e+01
1.246649999999999991e+01
1.352219999999999978e+01
1.266389999999999993e+01
1.290189999999999948e+01
1.228340000000000032e+01
1.357639999999999958e+01
1.257750000000000057e+01
1.293469999999999942e+01
1.233220000000000027e+01
1.228340000000000032e+01
1.228340000000000032e+01
1.281499999999999950e+01
1.228340000000000032e+01
1.324849999999999994e+01
1.352159999999999940e+01
1.317830000000000013e+01
1.306010000000000026e+01
1.283849999999999980e+01
1.288679999999999914e+01
1.346080000000000076e+01
1.231070000000000064e+01
1.231099999999999994e+01
1.228340000000000032e+01
1.319849999999999923e+01
1.251110000000000078e+01
1.238729999999999976e+01
1.228340000000000032e+01
1.303049999999999997e+01
1.294710000000000072e+01
1.262650000000000006e+01
1.233469999999999978e+01
1.228340000000000032e+01
