2.717089999999999961e+01
2.711499999999999844e+01
2.458539999999999992e+01
2.309080000000000155e+01
2.476719999999999899e+01
2.202449999999999974e+01
2.149729999999999919e+01
2.072739999999999938e+01
1.993669999999999831e+01
2.118880000000000052e+01
2.083999999999999986e+01
2.025169999999999959e+01
1.865419999999999945e+01
1.773959999999999937e+01
1.834700000000000131e+01
1.698720000000000141e+01
1.630900000000000105e+01
1.588139999999999930e+01
1.662040000000000006e+01
1.673519999999999897e+01
1.657130000000000081e+01
1.474849999999999994e+01
1.605910000000000082e+01
1.442060000000000031e+01
1.416920000000000002e+01
1.480189999999999984e+01
1.397579999999999956e+01
1.527650000000000041e+01
1.429669999999999952e+01
1.481240000000000023e+01
1.413400000000000034e+01
1.414620000000000033e+01
1.405879999999999974e+01
1.490869999999999962e+01
1.370570000000000022e+01
1.370570000000000022e+01
1.478340000000000032e+01
1.406980000000000075e+01
1.441779999999999973e+01
1.407019999999999982e+01
1.508009999999999984e+01
1.452560000000000073e+01
1.469749999999999979e+01
1.370570000000000022e+01
1.407830000000000048e+01
1.458150000000000013e+01
1.370570000000000022e+01
1.463380000000000081e+01
1.438850000000000051e+01
1.407140000000000057e+01
1.370570000000000022e+01
1.410919999999999952e+01
1.514840000000000053e+01
1.383189999999999920e+01
1.397569999999999979e+01
1.514840000000000053e+01
1.405770000000000053e+01
1.370570000000000022e+01
1.441000000000000014e+01
1.434029999999999916e+01
1.514840000000000053e+01
1.370570000000000022e+01
1.450220000000000020e+01
1.498019999999999996e+01
1.514840000000000053e+01
1.446860000000000035e+01
1.430760000000000076e+01
1.404190000000000005e+01
1.370570000000000022e+01
1.418679999999999986e+01
1.514840000000000053e+01
1.505219999999999914e+01
1.507590000000000074e+01
1.498629999999999995e+01
1.514840000000000053e+01
1.370570000000000022e+01
1.425980000000000025e+01
1.457830000000000048e+01
1.370570000000000022e+01
1.475719999999999921e+01
1.421250000000000036e+01
1.514840000000000053e+01
1.453550000000000075e+01
1.373450000000000060e+01
1.370570000000000022e+01
1.416350000000000087e+01
1.407080000000000020e+01
1.483960000000000079e+01
1.458699999999999974e+01
1.426800000000000068e+01
1.514840000000000053e+01
1.382119999999999926e+01
1.370570000000000022e+01
1.389930000000000021e+01
1.514840000000000053e+01
1.370570000000000022e+01
1.514840000000000053e+01
1.455990000000000073e+01
1.455620000000000047e+01
1.415160000000000018e+01
