2.698079999999999856e+01
2.710600000000000165e+01
2.413129999999999953e+01
2.306970000000000098e+01
2.420579999999999998e+01
2.333129999999999882e+01
2.133310000000000173e+01
2.048359999999999914e+01
2.199960000000000093e+01
2.082400000000000162e+01
2.054210000000000136e+01
1.989679999999999893e+01
1.935030000000000072e+01
1.860729999999999862e+01
1.720560000000000045e+01
1.810249999999999915e+01
1.763449999999999918e+01
1.687290000000000134e+01
1.603040000000000020e+01
1.663540000000000063e+01
1.657019999999999982e+01
1.482629999999999981e+01
1.497799999999999976e+01
1.597020000000000017e+01
1.504100000000000037e+01
1.528739999999999988e+01
1.419319999999999915e+01
1.549380000000000024e+01
1.515879999999999939e+01
1.459820000000000029e+01
1.543420000000000059e+01
1.516029999999999944e+01
1.543420000000000059e+01
1.478950000000000031e+01
1.543420000000000059e+01
1.512379999999999924e+01
1.410210000000000008e+01
1.481049999999999933e+01
1.542999999999999972e+01
1.543420000000000059e+01
1.396429999999999971e+01
1.536350000000000016e+01
1.489530000000000065e+01
1.543420000000000059e+01
1.517500000000000071e+01
1.543420000000000059e+01
1.543420000000000059e+01
1.543420000000000059e+01
1.489550000000000018e+01
1.396429999999999971e+01
1.396429999999999971e+01
1.543420000000000059e+01
1.505770000000000053e+01
1.523220000000000063e+01
1.543420000000000059e+01
1.543420000000000059e+01
1.487320000000000064e+01
1.543420000000000059e+01
1.474140000000000050e+01
1.396429999999999971e+01
1.491029999999999944e+01
1.519359999999999999e+01
1.396429999999999971e+01
1.439489999999999981e+01
1.396429999999999971e+01
1.520449999999999946e+01
1.492159999999999975e+01
1.396429999999999971e+01
1.478250000000000064e+01
1.439579999999999949e+01
1.501420000000000066e+01
1.427239999999999931e+01
1.483220000000000027e+01
1.543420000000000059e+01
1.396429999999999971e+01
1.443759999999999977e+01
1.494250000000000078e+01
1.502149999999999963e+01
1.543420000000000059e+01
1.486780000000000079e+01
1.427480000000000082e+01
1.398990000000000045e+01
1.491060000000000052e+01
1.523809999999999931e+01
1.396429999999999971e+01
1.521759999999999913e+01
1.468340000000000067e+01
1.416920000000000002e+01
1.543140000000000001e+01
1.472029999999999994e+01
1.396429999999999971e+01
1.396429999999999971e+01
1.495720000000000027e+01
1.396429999999999971e+01
1.525539999999999985e+01
1.419270000000000032e+01
1.396429999999999971e+01
1.517919999999999980e+01
1.525910000000000011e+01
1.419640000000000057e+01
