2.704269999999999996e+01
2.708719999999999928e+01
2.493059999999999832e+01
2.381400000000000006e+01
2.408190000000000097e+01
2.390240000000000009e+01
2.274050000000000082e+01
2.195570000000000022e+01
2.054040000000000177e+01
2.038540000000000063e+01
1.891240000000000165e+01
1.919529999999999959e+01
1.942370000000000019e+01
1.773580000000000112e+01
1.811540000000000106e+01
1.643819999999999837e+01
1.679240000000000066e+01
1.630529999999999902e+01
1.623430000000000106e+01
1.584639999999999915e+01
1.526580000000000048e+01
1.446560000000000024e+01
1.526360000000000028e+01
1.492290000000000028e+01
1.357479999999999976e+01
1.480279999999999951e+01
1.397959999999999958e+01
1.381479999999999997e+01
1.378049999999999997e+01
1.298140000000000072e+01
1.404679999999999929e+01
1.308619999999999983e+01
1.395579999999999998e+01
1.339209999999999923e+01
1.292989999999999995e+01
1.292989999999999995e+01
1.348850000000000016e+01
1.419400000000000084e+01
1.292989999999999995e+01
1.342859999999999943e+01
1.429090000000000060e+01
1.292989999999999995e+01
1.427710000000000079e+01
1.419100000000000072e+01
1.429090000000000060e+01
1.292989999999999995e+01
1.306620000000000026e+01
1.353500000000000014e+01
1.385749999999999993e+01
1.429090000000000060e+01
1.374619999999999997e+01
1.380300000000000082e+01
1.392179999999999929e+01
1.313599999999999923e+01
1.328870000000000040e+01
1.429090000000000060e+01
1.329279999999999973e+01
1.429090000000000060e+01
1.429090000000000060e+01
1.412899999999999956e+01
1.322509999999999941e+01
1.368909999999999982e+01
1.365779999999999994e+01
1.378780000000000072e+01
1.321879999999999988e+01
1.386330000000000062e+01
1.379449999999999932e+01
1.429090000000000060e+01
1.292989999999999995e+01
1.292989999999999995e+01
1.306329999999999991e+01
1.418529999999999980e+01
1.298590000000000089e+01
1.292989999999999995e+01
1.401829999999999998e+01
1.324750000000000050e+01
1.408150000000000013e+01
1.292989999999999995e+01
1.383590000000000053e+01
1.292999999999999972e+01
1.342389999999999972e+01
1.333859999999999957e+01
1.338240000000000052e+01
1.385810000000000031e+01
1.295309999999999917e+01
1.379720000000000013e+01
1.384989999999999988e+01
1.429090000000000060e+01
1.429090000000000060e+01
1.338320000000000043e+01
1.429090000000000060e+01
1.392109999999999914e+01
1.292989999999999995e+01
1.396799999999999997e+01
1.339279999999999937e+01
1.363499999999999979e+01
1.429090000000000060e+01
1.346049999999999969e+01
1.333169999999999966e+01
1.429090000000000060e+01
