2.787659999999999982e+01
2.624960000000000093e+01
2.420299999999999940e+01
2.379840000000000089e+01
2.363980000000000103e+01
2.203810000000000002e+01
2.243250000000000099e+01
2.198789999999999978e+01
2.113360000000000127e+01
2.098610000000000042e+01
1.926190000000000069e+01
1.977159999999999940e+01
1.738190000000000168e+01
1.788690000000000069e+01
1.773949999999999960e+01
1.624780000000000157e+01
1.649360000000000070e+01
1.602359999999999829e+01
1.606850000000000023e+01
1.525839999999999996e+01
1.430349999999999966e+01
1.488069999999999915e+01
1.410599999999999987e+01
1.360299999999999976e+01
1.353449999999999953e+01
1.423789999999999978e+01
1.314969999999999928e+01
1.442759999999999998e+01
1.435169999999999924e+01
1.430610000000000070e+01
1.359140000000000015e+01
1.429090000000000060e+01
1.400259999999999927e+01
1.429090000000000060e+01
1.429090000000000060e+01
1.292989999999999995e+01
1.429090000000000060e+01
1.429090000000000060e+01
1.319050000000000011e+01
1.429090000000000060e+01
1.429090000000000060e+01
1.292989999999999995e+01
1.363669999999999938e+01
1.429090000000000060e+01
1.292989999999999995e+01
1.429090000000000060e+01
1.421739999999999959e+01
1.335110000000000063e+01
1.429090000000000060e+01
1.361149999999999949e+01
1.292989999999999995e+01
1.400380000000000003e+01
1.317789999999999928e+01
1.429090000000000060e+01
1.318079999999999963e+01
1.362979999999999947e+01
1.429090000000000060e+01
1.292989999999999995e+01
1.411710000000000065e+01
1.372600000000000087e+01
1.365160000000000018e+01
1.303459999999999930e+01
1.417259999999999920e+01
1.429090000000000060e+01
1.332140000000000057e+01
1.358510000000000062e+01
1.429090000000000060e+01
1.308730000000000082e+01
1.292989999999999995e+01
1.428560000000000052e+01
1.300290000000000035e+01
1.305359999999999943e+01
1.328340000000000032e+01
1.301800000000000068e+01
1.292989999999999995e+01
1.319149999999999956e+01
1.321279999999999966e+01
1.429090000000000060e+01
1.312420000000000009e+01
1.392050000000000054e+01
1.292989999999999995e+01
1.292989999999999995e+01
1.362599999999999945e+01
1.292989999999999995e+01
1.292989999999999995e+01
1.292989999999999995e+01
1.405480000000000018e+01
1.351329999999999920e+01
1.316980000000000040e+01
1.292989999999999995e+01
1.294410000000000061e+01
1.369159999999999933e+01
1.388899999999999935e+01
1.292989999999999995e+01
1.292989999999999995e+01
1.306780000000000008e+01
1.292989999999999995e+01
1.329669999999999952e+01
1.292989999999999995e+01
1.316179999999999950e+01
