2.795449999999999946e+01
2.723280000000000101e+01
2.471150000000000091e+01
2.528480000000000061e+01
2.520090000000000074e+01
2.325809999999999889e+01
2.299080000000000013e+01
2.218090000000000117e+01
2.181889999999999930e+01
2.147820000000000107e+01
2.173659999999999926e+01
2.123699999999999832e+01
1.977809999999999846e+01
1.837059999999999960e+01
1.983790000000000120e+01
1.905059999999999931e+01
1.754840000000000089e+01
1.780030000000000001e+01
1.661250000000000071e+01
1.686029999999999873e+01
1.623130000000000095e+01
1.643370000000000175e+01
1.614519999999999911e+01
1.545829999999999949e+01
1.618220000000000169e+01
1.556220000000000070e+01
1.511989999999999945e+01
1.486519999999999975e+01
1.538150000000000084e+01
1.505000000000000071e+01
1.480840000000000067e+01
1.553149999999999942e+01
1.536800000000000033e+01
1.435219999999999985e+01
1.499310000000000009e+01
1.586289999999999978e+01
1.586289999999999978e+01
1.563969999999999949e+01
1.521860000000000035e+01
1.530540000000000056e+01
1.435219999999999985e+01
1.516210000000000058e+01
1.586289999999999978e+01
1.471470000000000056e+01
1.481850000000000023e+01
1.585670000000000002e+01
1.586289999999999978e+01
1.564160000000000039e+01
1.451609999999999978e+01
1.579199999999999982e+01
1.586289999999999978e+01
1.562359999999999971e+01
1.464530000000000065e+01
1.540639999999999965e+01
1.480829999999999913e+01
1.440690000000000026e+01
1.543040000000000056e+01
1.567290000000000028e+01
1.562630000000000052e+01
1.446819999999999951e+01
1.511589999999999989e+01
1.564109999999999978e+01
1.435219999999999985e+01
1.471669999999999945e+01
1.517309999999999981e+01
1.435219999999999985e+01
1.435219999999999985e+01
1.435219999999999985e+01
1.546560000000000024e+01
1.489349999999999952e+01
1.435219999999999985e+01
1.508189999999999920e+01
1.503919999999999924e+01
1.586289999999999978e+01
1.582179999999999964e+01
1.450839999999999996e+01
1.435219999999999985e+01
1.436829999999999963e+01
1.471020000000000039e+01
1.547339999999999982e+01
1.435219999999999985e+01
1.533259999999999934e+01
1.435219999999999985e+01
1.499339999999999939e+01
1.468110000000000070e+01
1.586289999999999978e+01
1.444059999999999988e+01
1.554199999999999982e+01
1.481709999999999994e+01
1.496330000000000027e+01
1.586289999999999978e+01
1.586289999999999978e+01
1.586289999999999978e+01
1.586289999999999978e+01
1.551360000000000028e+01
1.509259999999999913e+01
1.494439999999999991e+01
1.521289999999999942e+01
1.573479999999999990e+01
1.573339999999999961e+01
