2.596120000000000161e+01
2.532069999999999865e+01
2.450250000000000128e+01
2.401620000000000132e+01
2.370100000000000051e+01
2.390240000000000009e+01
2.242670000000000030e+01
2.141769999999999996e+01
2.132179999999999964e+01
2.056779999999999831e+01
2.033719999999999928e+01
1.997820000000000107e+01
1.772779999999999845e+01
1.709779999999999944e+01
1.664760000000000062e+01
1.699269999999999925e+01
1.748999999999999844e+01
1.641319999999999979e+01
1.578289999999999971e+01
1.598460000000000036e+01
1.510389999999999944e+01
1.421630000000000038e+01
1.452640000000000065e+01
1.457559999999999967e+01
1.356020000000000003e+01
1.480279999999999951e+01
1.347189999999999976e+01
1.344319999999999915e+01
1.441890000000000072e+01
1.368790000000000084e+01
1.376370000000000005e+01
1.303919999999999924e+01
1.395129999999999981e+01
1.368319999999999936e+01
1.369289999999999985e+01
1.401430000000000042e+01
1.340840000000000032e+01
1.337160000000000082e+01
1.376159999999999961e+01
1.359079999999999977e+01
1.292989999999999995e+01
1.357830000000000048e+01
1.292989999999999995e+01
1.384290000000000020e+01
1.329229999999999912e+01
1.428950000000000031e+01
1.292989999999999995e+01
1.367800000000000082e+01
1.391189999999999927e+01
1.319359999999999999e+01
1.354110000000000014e+01
1.296550000000000047e+01
1.374649999999999928e+01
1.347330000000000005e+01
1.429090000000000060e+01
1.365970000000000084e+01
1.426270000000000060e+01
1.429090000000000060e+01
1.314799999999999969e+01
1.413449999999999918e+01
1.385200000000000031e+01
1.349280000000000079e+01
1.429090000000000060e+01
1.414750000000000085e+01
1.391029999999999944e+01
1.385940000000000083e+01
1.344190000000000040e+01
1.332579999999999920e+01
1.303519999999999968e+01
1.292989999999999995e+01
1.292989999999999995e+01
1.382060000000000066e+01
1.429090000000000060e+01
1.367789999999999928e+01
1.380910000000000082e+01
1.292989999999999995e+01
1.429090000000000060e+01
1.292989999999999995e+01
1.385190000000000055e+01
1.429090000000000060e+01
1.377580000000000027e+01
1.402679999999999971e+01
1.339610000000000056e+01
1.374530000000000030e+01
1.292989999999999995e+01
1.379749999999999943e+01
1.311389999999999922e+01
1.306700000000000017e+01
1.401929999999999943e+01
1.397600000000000087e+01
1.394810000000000016e+01
1.415709999999999980e+01
1.429090000000000060e+01
1.342639999999999922e+01
1.292989999999999995e+01
1.407799999999999940e+01
1.429090000000000060e+01
1.366080000000000005e+01
1.370459999999999923e+01
1.378389999999999915e+01
