2.795449999999999946e+01
2.453160000000000096e+01
2.550840000000000174e+01
2.460760000000000147e+01
2.370210000000000150e+01
2.313840000000000074e+01
2.246199999999999974e+01
2.173610000000000042e+01
2.112620000000000076e+01
2.048659999999999926e+01
1.923679999999999879e+01
1.825390000000000157e+01
1.775890000000000057e+01
1.800110000000000099e+01
1.861420000000000030e+01
1.718359999999999843e+01
1.669379999999999953e+01
1.564620000000000033e+01
1.529609999999999914e+01
1.497020000000000017e+01
1.518900000000000006e+01
1.533479999999999954e+01
1.440429999999999922e+01
1.495909999999999940e+01
1.514489999999999981e+01
1.352149999999999963e+01
1.477130000000000010e+01
1.360159999999999947e+01
1.312310000000000088e+01
1.303860000000000063e+01
1.357869999999999955e+01
1.422920000000000051e+01
1.292989999999999995e+01
1.341220000000000034e+01
1.327609999999999957e+01
1.292989999999999995e+01
1.429090000000000060e+01
1.323029999999999973e+01
1.428350000000000009e+01
1.350189999999999912e+01
1.422739999999999938e+01
1.378170000000000073e+01
1.429090000000000060e+01
1.292989999999999995e+01
1.377909999999999968e+01
1.353289999999999971e+01
1.292989999999999995e+01
1.296320000000000050e+01
1.342660000000000053e+01
1.319539999999999935e+01
1.383179999999999943e+01
1.429090000000000060e+01
1.305540000000000056e+01
1.327810000000000024e+01
1.292989999999999995e+01
1.428369999999999962e+01
1.292989999999999995e+01
1.382840000000000025e+01
1.429090000000000060e+01
1.377490000000000059e+01
1.325109999999999921e+01
1.429090000000000060e+01
1.317319999999999958e+01
1.345710000000000051e+01
1.292989999999999995e+01
1.327120000000000033e+01
1.307900000000000063e+01
1.297610000000000063e+01
1.429090000000000060e+01
1.360979999999999990e+01
1.412160000000000082e+01
1.304640000000000022e+01
1.370129999999999981e+01
1.346889999999999965e+01
1.332929999999999993e+01
1.339639999999999986e+01
1.334629999999999939e+01
1.429090000000000060e+01
1.379930000000000057e+01
1.300980000000000025e+01
1.333970000000000056e+01
1.360309999999999953e+01
1.292989999999999995e+01
1.292989999999999995e+01
1.292989999999999995e+01
1.404369999999999941e+01
1.326769999999999960e+01
1.292989999999999995e+01
1.292989999999999995e+01
1.321959999999999980e+01
1.393640000000000079e+01
1.313799999999999990e+01
1.425409999999999933e+01
1.294720000000000049e+01
1.357419999999999938e+01
1.301999999999999957e+01
1.429090000000000060e+01
1.349160000000000004e+01
1.429090000000000060e+01
1.429090000000000060e+01
