2.572429999999999950e+01
2.728150000000000119e+01
2.662800000000000011e+01
2.435760000000000147e+01
2.451950000000000074e+01
2.417139999999999844e+01
2.420899999999999963e+01
2.208549999999999969e+01
2.185569999999999879e+01
2.259959999999999880e+01
2.051820000000000022e+01
2.123659999999999926e+01
2.099220000000000041e+01
1.875280000000000058e+01
1.963319999999999865e+01
1.816730000000000089e+01
1.855659999999999954e+01
1.916619999999999990e+01
1.806879999999999953e+01
1.723600000000000065e+01
1.820050000000000168e+01
1.627730000000000032e+01
1.670759999999999934e+01
1.733109999999999928e+01
1.554930000000000057e+01
1.540429999999999922e+01
1.580020000000000024e+01
1.538860000000000028e+01
1.604929999999999879e+01
1.589579999999999949e+01
1.618540000000000134e+01
1.512320000000000064e+01
1.549380000000000024e+01
1.537090000000000067e+01
1.581840000000000046e+01
1.497610000000000063e+01
1.448150000000000048e+01
1.508530000000000015e+01
1.600590000000000046e+01
1.481049999999999933e+01
1.593449999999999989e+01
1.600590000000000046e+01
1.574789999999999957e+01
1.560660000000000025e+01
1.448150000000000048e+01
1.600590000000000046e+01
1.448150000000000048e+01
1.478389999999999915e+01
1.540820000000000078e+01
1.511299999999999955e+01
1.448150000000000048e+01
1.460800000000000054e+01
1.523179999999999978e+01
1.448150000000000048e+01
1.448150000000000048e+01
1.600590000000000046e+01
1.588610000000000078e+01
1.573610000000000042e+01
1.555860000000000021e+01
1.555550000000000033e+01
1.448150000000000048e+01
1.496189999999999998e+01
1.448150000000000048e+01
1.488480000000000025e+01
1.600590000000000046e+01
1.509880000000000067e+01
1.600590000000000046e+01
1.600590000000000046e+01
1.448150000000000048e+01
1.453159999999999918e+01
1.551699999999999946e+01
1.574590000000000067e+01
1.521610000000000085e+01
1.585399999999999920e+01
1.600590000000000046e+01
1.542259999999999920e+01
1.503480000000000061e+01
1.600590000000000046e+01
1.537420000000000009e+01
1.574729999999999919e+01
1.511170000000000080e+01
1.508939999999999948e+01
1.448150000000000048e+01
1.448150000000000048e+01
1.471110000000000007e+01
1.556070000000000064e+01
1.503040000000000020e+01
1.587659999999999982e+01
1.481630000000000003e+01
1.543229999999999968e+01
1.596920000000000073e+01
1.448150000000000048e+01
1.475060000000000038e+01
1.600590000000000046e+01
1.559159999999999968e+01
1.557140000000000057e+01
1.600590000000000046e+01
1.541639999999999944e+01
1.600590000000000046e+01
1.594749999999999979e+01
