2.795449999999999946e+01
2.455949999999999989e+01
2.443519999999999825e+01
2.477509999999999835e+01
2.455630000000000024e+01
2.286809999999999832e+01
2.128160000000000096e+01
2.241949999999999932e+01
2.206820000000000093e+01
1.982280000000000086e+01
1.945700000000000074e+01
1.916310000000000002e+01
2.006149999999999878e+01
1.906360000000000099e+01
1.844660000000000011e+01
1.782620000000000005e+01
1.665390000000000015e+01
1.789120000000000132e+01
1.658020000000000138e+01
1.712500000000000000e+01
1.715670000000000073e+01
1.545010000000000083e+01
1.670200000000000173e+01
1.507310000000000016e+01
1.480289999999999928e+01
1.468720000000000070e+01
1.613370000000000104e+01
1.556760000000000055e+01
1.449430000000000085e+01
1.448150000000000048e+01
1.475029999999999930e+01
1.448150000000000048e+01
1.464039999999999964e+01
1.600590000000000046e+01
1.505809999999999960e+01
1.600590000000000046e+01
1.600590000000000046e+01
1.582089999999999996e+01
1.551270000000000060e+01
1.600590000000000046e+01
1.488860000000000028e+01
1.518229999999999968e+01
1.512870000000000026e+01
1.468449999999999989e+01
1.600590000000000046e+01
1.597139999999999915e+01
1.555700000000000038e+01
1.487229999999999919e+01
1.496410000000000018e+01
1.600590000000000046e+01
1.600590000000000046e+01
1.478270000000000017e+01
1.504579999999999984e+01
1.448150000000000048e+01
1.533999999999999986e+01
1.522139999999999915e+01
1.556900000000000084e+01
1.600590000000000046e+01
1.587579999999999991e+01
1.538490000000000002e+01
1.514620000000000033e+01
1.591109999999999935e+01
1.448150000000000048e+01
1.449719999999999942e+01
1.448150000000000048e+01
1.540750000000000064e+01
1.600590000000000046e+01
1.515409999999999968e+01
1.600590000000000046e+01
1.571610000000000085e+01
1.460050000000000026e+01
1.600590000000000046e+01
1.539789999999999992e+01
1.539279999999999937e+01
1.539910000000000068e+01
1.494309999999999938e+01
1.567999999999999972e+01
1.527120000000000033e+01
1.600590000000000046e+01
1.448150000000000048e+01
1.560100000000000087e+01
1.525650000000000084e+01
1.448150000000000048e+01
1.600590000000000046e+01
1.600590000000000046e+01
1.600590000000000046e+01
1.580419999999999980e+01
1.510169999999999924e+01
1.455180000000000007e+01
1.507879999999999932e+01
1.600590000000000046e+01
1.595819999999999972e+01
1.448150000000000048e+01
1.490920000000000023e+01
1.501420000000000066e+01
1.512030000000000030e+01
1.448150000000000048e+01
1.457349999999999923e+01
1.600590000000000046e+01
1.532249999999999979e+01
