6.036240000000000094e+01
5.754670000000000130e+01
5.818439999999999657e+01
5.704599999999999937e+01
5.444310000000000116e+01
5.323619999999999663e+01
5.374199999999999733e+01
5.156179999999999808e+01
5.040780000000000172e+01
5.029719999999999658e+01
4.453399999999999892e+01
4.525189999999999912e+01
4.268710000000000093e+01
4.474549999999999983e+01
4.097209999999999752e+01
4.331400000000000006e+01
4.055749999999999744e+01
3.874640000000000128e+01
4.193130000000000024e+01
3.914560000000000173e+01
4.047319999999999851e+01
3.600840000000000174e+01
3.774230000000000018e+01
3.697729999999999961e+01
3.799439999999999884e+01
3.506179999999999808e+01
3.471189999999999998e+01
3.304010000000000247e+01
3.398449999999999704e+01
3.571609999999999729e+01
3.499170000000000158e+01
3.385580000000000211e+01
3.478649999999999665e+01
3.454959999999999809e+01
3.167109999999999914e+01
3.228470000000000084e+01
3.211200000000000188e+01
3.084369999999999834e+01
3.068199999999999861e+01
3.222070000000000078e+01
3.344500000000000028e+01
3.268889999999999674e+01
3.389339999999999975e+01
3.389339999999999975e+01
3.389339999999999975e+01
3.112760000000000105e+01
3.120779999999999887e+01
3.222180000000000177e+01
3.347809999999999775e+01
3.389339999999999975e+01
3.200690000000000168e+01
3.389339999999999975e+01
3.152289999999999992e+01
3.180460000000000065e+01
3.343970000000000198e+01
3.093479999999999919e+01
3.112920000000000087e+01
3.389339999999999975e+01
3.211310000000000286e+01
3.132949999999999946e+01
3.157069999999999865e+01
3.125100000000000122e+01
3.066550000000000153e+01
3.103219999999999956e+01
3.172640000000000171e+01
3.359850000000000136e+01
3.365890000000000271e+01
3.159700000000000131e+01
3.389339999999999975e+01
3.066550000000000153e+01
3.200150000000000006e+01
3.105600000000000094e+01
3.389339999999999975e+01
3.333189999999999742e+01
3.389339999999999975e+01
3.342969999999999686e+01
3.217880000000000251e+01
3.246779999999999688e+01
3.348740000000000094e+01
3.389339999999999975e+01
3.372789999999999822e+01
3.066550000000000153e+01
3.389339999999999975e+01
3.069109999999999872e+01
3.254910000000000281e+01
3.201400000000000290e+01
3.312160000000000082e+01
3.129459999999999908e+01
3.338779999999999859e+01
3.066550000000000153e+01
3.276870000000000260e+01
3.129339999999999833e+01
3.342360000000000042e+01
3.389339999999999975e+01
3.238649999999999807e+01
3.389339999999999975e+01
3.159720000000000084e+01
3.373760000000000048e+01
3.133770000000000167e+01
3.185160000000000124e+01
