5.574759999999999849e+01
5.586780000000000257e+01
5.296269999999999811e+01
5.299819999999999709e+01
5.174199999999999733e+01
4.942620000000000147e+01
4.785719999999999885e+01
5.159089999999999776e+01
5.032979999999999876e+01
4.911140000000000327e+01
4.337049999999999983e+01
4.361390000000000100e+01
4.293469999999999942e+01
4.258610000000000184e+01
3.950260000000000105e+01
4.269890000000000185e+01
4.105040000000000333e+01
3.830939999999999657e+01
3.728009999999999735e+01
3.600670000000000215e+01
3.768529999999999802e+01
3.457909999999999684e+01
3.710840000000000316e+01
3.492119999999999891e+01
3.380169999999999675e+01
3.543139999999999645e+01
3.493979999999999819e+01
3.242779999999999774e+01
3.083859999999999957e+01
3.105509999999999948e+01
3.188479999999999848e+01
3.305019999999999669e+01
3.024660000000000082e+01
2.958160000000000167e+01
3.254579999999999984e+01
2.934949999999999903e+01
3.046640000000000015e+01
3.144689999999999941e+01
2.927209999999999823e+01
3.094879999999999853e+01
3.217049999999999699e+01
2.927209999999999823e+01
3.022449999999999903e+01
2.927209999999999823e+01
3.186430000000000007e+01
2.927209999999999823e+01
3.235340000000000060e+01
3.018270000000000053e+01
3.025710000000000122e+01
2.927209999999999823e+01
3.235340000000000060e+01
2.935200000000000031e+01
2.991740000000000066e+01
3.067360000000000042e+01
2.927209999999999823e+01
3.122329999999999828e+01
2.958920000000000172e+01
3.083800000000000097e+01
3.186899999999999977e+01
3.164720000000000155e+01
3.050659999999999883e+01
3.050469999999999970e+01
3.165429999999999922e+01
3.086850000000000094e+01
3.158360000000000056e+01
2.927209999999999823e+01
3.101660000000000039e+01
3.146409999999999840e+01
2.927209999999999823e+01
3.068469999999999942e+01
2.927209999999999823e+01
2.927209999999999823e+01
2.981240000000000023e+01
2.942419999999999902e+01
3.235340000000000060e+01
3.038429999999999964e+01
2.964120000000000132e+01
3.048349999999999937e+01
3.216740000000000066e+01
3.235340000000000060e+01
3.109580000000000055e+01
3.025369999999999848e+01
3.162120000000000175e+01
3.124309999999999832e+01
3.152110000000000056e+01
3.235340000000000060e+01
3.069200000000000017e+01
3.235340000000000060e+01
3.235340000000000060e+01
3.089039999999999964e+01
3.103259999999999863e+01
3.079550000000000054e+01
2.927209999999999823e+01
2.927209999999999823e+01
2.927209999999999823e+01
3.178729999999999833e+01
3.198300000000000054e+01
3.205830000000000268e+01
2.999170000000000158e+01
2.927209999999999823e+01
