5.758890000000000242e+01
5.537069999999999936e+01
5.901449999999999818e+01
5.226500000000000057e+01
5.360810000000000031e+01
5.091199999999999903e+01
4.907260000000000133e+01
5.312650000000000006e+01
4.996779999999999688e+01
4.959279999999999688e+01
4.806880000000000308e+01
4.576339999999999719e+01
4.353470000000000084e+01
4.567949999999999733e+01
4.194449999999999790e+01
4.211869999999999692e+01
4.362879999999999825e+01
4.332330000000000325e+01
3.950339999999999918e+01
3.968119999999999692e+01
4.193050000000000210e+01
4.019919999999999760e+01
3.758200000000000074e+01
3.830069999999999908e+01
3.767229999999999990e+01
3.790330000000000155e+01
3.507469999999999999e+01
3.635960000000000036e+01
3.665010000000000190e+01
3.495450000000000301e+01
3.484239999999999782e+01
3.494519999999999982e+01
3.343869999999999720e+01
3.318229999999999791e+01
3.433670000000000044e+01
3.292790000000000106e+01
3.284839999999999804e+01
3.450710000000000122e+01
3.316179999999999950e+01
3.486840000000000117e+01
3.428179999999999694e+01
3.623579999999999757e+01
3.618910000000000338e+01
3.326030000000000086e+01
3.623579999999999757e+01
3.278479999999999706e+01
3.447429999999999950e+01
3.400010000000000332e+01
3.382399999999999807e+01
3.278479999999999706e+01
3.299710000000000321e+01
3.484140000000000015e+01
3.623579999999999757e+01
3.598290000000000077e+01
3.278479999999999706e+01
3.514900000000000091e+01
3.348279999999999745e+01
3.278479999999999706e+01
3.525090000000000146e+01
3.452109999999999701e+01
3.448080000000000211e+01
3.550169999999999959e+01
3.623579999999999757e+01
3.542119999999999891e+01
3.278479999999999706e+01
3.623579999999999757e+01
3.278479999999999706e+01
3.623579999999999757e+01
3.386500000000000199e+01
3.353090000000000259e+01
3.623579999999999757e+01
3.623579999999999757e+01
3.278479999999999706e+01
3.455499999999999972e+01
3.295810000000000173e+01
3.623579999999999757e+01
3.375999999999999801e+01
3.278479999999999706e+01
3.278479999999999706e+01
3.609219999999999828e+01
3.365570000000000306e+01
3.410710000000000264e+01
3.278479999999999706e+01
3.623579999999999757e+01
3.568549999999999756e+01
3.614650000000000318e+01
3.623579999999999757e+01
3.623579999999999757e+01
3.439330000000000354e+01
3.278479999999999706e+01
3.623579999999999757e+01
3.483539999999999992e+01
3.353070000000000306e+01
3.623579999999999757e+01
3.589849999999999852e+01
3.623579999999999757e+01
3.278479999999999706e+01
3.454849999999999710e+01
3.446840000000000259e+01
3.278479999999999706e+01
