5.849360000000000070e+01
5.958140000000000214e+01
5.924589999999999890e+01
5.256880000000000308e+01
5.496509999999999962e+01
5.453150000000000119e+01
5.062109999999999843e+01
4.978300000000000125e+01
5.014840000000000231e+01
5.016859999999999786e+01
4.602429999999999666e+01
4.588819999999999766e+01
4.633010000000000161e+01
4.359349999999999881e+01
4.283310000000000173e+01
4.209759999999999991e+01
4.335620000000000118e+01
4.366890000000000072e+01
4.004070000000000107e+01
4.309210000000000207e+01
4.287780000000000058e+01
4.096340000000000003e+01
4.022879999999999967e+01
3.711129999999999995e+01
3.660020000000000095e+01
3.913900000000000290e+01
3.940570000000000306e+01
3.588430000000000319e+01
3.571220000000000283e+01
3.562250000000000227e+01
3.417379999999999995e+01
3.450289999999999679e+01
3.611540000000000106e+01
3.525869999999999749e+01
3.535719999999999885e+01
3.596379999999999910e+01
3.501939999999999742e+01
3.453020000000000067e+01
3.447220000000000084e+01
3.275840000000000174e+01
3.516210000000000235e+01
3.408919999999999817e+01
3.340729999999999933e+01
3.495550000000000068e+01
3.173849999999999838e+01
3.319890000000000185e+01
3.222639999999999816e+01
3.405100000000000193e+01
3.161390000000000100e+01
3.367340000000000089e+01
3.243950000000000244e+01
3.494169999999999732e+01
3.161390000000000100e+01
3.494169999999999732e+01
3.300970000000000226e+01
3.389929999999999666e+01
3.164249999999999829e+01
3.345580000000000354e+01
3.312259999999999849e+01
3.304930000000000234e+01
3.491190000000000282e+01
3.161929999999999907e+01
3.437980000000000302e+01
3.172950000000000159e+01
3.161390000000000100e+01
3.328199999999999648e+01
3.448749999999999716e+01
3.244140000000000157e+01
3.281269999999999953e+01
3.179520000000000124e+01
3.494169999999999732e+01
3.161390000000000100e+01
3.161390000000000100e+01
3.494169999999999732e+01
3.161390000000000100e+01
3.494169999999999732e+01
3.219169999999999732e+01
3.161390000000000100e+01
3.293160000000000309e+01
3.258370000000000033e+01
3.212989999999999924e+01
3.218229999999999791e+01
3.447099999999999653e+01
3.161390000000000100e+01
3.199869999999999948e+01
3.224260000000000304e+01
3.494169999999999732e+01
3.314099999999999824e+01
3.276200000000000045e+01
3.161390000000000100e+01
3.161390000000000100e+01
3.161390000000000100e+01
3.216479999999999961e+01
3.494169999999999732e+01
3.304699999999999704e+01
3.435439999999999827e+01
3.494169999999999732e+01
3.494169999999999732e+01
3.183650000000000091e+01
3.188410000000000011e+01
