6.064370000000000260e+01
5.442949999999999733e+01
5.736919999999999931e+01
5.636760000000000304e+01
5.067060000000000031e+01
5.446790000000000020e+01
5.038430000000000319e+01
4.738219999999999743e+01
4.875350000000000250e+01
4.627570000000000050e+01
4.403159999999999741e+01
4.379529999999999745e+01
4.650829999999999842e+01
4.512129999999999797e+01
4.449389999999999645e+01
4.162250000000000227e+01
3.928490000000000038e+01
4.174219999999999686e+01
3.850589999999999691e+01
3.860979999999999990e+01
3.772249999999999659e+01
3.626259999999999906e+01
3.678110000000000213e+01
3.366620000000000346e+01
3.309660000000000224e+01
3.598700000000000188e+01
3.542949999999999733e+01
3.490789999999999793e+01
3.260889999999999844e+01
3.224539999999999651e+01
3.275909999999999656e+01
3.117729999999999890e+01
2.971199999999999974e+01
3.131200000000000117e+01
3.226409999999999911e+01
2.945799999999999841e+01
2.992940000000000111e+01
3.003470000000000084e+01
3.000159999999999982e+01
3.145479999999999876e+01
2.845060000000000144e+01
2.846829999999999927e+01
3.036360000000000170e+01
2.866280000000000072e+01
3.035719999999999885e+01
2.858200000000000074e+01
2.894640000000000057e+01
3.030580000000000140e+01
2.934339999999999904e+01
2.909990000000000165e+01
3.138279999999999959e+01
3.007100000000000151e+01
3.138279999999999959e+01
2.839399999999999835e+01
2.960920000000000130e+01
2.839399999999999835e+01
3.056259999999999977e+01
2.855069999999999908e+01
3.095909999999999940e+01
3.115990000000000038e+01
2.839399999999999835e+01
3.081340000000000146e+01
3.008330000000000126e+01
2.872650000000000148e+01
2.839399999999999835e+01
3.002169999999999916e+01
2.975919999999999987e+01
3.138279999999999959e+01
3.050870000000000104e+01
3.138279999999999959e+01
2.977860000000000085e+01
3.138279999999999959e+01
2.839399999999999835e+01
3.054380000000000095e+01
3.062340000000000018e+01
2.879850000000000065e+01
3.006820000000000093e+01
3.138279999999999959e+01
2.849729999999999919e+01
2.839399999999999835e+01
2.858899999999999864e+01
2.883840000000000003e+01
2.983889999999999887e+01
3.018880000000000052e+01
3.027809999999999846e+01
3.091929999999999978e+01
3.102959999999999852e+01
2.935310000000000130e+01
2.879250000000000043e+01
2.996490000000000009e+01
3.138279999999999959e+01
2.857649999999999935e+01
2.967670000000000030e+01
3.071849999999999881e+01
2.839399999999999835e+01
3.138279999999999959e+01
3.138279999999999959e+01
3.121689999999999898e+01
3.049459999999999837e+01
2.967229999999999990e+01
