5.731860000000000355e+01
5.594380000000000308e+01
5.872619999999999862e+01
5.733299999999999841e+01
5.553549999999999898e+01
5.294619999999999749e+01
4.827799999999999869e+01
5.061889999999999645e+01
4.633120000000000260e+01
4.883639999999999759e+01
4.667280000000000229e+01
4.435430000000000206e+01
4.430210000000000292e+01
4.097970000000000113e+01
4.308469999999999800e+01
3.917450000000000188e+01
4.010040000000000049e+01
3.964779999999999660e+01
3.703909999999999769e+01
3.732739999999999725e+01
3.612680000000000291e+01
3.638049999999999784e+01
3.629120000000000346e+01
3.537669999999999959e+01
3.259199999999999875e+01
3.538629999999999853e+01
3.315480000000000160e+01
3.421679999999999922e+01
3.332130000000000081e+01
3.023509999999999920e+01
2.988579999999999970e+01
2.933620000000000161e+01
3.099190000000000111e+01
2.953310000000000102e+01
2.823479999999999990e+01
2.937610000000000099e+01
2.889219999999999899e+01
2.813439999999999941e+01
2.736329999999999885e+01
3.008889999999999887e+01
2.850469999999999970e+01
2.890850000000000009e+01
2.899960000000000093e+01
2.758520000000000039e+01
2.887170000000000059e+01
2.872520000000000095e+01
2.981370000000000076e+01
2.792269999999999897e+01
2.842190000000000083e+01
2.697429999999999950e+01
2.959489999999999910e+01
2.727039999999999864e+01
2.697429999999999950e+01
2.831459999999999866e+01
2.934189999999999898e+01
2.981370000000000076e+01
2.803419999999999845e+01
2.712030000000000030e+01
2.807349999999999923e+01
2.697429999999999950e+01
2.894529999999999959e+01
2.731220000000000070e+01
2.968339999999999890e+01
2.720850000000000080e+01
2.945520000000000138e+01
2.981370000000000076e+01
2.711619999999999919e+01
2.981370000000000076e+01
2.870880000000000010e+01
2.967379999999999995e+01
2.892070000000000007e+01
2.926579999999999870e+01
2.833310000000000173e+01
2.981370000000000076e+01
2.697429999999999950e+01
2.793850000000000122e+01
2.887930000000000064e+01
2.820370000000000132e+01
2.736670000000000158e+01
2.919310000000000116e+01
2.830949999999999989e+01
2.697429999999999950e+01
2.732160000000000011e+01
2.981370000000000076e+01
2.697429999999999950e+01
2.977740000000000009e+01
2.897309999999999874e+01
2.981370000000000076e+01
2.933790000000000120e+01
2.981370000000000076e+01
2.981370000000000076e+01
2.806700000000000017e+01
2.939110000000000156e+01
2.899630000000000152e+01
2.919780000000000086e+01
2.697429999999999950e+01
2.815149999999999864e+01
2.697429999999999950e+01
2.844549999999999912e+01
2.697429999999999950e+01
