5.827729999999999677e+01
5.583740000000000236e+01
5.610110000000000241e+01
5.703059999999999974e+01
5.172729999999999961e+01
5.155169999999999675e+01
5.282220000000000226e+01
5.133440000000000225e+01
4.894299999999999784e+01
4.432500000000000284e+01
4.384449999999999648e+01
4.311249999999999716e+01
4.553620000000000090e+01
4.023329999999999984e+01
4.191109999999999758e+01
4.108010000000000161e+01
3.868880000000000052e+01
3.994659999999999656e+01
3.766109999999999758e+01
3.631759999999999877e+01
3.690520000000000067e+01
3.386849999999999739e+01
3.674269999999999925e+01
3.405190000000000339e+01
3.548649999999999949e+01
3.258970000000000056e+01
3.112180000000000035e+01
3.068609999999999971e+01
3.028829999999999956e+01
3.231620000000000203e+01
2.974650000000000105e+01
3.240870000000000317e+01
3.176719999999999899e+01
2.914189999999999969e+01
3.171780000000000044e+01
2.903040000000000020e+01
2.978879999999999839e+01
2.891250000000000142e+01
3.138279999999999959e+01
3.025390000000000157e+01
3.138279999999999959e+01
2.839399999999999835e+01
2.839399999999999835e+01
3.111370000000000147e+01
2.852659999999999840e+01
3.089170000000000016e+01
2.961070000000000135e+01
3.123250000000000171e+01
2.839399999999999835e+01
3.069470000000000098e+01
2.839399999999999835e+01
3.039689999999999870e+01
3.040960000000000107e+01
3.011639999999999873e+01
2.978780000000000072e+01
2.839399999999999835e+01
3.042129999999999868e+01
3.137069999999999936e+01
2.877270000000000039e+01
2.901079999999999970e+01
2.983210000000000051e+01
2.839399999999999835e+01
2.897319999999999851e+01
2.847340000000000160e+01
2.921209999999999951e+01
3.138279999999999959e+01
3.006159999999999854e+01
2.971890000000000143e+01
2.839399999999999835e+01
2.898860000000000170e+01
2.931569999999999965e+01
3.007979999999999876e+01
2.980209999999999937e+01
2.839399999999999835e+01
2.839399999999999835e+01
2.902710000000000079e+01
2.932379999999999853e+01
2.901970000000000027e+01
2.948580000000000112e+01
2.868649999999999878e+01
2.894660000000000011e+01
2.986720000000000041e+01
2.986749999999999972e+01
3.138279999999999959e+01
2.839399999999999835e+01
3.049769999999999825e+01
2.839399999999999835e+01
3.000959999999999894e+01
3.138279999999999959e+01
3.108770000000000167e+01
2.990960000000000107e+01
2.886370000000000147e+01
3.122459999999999880e+01
3.079060000000000130e+01
3.138279999999999959e+01
2.852769999999999939e+01
3.102019999999999911e+01
3.016819999999999879e+01
3.082969999999999899e+01
3.138279999999999959e+01
