6.161569999999999681e+01
5.913110000000000355e+01
5.333220000000000027e+01
5.766689999999999827e+01
5.410110000000000241e+01
4.996079999999999899e+01
5.255049999999999955e+01
4.945289999999999964e+01
4.689119999999999777e+01
4.934570000000000078e+01
4.596350000000000335e+01
4.412360000000000326e+01
4.326820000000000022e+01
4.499240000000000350e+01
4.578459999999999752e+01
4.261180000000000234e+01
4.226850000000000307e+01
4.306969999999999743e+01
4.060340000000000060e+01
3.821940000000000026e+01
4.021450000000000102e+01
4.073680000000000234e+01
3.655879999999999797e+01
3.636099999999999710e+01
3.905120000000000147e+01
3.624539999999999651e+01
3.590709999999999980e+01
3.446209999999999951e+01
3.414339999999999975e+01
3.717470000000000141e+01
3.624730000000000274e+01
3.584069999999999823e+01
3.669930000000000092e+01
3.482260000000000133e+01
3.530330000000000013e+01
3.470530000000000115e+01
3.610479999999999734e+01
3.623579999999999757e+01
3.313409999999999656e+01
3.623579999999999757e+01
3.323310000000000031e+01
3.440559999999999974e+01
3.499960000000000093e+01
3.507609999999999673e+01
3.437720000000000198e+01
3.348179999999999978e+01
3.362969999999999970e+01
3.623579999999999757e+01
3.294789999999999708e+01
3.623579999999999757e+01
3.493520000000000181e+01
3.461099999999999710e+01
3.534909999999999997e+01
3.452049999999999841e+01
3.615169999999999817e+01
3.623579999999999757e+01
3.284859999999999758e+01
3.530230000000000246e+01
3.278479999999999706e+01
3.623579999999999757e+01
3.449770000000000181e+01
3.623579999999999757e+01
3.342629999999999768e+01
3.524139999999999873e+01
3.555700000000000216e+01
3.278479999999999706e+01
3.532659999999999911e+01
3.623579999999999757e+01
3.373310000000000031e+01
3.279370000000000118e+01
3.613230000000000075e+01
3.430460000000000065e+01
3.278479999999999706e+01
3.623579999999999757e+01
3.325310000000000343e+01
3.351670000000000016e+01
3.361370000000000147e+01
3.296309999999999718e+01
3.580499999999999972e+01
3.432840000000000202e+01
3.585499999999999687e+01
3.317940000000000111e+01
3.623579999999999757e+01
3.278479999999999706e+01
3.465709999999999980e+01
3.390109999999999957e+01
3.609129999999999683e+01
3.442849999999999966e+01
3.290449999999999875e+01
3.306060000000000088e+01
3.567560000000000286e+01
3.349629999999999797e+01
3.623579999999999757e+01
3.323210000000000264e+01
3.509429999999999694e+01
3.286619999999999919e+01
3.278479999999999706e+01
3.515610000000000213e+01
3.623579999999999757e+01
3.278479999999999706e+01
