5.824009999999999820e+01
5.520960000000000178e+01
5.546350000000000335e+01
5.561959999999999837e+01
5.654769999999999897e+01
5.009129999999999683e+01
5.149560000000000315e+01
4.803990000000000293e+01
5.107390000000000185e+01
4.797039999999999793e+01
4.978280000000000172e+01
4.814620000000000033e+01
4.349490000000000123e+01
4.709510000000000218e+01
4.341830000000000211e+01
4.297540000000000049e+01
4.447449999999999903e+01
4.123749999999999716e+01
3.891429999999999723e+01
3.826579999999999870e+01
4.161019999999999897e+01
3.812590000000000146e+01
4.034320000000000306e+01
3.964320000000000022e+01
3.624450000000000216e+01
3.500769999999999982e+01
3.575569999999999737e+01
3.775909999999999656e+01
3.734239999999999782e+01
3.514170000000000016e+01
3.492909999999999826e+01
3.629209999999999781e+01
3.369440000000000168e+01
3.441620000000000346e+01
3.238009999999999877e+01
3.421009999999999707e+01
3.331810000000000116e+01
3.419219999999999970e+01
3.167419999999999902e+01
3.493220000000000169e+01
3.206620000000000203e+01
3.415570000000000306e+01
3.494169999999999732e+01
3.494169999999999732e+01
3.161390000000000100e+01
3.494169999999999732e+01
3.489320000000000022e+01
3.259109999999999729e+01
3.228990000000000293e+01
3.178950000000000031e+01
3.370329999999999870e+01
3.399159999999999826e+01
3.436189999999999856e+01
3.161390000000000100e+01
3.494169999999999732e+01
3.494169999999999732e+01
3.304869999999999663e+01
3.465460000000000207e+01
3.211650000000000205e+01
3.489419999999999789e+01
3.272720000000000340e+01
3.369959999999999667e+01
3.196569999999999823e+01
3.372769999999999868e+01
3.176490000000000080e+01
3.340970000000000084e+01
3.246520000000000294e+01
3.406770000000000209e+01
3.161390000000000100e+01
3.483840000000000003e+01
3.494169999999999732e+01
3.286639999999999873e+01
3.494169999999999732e+01
3.260210000000000008e+01
3.488049999999999784e+01
3.321869999999999834e+01
3.313969999999999771e+01
3.161390000000000100e+01
3.190269999999999939e+01
3.459609999999999985e+01
3.451400000000000290e+01
3.494169999999999732e+01
3.245570000000000022e+01
3.296829999999999927e+01
3.367609999999999815e+01
3.437579999999999814e+01
3.301850000000000307e+01
3.321990000000000265e+01
3.254149999999999920e+01
3.234329999999999927e+01
3.252080000000000126e+01
3.308140000000000214e+01
3.235710000000000264e+01
3.329930000000000234e+01
3.423980000000000246e+01
3.494169999999999732e+01
3.273810000000000286e+01
3.161390000000000100e+01
3.161390000000000100e+01
3.194500000000000028e+01
