5.752759999999999962e+01
5.870779999999999887e+01
5.614990000000000236e+01
5.474410000000000309e+01
5.535399999999999920e+01
5.371249999999999858e+01
5.081199999999999761e+01
4.942739999999999867e+01
4.669859999999999900e+01
4.899609999999999843e+01
4.428170000000000073e+01
4.559770000000000323e+01
4.608359999999999701e+01
4.133500000000000085e+01
4.376959999999999695e+01
4.025330000000000297e+01
3.880330000000000013e+01
4.186610000000000298e+01
3.852499999999999858e+01
3.838949999999999818e+01
3.837299999999999756e+01
3.759449999999999648e+01
3.782489999999999952e+01
3.405429999999999779e+01
3.441799999999999926e+01
3.646840000000000259e+01
3.593800000000000239e+01
3.281969999999999743e+01
3.165490000000000137e+01
3.456640000000000157e+01
3.167070000000000007e+01
3.118299999999999983e+01
3.171809999999999974e+01
3.266490000000000293e+01
3.301180000000000092e+01
3.281060000000000088e+01
2.953689999999999927e+01
3.206419999999999959e+01
2.990700000000000003e+01
3.035119999999999862e+01
3.171760000000000090e+01
3.168890000000000029e+01
3.192530000000000001e+01
3.011860000000000070e+01
3.033449999999999847e+01
3.015800000000000125e+01
2.927209999999999823e+01
2.990609999999999857e+01
2.927209999999999823e+01
3.146790000000000020e+01
2.927209999999999823e+01
2.985549999999999926e+01
2.927209999999999823e+01
3.127469999999999928e+01
3.012780000000000058e+01
3.235340000000000060e+01
3.235340000000000060e+01
3.164630000000000010e+01
2.927209999999999823e+01
3.153430000000000177e+01
2.986120000000000019e+01
2.980809999999999960e+01
3.235340000000000060e+01
3.090360000000000085e+01
3.235340000000000060e+01
3.028500000000000014e+01
3.235340000000000060e+01
2.961779999999999902e+01
3.180339999999999989e+01
3.207809999999999917e+01
3.191319999999999979e+01
3.235340000000000060e+01
2.984949999999999903e+01
2.927209999999999823e+01
3.235340000000000060e+01
3.018540000000000134e+01
2.927209999999999823e+01
3.076219999999999999e+01
3.222059999999999746e+01
3.131350000000000122e+01
2.927209999999999823e+01
3.225990000000000180e+01
3.187010000000000076e+01
3.235340000000000060e+01
3.124869999999999948e+01
3.155480000000000018e+01
3.077880000000000038e+01
3.013650000000000162e+01
2.993809999999999860e+01
3.100290000000000035e+01
2.927209999999999823e+01
3.054279999999999973e+01
3.235340000000000060e+01
2.927209999999999823e+01
3.123019999999999996e+01
3.070009999999999906e+01
3.168909999999999982e+01
3.097830000000000084e+01
3.009680000000000177e+01
3.035140000000000171e+01
