5.782390000000000185e+01
5.965100000000000335e+01
5.529209999999999781e+01
5.522829999999999728e+01
5.270120000000000005e+01
5.008610000000000184e+01
4.828710000000000235e+01
5.078439999999999799e+01
4.608440000000000225e+01
4.977709999999999724e+01
4.865800000000000125e+01
4.601050000000000040e+01
4.210549999999999926e+01
4.488360000000000127e+01
4.032920000000000016e+01
3.998270000000000124e+01
3.907419999999999760e+01
4.041210000000000235e+01
3.922440000000000282e+01
4.035329999999999728e+01
3.651500000000000057e+01
3.848749999999999716e+01
3.829180000000000206e+01
3.565339999999999776e+01
3.553499999999999659e+01
3.309960000000000235e+01
3.477740000000000009e+01
3.224699999999999989e+01
3.522910000000000252e+01
3.360390000000000299e+01
3.404869999999999663e+01
3.309400000000000119e+01
3.316579999999999728e+01
3.077599999999999980e+01
3.038179999999999836e+01
3.279019999999999868e+01
3.334429999999999694e+01
3.328540000000000276e+01
3.009759999999999991e+01
3.009759999999999991e+01
3.240919999999999845e+01
3.198649999999999949e+01
3.157300000000000040e+01
3.284759999999999991e+01
3.271730000000000160e+01
3.326579999999999870e+01
3.009759999999999991e+01
3.250589999999999691e+01
3.172169999999999845e+01
3.301129999999999853e+01
3.326579999999999870e+01
3.303479999999999706e+01
3.326579999999999870e+01
3.045550000000000068e+01
3.326579999999999870e+01
3.155170000000000030e+01
3.213969999999999771e+01
3.083200000000000074e+01
3.212669999999999959e+01
3.029329999999999856e+01
3.294919999999999760e+01
3.160729999999999862e+01
3.105669999999999931e+01
3.326579999999999870e+01
3.134059999999999846e+01
3.164659999999999940e+01
3.220830000000000126e+01
3.009759999999999991e+01
3.326579999999999870e+01
3.009759999999999991e+01
3.326579999999999870e+01
3.177909999999999968e+01
3.085069999999999979e+01
3.220949999999999847e+01
3.137130000000000152e+01
3.154370000000000118e+01
3.053659999999999997e+01
3.141600000000000037e+01
3.326579999999999870e+01
3.326579999999999870e+01
3.080549999999999855e+01
3.288459999999999894e+01
3.223069999999999879e+01
3.017170000000000130e+01
3.208489999999999753e+01
3.009759999999999991e+01
3.125659999999999883e+01
3.157730000000000103e+01
3.131419999999999959e+01
3.326579999999999870e+01
3.326579999999999870e+01
3.326579999999999870e+01
3.182740000000000080e+01
3.009759999999999991e+01
3.050789999999999935e+01
3.009759999999999991e+01
3.208959999999999724e+01
3.253399999999999892e+01
3.009759999999999991e+01
3.066750000000000043e+01
