5.614000000000000057e+01
6.005760000000000076e+01
5.710529999999999973e+01
5.450260000000000105e+01
5.296979999999999933e+01
5.491380000000000194e+01
5.038259999999999650e+01
5.031710000000000349e+01
5.073210000000000264e+01
4.539999999999999858e+01
4.584899999999999665e+01
4.802029999999999887e+01
4.336059999999999803e+01
4.301319999999999766e+01
4.230330000000000013e+01
4.412100000000000222e+01
4.323319999999999652e+01
4.073510000000000275e+01
4.118560000000000088e+01
4.077870000000000061e+01
3.843200000000000216e+01
3.759590000000000032e+01
3.501259999999999906e+01
3.463969999999999771e+01
3.594050000000000011e+01
3.330409999999999826e+01
3.627009999999999934e+01
3.576530000000000342e+01
3.489309999999999690e+01
3.307459999999999667e+01
3.398349999999999937e+01
3.267309999999999803e+01
3.164300000000000068e+01
3.343419999999999703e+01
3.102359999999999829e+01
3.163639999999999830e+01
2.981550000000000011e+01
3.263190000000000168e+01
3.154230000000000089e+01
3.116730000000000089e+01
2.985640000000000072e+01
2.936270000000000024e+01
3.039549999999999841e+01
3.018049999999999855e+01
3.067950000000000088e+01
3.212230000000000274e+01
3.158149999999999835e+01
3.131289999999999907e+01
2.940739999999999910e+01
3.046750000000000114e+01
3.153099999999999881e+01
2.927209999999999823e+01
3.143519999999999825e+01
2.957219999999999871e+01
2.983370000000000033e+01
2.999170000000000158e+01
3.235340000000000060e+01
2.927209999999999823e+01
3.051829999999999998e+01
3.066430000000000078e+01
2.957349999999999923e+01
3.122710000000000008e+01
2.927209999999999823e+01
3.094960000000000022e+01
3.183749999999999858e+01
3.231860000000000355e+01
3.186799999999999855e+01
2.976139999999999830e+01
3.235340000000000060e+01
3.204200000000000159e+01
3.195210000000000150e+01
2.993049999999999855e+01
3.072970000000000113e+01
3.235340000000000060e+01
3.059639999999999915e+01
2.975369999999999848e+01
3.135859999999999914e+01
2.927209999999999823e+01
3.172889999999999944e+01
2.989339999999999975e+01
2.993250000000000099e+01
3.232350000000000279e+01
3.114239999999999853e+01
3.235340000000000060e+01
3.187010000000000076e+01
3.235340000000000060e+01
3.110389999999999944e+01
3.106400000000000006e+01
3.108810000000000073e+01
2.993080000000000140e+01
3.235340000000000060e+01
3.144879999999999853e+01
3.235340000000000060e+01
3.235340000000000060e+01
2.968440000000000012e+01
3.128640000000000043e+01
2.927209999999999823e+01
3.081429999999999936e+01
3.235340000000000060e+01
3.216680000000000206e+01
