6.161569999999999681e+01
6.012299999999999756e+01
5.587230000000000274e+01
5.595270000000000010e+01
5.156199999999999761e+01
4.933659999999999712e+01
4.997899999999999920e+01
5.196009999999999707e+01
4.590030000000000143e+01
4.482319999999999993e+01
4.543560000000000088e+01
4.406860000000000355e+01
4.394749999999999801e+01
4.167020000000000124e+01
4.269250000000000256e+01
4.059980000000000189e+01
4.061820000000000164e+01
4.137859999999999872e+01
3.830100000000000193e+01
3.956309999999999860e+01
3.894100000000000250e+01
3.686710000000000065e+01
3.641599999999999682e+01
3.684360000000000213e+01
3.277049999999999841e+01
3.406159999999999854e+01
3.328459999999999752e+01
3.311630000000000251e+01
3.410379999999999967e+01
3.288700000000000045e+01
3.327239999999999753e+01
3.291340000000000288e+01
3.049040000000000106e+01
3.218509999999999849e+01
3.174390000000000001e+01
2.882140000000000057e+01
3.168509999999999849e+01
2.854779999999999873e+01
2.846239999999999881e+01
3.140170000000000172e+01
2.886919999999999931e+01
3.138279999999999959e+01
2.930720000000000169e+01
3.005870000000000175e+01
3.057110000000000127e+01
3.073270000000000124e+01
3.006790000000000163e+01
2.874690000000000012e+01
3.087130000000000152e+01
3.070179999999999865e+01
2.908790000000000120e+01
2.844989999999999952e+01
3.030260000000000176e+01
2.839399999999999835e+01
2.916469999999999985e+01
2.992379999999999995e+01
3.138279999999999959e+01
3.025850000000000151e+01
3.138279999999999959e+01
2.949830000000000041e+01
2.870120000000000005e+01
3.123219999999999885e+01
2.967660000000000053e+01
3.138279999999999959e+01
3.052339999999999876e+01
2.940739999999999910e+01
3.138279999999999959e+01
3.084949999999999903e+01
2.871819999999999951e+01
2.867139999999999844e+01
2.975740000000000052e+01
3.072240000000000038e+01
2.863119999999999976e+01
3.138279999999999959e+01
2.845639999999999858e+01
3.120700000000000074e+01
2.987490000000000023e+01
2.900750000000000028e+01
3.138279999999999959e+01
2.941179999999999950e+01
2.957550000000000168e+01
2.839399999999999835e+01
3.122490000000000165e+01
3.138279999999999959e+01
3.135140000000000171e+01
3.033310000000000173e+01
3.068410000000000082e+01
2.884540000000000148e+01
3.012099999999999866e+01
2.905320000000000036e+01
3.065480000000000160e+01
2.969300000000000139e+01
2.966910000000000025e+01
3.138279999999999959e+01
2.873600000000000065e+01
3.114979999999999905e+01
2.917810000000000059e+01
3.138279999999999959e+01
3.016219999999999857e+01
3.087290000000000134e+01
