7.369900000000000340e+00
6.558799999999999741e+00
6.014499999999999957e+00
5.781399999999999650e+00
5.054199999999999804e+00
4.893099999999999561e+00
4.645500000000000185e+00
4.252500000000000391e+00
3.938899999999999846e+00
3.940199999999999925e+00
3.579699999999999882e+00
3.498699999999999921e+00
3.694399999999999906e+00
3.380900000000000016e+00
3.503800000000000026e+00
3.380999999999999783e+00
3.380900000000000016e+00
3.736800000000000122e+00
3.511699999999999822e+00
3.736800000000000122e+00
3.736800000000000122e+00
3.380900000000000016e+00
3.526699999999999946e+00
3.442699999999999871e+00
3.391700000000000159e+00
3.736800000000000122e+00
3.594800000000000217e+00
3.469800000000000217e+00
3.661500000000000199e+00
3.593399999999999928e+00
3.704400000000000137e+00
3.736800000000000122e+00
3.541199999999999903e+00
3.522299999999999986e+00
3.540799999999999947e+00
3.500000000000000000e+00
3.736800000000000122e+00
3.646799999999999820e+00
3.736800000000000122e+00
3.623200000000000198e+00
3.434899999999999842e+00
3.552500000000000213e+00
3.425499999999999989e+00
3.736800000000000122e+00
3.502800000000000136e+00
3.725099999999999856e+00
3.612400000000000055e+00
3.501100000000000101e+00
3.536599999999999966e+00
3.605799999999999894e+00
3.380900000000000016e+00
3.461300000000000043e+00
3.664499999999999869e+00
3.399799999999999933e+00
3.623200000000000198e+00
3.380900000000000016e+00
3.456599999999999895e+00
3.380900000000000016e+00
3.452399999999999913e+00
3.616000000000000103e+00
3.736800000000000122e+00
3.413199999999999790e+00
3.442299999999999915e+00
3.504399999999999959e+00
3.432100000000000151e+00
3.736800000000000122e+00
3.716800000000000104e+00
3.380900000000000016e+00
3.673599999999999977e+00
3.470499999999999918e+00
3.454000000000000181e+00
3.380900000000000016e+00
3.736800000000000122e+00
3.395599999999999952e+00
3.380900000000000016e+00
3.712899999999999867e+00
3.406699999999999839e+00
3.509500000000000064e+00
3.380900000000000016e+00
3.380900000000000016e+00
3.736800000000000122e+00
3.723199999999999843e+00
3.674199999999999910e+00
3.380900000000000016e+00
3.380900000000000016e+00
3.387900000000000134e+00
3.441500000000000004e+00
3.609399999999999942e+00
3.507699999999999818e+00
3.639400000000000190e+00
3.736800000000000122e+00
3.509900000000000020e+00
3.380900000000000016e+00
3.380900000000000016e+00
3.421400000000000219e+00
3.380900000000000016e+00
3.462099999999999955e+00
3.380900000000000016e+00
3.665200000000000014e+00
3.736800000000000122e+00
