6.669599999999999973e+00
6.283900000000000041e+00
5.818599999999999994e+00
5.128599999999999604e+00
5.144499999999999851e+00
4.631199999999999761e+00
4.352299999999999613e+00
4.139100000000000001e+00
3.669299999999999784e+00
3.602399999999999824e+00
3.440999999999999837e+00
3.290700000000000180e+00
3.199500000000000011e+00
3.459999999999999964e+00
3.283399999999999874e+00
3.293299999999999894e+00
3.254799999999999915e+00
3.459999999999999964e+00
3.156600000000000072e+00
3.406699999999999839e+00
3.171699999999999964e+00
3.303599999999999870e+00
3.189599999999999991e+00
3.459999999999999964e+00
3.130500000000000060e+00
3.301200000000000134e+00
3.459999999999999964e+00
3.459999999999999964e+00
3.201499999999999790e+00
3.288800000000000168e+00
3.234199999999999964e+00
3.130500000000000060e+00
3.324199999999999822e+00
3.277499999999999858e+00
3.130500000000000060e+00
3.318799999999999972e+00
3.130500000000000060e+00
3.130500000000000060e+00
3.279599999999999849e+00
3.459999999999999964e+00
3.324199999999999822e+00
3.224299999999999944e+00
3.217299999999999827e+00
3.459999999999999964e+00
3.130500000000000060e+00
3.130500000000000060e+00
3.130500000000000060e+00
3.232600000000000140e+00
3.451799999999999979e+00
3.130500000000000060e+00
3.130500000000000060e+00
3.130500000000000060e+00
3.142900000000000027e+00
3.263700000000000045e+00
3.336199999999999832e+00
3.290700000000000180e+00
3.130500000000000060e+00
3.333800000000000097e+00
3.459999999999999964e+00
3.175600000000000200e+00
3.369099999999999984e+00
3.399999999999999911e+00
3.368300000000000072e+00
3.406800000000000050e+00
3.358200000000000074e+00
3.153900000000000148e+00
3.362400000000000055e+00
3.278300000000000214e+00
3.459999999999999964e+00
3.371500000000000163e+00
3.459999999999999964e+00
3.305000000000000160e+00
3.432700000000000085e+00
3.225099999999999856e+00
3.298000000000000043e+00
3.172400000000000109e+00
3.434600000000000097e+00
3.350400000000000045e+00
3.459999999999999964e+00
3.259999999999999787e+00
3.459999999999999964e+00
3.293499999999999872e+00
3.223599999999999799e+00
3.270199999999999996e+00
3.132899999999999796e+00
3.355900000000000105e+00
3.130500000000000060e+00
3.459999999999999964e+00
3.459999999999999964e+00
3.226100000000000190e+00
3.459999999999999964e+00
3.290599999999999969e+00
3.173299999999999788e+00
3.459999999999999964e+00
3.459999999999999964e+00
3.292899999999999938e+00
3.200099999999999945e+00
3.459999999999999964e+00
3.426800000000000068e+00
3.459999999999999964e+00
