6.960899999999999643e+00
6.548600000000000421e+00
5.969699999999999562e+00
5.002399999999999736e+00
4.563699999999999868e+00
4.501400000000000290e+00
4.007500000000000284e+00
3.935599999999999987e+00
3.494899999999999896e+00
3.588000000000000078e+00
3.159699999999999953e+00
3.459999999999999964e+00
3.276699999999999946e+00
3.459999999999999964e+00
3.416599999999999859e+00
3.298999999999999932e+00
3.152200000000000113e+00
3.130500000000000060e+00
3.239100000000000090e+00
3.155800000000000161e+00
3.184600000000000097e+00
3.374899999999999789e+00
3.130500000000000060e+00
3.264400000000000190e+00
3.350200000000000067e+00
3.300199999999999800e+00
3.201999999999999957e+00
3.452300000000000146e+00
3.203500000000000014e+00
3.328899999999999970e+00
3.322799999999999976e+00
3.372900000000000009e+00
3.298599999999999977e+00
3.293800000000000061e+00
3.130500000000000060e+00
3.247700000000000031e+00
3.459999999999999964e+00
3.298999999999999932e+00
3.174199999999999910e+00
3.375199999999999978e+00
3.349400000000000155e+00
3.353400000000000158e+00
3.459999999999999964e+00
3.172600000000000087e+00
3.269600000000000062e+00
3.267399999999999860e+00
3.267900000000000027e+00
3.358699999999999797e+00
3.130500000000000060e+00
3.185900000000000176e+00
3.459999999999999964e+00
3.222300000000000164e+00
3.162999999999999812e+00
3.231399999999999828e+00
3.377099999999999991e+00
3.159199999999999786e+00
3.130500000000000060e+00
3.253200000000000092e+00
3.130500000000000060e+00
3.459999999999999964e+00
3.204499999999999904e+00
3.459999999999999964e+00
3.393800000000000150e+00
3.130500000000000060e+00
3.332500000000000018e+00
3.130500000000000060e+00
3.459999999999999964e+00
3.349099999999999966e+00
3.233600000000000030e+00
3.130500000000000060e+00
3.459999999999999964e+00
3.130500000000000060e+00
3.195899999999999963e+00
3.350600000000000023e+00
3.379700000000000149e+00
3.152000000000000135e+00
3.459999999999999964e+00
3.364599999999999813e+00
3.302500000000000213e+00
3.389600000000000168e+00
3.368300000000000072e+00
3.130500000000000060e+00
3.309800000000000075e+00
3.192499999999999893e+00
3.130500000000000060e+00
3.241400000000000059e+00
3.204400000000000137e+00
3.383799999999999919e+00
3.311900000000000066e+00
3.130500000000000060e+00
3.203399999999999803e+00
3.130500000000000060e+00
3.319700000000000095e+00
3.445300000000000029e+00
3.348700000000000010e+00
3.154300000000000104e+00
3.407300000000000217e+00
3.157200000000000006e+00
3.168499999999999872e+00
3.130500000000000060e+00
