6.669599999999999973e+00
6.432900000000000063e+00
5.370400000000000063e+00
5.094899999999999984e+00
4.830799999999999983e+00
4.329200000000000159e+00
3.881099999999999994e+00
3.916300000000000114e+00
3.641300000000000203e+00
3.736800000000000122e+00
3.552599999999999980e+00
3.633100000000000218e+00
3.391500000000000181e+00
3.661700000000000177e+00
3.520500000000000185e+00
3.736800000000000122e+00
3.380900000000000016e+00
3.505199999999999871e+00
3.380900000000000016e+00
3.736800000000000122e+00
3.587400000000000144e+00
3.736800000000000122e+00
3.588799999999999990e+00
3.736800000000000122e+00
3.476799999999999891e+00
3.612299999999999844e+00
3.736800000000000122e+00
3.380900000000000016e+00
3.684000000000000163e+00
3.380900000000000016e+00
3.380900000000000016e+00
3.466299999999999937e+00
3.648499999999999854e+00
3.736800000000000122e+00
3.513100000000000112e+00
3.487200000000000077e+00
3.736800000000000122e+00
3.519499999999999851e+00
3.736800000000000122e+00
3.541199999999999903e+00
3.380900000000000016e+00
3.667400000000000215e+00
3.736800000000000122e+00
3.736800000000000122e+00
3.413899999999999935e+00
3.380900000000000016e+00
3.380900000000000016e+00
3.606300000000000061e+00
3.634599999999999831e+00
3.497300000000000075e+00
3.736800000000000122e+00
3.633500000000000174e+00
3.645199999999999996e+00
3.453100000000000058e+00
3.736800000000000122e+00
3.380900000000000016e+00
3.546800000000000175e+00
3.462499999999999911e+00
3.551499999999999879e+00
3.380900000000000016e+00
3.625599999999999934e+00
3.688899999999999846e+00
3.718399999999999928e+00
3.585799999999999876e+00
3.479999999999999982e+00
3.736800000000000122e+00
3.380900000000000016e+00
3.560700000000000198e+00
3.509900000000000020e+00
3.736800000000000122e+00
3.534400000000000208e+00
3.713099999999999845e+00
3.736800000000000122e+00
3.714300000000000157e+00
3.736800000000000122e+00
3.549700000000000077e+00
3.484300000000000175e+00
3.736800000000000122e+00
3.640499999999999847e+00
3.415200000000000014e+00
3.729499999999999815e+00
3.477199999999999847e+00
3.736800000000000122e+00
3.736800000000000122e+00
3.736800000000000122e+00
3.630700000000000038e+00
3.505799999999999805e+00
3.510800000000000143e+00
3.660800000000000054e+00
3.525900000000000034e+00
3.380900000000000016e+00
3.736800000000000122e+00
3.724600000000000133e+00
3.588600000000000012e+00
3.555099999999999927e+00
3.637399999999999967e+00
3.380900000000000016e+00
3.557799999999999851e+00
3.594899999999999984e+00
3.380900000000000016e+00
