7.196600000000000108e+00
6.650599999999999845e+00
6.245899999999999785e+00
5.384800000000000253e+00
4.945800000000000196e+00
4.770199999999999996e+00
4.261999999999999567e+00
4.244399999999999729e+00
3.874400000000000066e+00
3.401100000000000012e+00
3.556900000000000173e+00
3.356100000000000083e+00
3.298700000000000188e+00
3.238999999999999879e+00
3.026100000000000012e+00
2.911300000000000221e+00
3.217799999999999994e+00
2.916500000000000092e+00
3.011000000000000121e+00
3.161300000000000221e+00
3.149599999999999955e+00
2.911300000000000221e+00
3.095499999999999918e+00
3.203100000000000058e+00
2.911300000000000221e+00
3.117399999999999949e+00
2.911300000000000221e+00
3.139200000000000212e+00
2.924399999999999888e+00
3.020599999999999952e+00
3.072799999999999976e+00
2.911300000000000221e+00
3.217799999999999994e+00
2.969700000000000006e+00
2.914600000000000080e+00
3.209000000000000075e+00
3.020099999999999785e+00
3.217799999999999994e+00
3.014299999999999979e+00
2.911300000000000221e+00
2.985100000000000087e+00
2.911300000000000221e+00
3.139699999999999935e+00
3.114300000000000068e+00
3.217799999999999994e+00
3.145900000000000141e+00
3.007499999999999840e+00
3.059299999999999908e+00
2.911300000000000221e+00
3.191899999999999959e+00
3.128899999999999793e+00
2.911300000000000221e+00
3.036000000000000032e+00
2.911300000000000221e+00
3.217799999999999994e+00
3.017999999999999794e+00
3.166999999999999815e+00
2.911300000000000221e+00
3.120099999999999874e+00
3.102899999999999991e+00
2.934200000000000141e+00
3.208000000000000185e+00
3.207199999999999829e+00
3.209900000000000198e+00
3.076499999999999790e+00
3.151299999999999990e+00
3.217799999999999994e+00
3.217799999999999994e+00
3.013100000000000112e+00
3.018200000000000216e+00
3.005100000000000104e+00
3.012999999999999901e+00
3.013199999999999878e+00
3.214900000000000091e+00
2.911300000000000221e+00
2.911300000000000221e+00
3.217799999999999994e+00
2.987800000000000011e+00
3.217799999999999994e+00
3.217799999999999994e+00
2.911300000000000221e+00
3.091499999999999915e+00
2.987000000000000099e+00
2.911300000000000221e+00
2.911300000000000221e+00
3.059800000000000075e+00
3.156499999999999861e+00
3.003000000000000114e+00
3.023899999999999810e+00
3.184299999999999908e+00
3.165799999999999947e+00
2.998099999999999987e+00
3.089399999999999924e+00
3.036099999999999799e+00
2.911300000000000221e+00
3.065300000000000136e+00
3.015299999999999869e+00
3.095200000000000173e+00
2.995899999999999785e+00
3.111800000000000122e+00
