7.322700000000000209e+00
5.789500000000000313e+00
4.912099999999999689e+00
4.405300000000000438e+00
4.166199999999999903e+00
3.972300000000000164e+00
3.516199999999999992e+00
3.875199999999999978e+00
3.546100000000000030e+00
3.766700000000000159e+00
3.506099999999999994e+00
3.662399999999999878e+00
3.875199999999999978e+00
3.588099999999999845e+00
3.875199999999999978e+00
3.875199999999999978e+00
3.639899999999999913e+00
3.608600000000000030e+00
3.721499999999999808e+00
3.871599999999999930e+00
3.754300000000000193e+00
3.875199999999999978e+00
3.506099999999999994e+00
3.789200000000000124e+00
3.548599999999999977e+00
3.590800000000000214e+00
3.875199999999999978e+00
3.506099999999999994e+00
3.605100000000000193e+00
3.875199999999999978e+00
3.875199999999999978e+00
3.584099999999999842e+00
3.875199999999999978e+00
3.603000000000000203e+00
3.579200000000000159e+00
3.710100000000000176e+00
3.682900000000000063e+00
3.743700000000000028e+00
3.794200000000000017e+00
3.506099999999999994e+00
3.763700000000000045e+00
3.524500000000000188e+00
3.875199999999999978e+00
3.732299999999999951e+00
3.506099999999999994e+00
3.875199999999999978e+00
3.506099999999999994e+00
3.840599999999999792e+00
3.651400000000000201e+00
3.506099999999999994e+00
3.773800000000000043e+00
3.875199999999999978e+00
3.874699999999999811e+00
3.875199999999999978e+00
3.857000000000000206e+00
3.786799999999999944e+00
3.506099999999999994e+00
3.875199999999999978e+00
3.521700000000000053e+00
3.506099999999999994e+00
3.739900000000000002e+00
3.809200000000000141e+00
3.845200000000000173e+00
3.802200000000000024e+00
3.506099999999999994e+00
3.875199999999999978e+00
3.574500000000000011e+00
3.657999999999999918e+00
3.804300000000000015e+00
3.763199999999999878e+00
3.619000000000000217e+00
3.827199999999999935e+00
3.811199999999999921e+00
3.861899999999999888e+00
3.665599999999999969e+00
3.746399999999999952e+00
3.506099999999999994e+00
3.875199999999999978e+00
3.506099999999999994e+00
3.832399999999999807e+00
3.506099999999999994e+00
3.670500000000000096e+00
3.506099999999999994e+00
3.875199999999999978e+00
3.784499999999999975e+00
3.506099999999999994e+00
3.695800000000000196e+00
3.865099999999999980e+00
3.875199999999999978e+00
3.695500000000000007e+00
3.626300000000000079e+00
3.820500000000000007e+00
3.693999999999999950e+00
3.754999999999999893e+00
3.566399999999999793e+00
3.875199999999999978e+00
3.593900000000000095e+00
3.875199999999999978e+00
3.641700000000000159e+00
3.764400000000000190e+00
