6.896799999999999820e+00
6.274000000000000021e+00
6.296100000000000030e+00
5.699200000000000266e+00
5.360400000000000276e+00
5.161900000000000155e+00
5.060399999999999565e+00
4.634900000000000020e+00
4.268500000000000405e+00
4.091199999999999726e+00
4.355900000000000105e+00
4.065900000000000070e+00
4.114700000000000024e+00
3.772600000000000176e+00
3.817200000000000149e+00
3.748099999999999987e+00
3.609100000000000197e+00
3.600000000000000089e+00
3.979000000000000092e+00
3.623600000000000154e+00
3.600000000000000089e+00
3.857400000000000162e+00
3.825400000000000134e+00
3.979000000000000092e+00
3.851500000000000146e+00
3.603499999999999925e+00
3.600000000000000089e+00
3.694799999999999862e+00
3.979000000000000092e+00
3.600000000000000089e+00
3.600000000000000089e+00
3.623200000000000198e+00
3.715300000000000047e+00
3.677299999999999791e+00
3.979000000000000092e+00
3.746300000000000185e+00
3.609399999999999942e+00
3.831599999999999895e+00
3.720099999999999962e+00
3.651299999999999990e+00
3.600000000000000089e+00
3.779199999999999893e+00
3.701799999999999979e+00
3.814000000000000057e+00
3.979000000000000092e+00
3.600000000000000089e+00
3.600000000000000089e+00
3.600000000000000089e+00
3.623200000000000198e+00
3.702100000000000168e+00
3.897200000000000220e+00
3.763300000000000090e+00
3.600000000000000089e+00
3.830999999999999961e+00
3.786399999999999988e+00
3.757200000000000095e+00
3.926899999999999835e+00
3.633700000000000152e+00
3.664899999999999824e+00
3.600000000000000089e+00
3.979000000000000092e+00
3.688000000000000167e+00
3.788600000000000190e+00
3.778799999999999937e+00
3.979000000000000092e+00
3.827199999999999935e+00
3.860399999999999832e+00
3.798999999999999932e+00
3.836100000000000065e+00
3.851999999999999869e+00
3.910499999999999865e+00
3.979000000000000092e+00
3.713299999999999823e+00
3.600000000000000089e+00
3.874400000000000066e+00
3.979000000000000092e+00
3.979000000000000092e+00
3.600000000000000089e+00
3.600000000000000089e+00
3.708899999999999864e+00
3.668699999999999850e+00
3.876599999999999824e+00
3.907399999999999984e+00
3.812399999999999789e+00
3.854000000000000092e+00
3.630500000000000060e+00
3.600000000000000089e+00
3.824399999999999800e+00
3.641799999999999926e+00
3.979000000000000092e+00
3.897600000000000176e+00
3.843599999999999905e+00
3.658500000000000085e+00
3.919000000000000039e+00
3.735100000000000087e+00
3.816600000000000215e+00
3.600000000000000089e+00
3.828599999999999781e+00
3.979000000000000092e+00
3.795100000000000140e+00
