7.124399999999999622e+00
6.127200000000000202e+00
6.100500000000000256e+00
5.040300000000000225e+00
4.784900000000000375e+00
4.723399999999999821e+00
4.098099999999999632e+00
3.762300000000000200e+00
3.981799999999999784e+00
3.506800000000000139e+00
3.789699999999999847e+00
3.600699999999999790e+00
3.560299999999999798e+00
3.818000000000000060e+00
3.474800000000000111e+00
3.637500000000000178e+00
3.840599999999999792e+00
3.795700000000000074e+00
3.527000000000000135e+00
3.509300000000000086e+00
3.795399999999999885e+00
3.572000000000000064e+00
3.745099999999999874e+00
3.798999999999999932e+00
3.474800000000000111e+00
3.840300000000000047e+00
3.627400000000000180e+00
3.756099999999999994e+00
3.632200000000000095e+00
3.661900000000000155e+00
3.840599999999999792e+00
3.840599999999999792e+00
3.787999999999999812e+00
3.486200000000000188e+00
3.474800000000000111e+00
3.704299999999999926e+00
3.785699999999999843e+00
3.474800000000000111e+00
3.474800000000000111e+00
3.474800000000000111e+00
3.510200000000000209e+00
3.513999999999999790e+00
3.643499999999999961e+00
3.840599999999999792e+00
3.840599999999999792e+00
3.605199999999999960e+00
3.491499999999999826e+00
3.503400000000000070e+00
3.561599999999999877e+00
3.480900000000000105e+00
3.607099999999999973e+00
3.732200000000000184e+00
3.627600000000000158e+00
3.714799999999999880e+00
3.586300000000000043e+00
3.496700000000000141e+00
3.713799999999999990e+00
3.474800000000000111e+00
3.500100000000000211e+00
3.613999999999999879e+00
3.840599999999999792e+00
3.504799999999999915e+00
3.504599999999999937e+00
3.474800000000000111e+00
3.600499999999999812e+00
3.681500000000000217e+00
3.743199999999999861e+00
3.576799999999999979e+00
3.706100000000000172e+00
3.840599999999999792e+00
3.474800000000000111e+00
3.736699999999999910e+00
3.643600000000000172e+00
3.541599999999999859e+00
3.580499999999999794e+00
3.840599999999999792e+00
3.480900000000000105e+00
3.686100000000000154e+00
3.688000000000000167e+00
3.610100000000000087e+00
3.840599999999999792e+00
3.840599999999999792e+00
3.504700000000000149e+00
3.538800000000000168e+00
3.474800000000000111e+00
3.543699999999999850e+00
3.487200000000000077e+00
3.474800000000000111e+00
3.840599999999999792e+00
3.534400000000000208e+00
3.602300000000000058e+00
3.840599999999999792e+00
3.716200000000000170e+00
3.474800000000000111e+00
3.592099999999999849e+00
3.739300000000000068e+00
3.536900000000000155e+00
3.474800000000000111e+00
3.474800000000000111e+00
3.657300000000000217e+00
