7.129199999999999982e+00
6.817400000000000126e+00
5.706699999999999662e+00
5.841800000000000104e+00
4.904300000000000104e+00
4.857599999999999696e+00
4.546299999999999564e+00
4.195400000000000240e+00
3.842999999999999972e+00
3.892500000000000071e+00
3.562399999999999789e+00
3.636499999999999844e+00
3.406400000000000095e+00
3.467999999999999972e+00
3.595400000000000151e+00
3.279500000000000082e+00
3.368599999999999817e+00
3.516099999999999781e+00
3.362299999999999844e+00
3.451799999999999979e+00
3.279500000000000082e+00
3.624699999999999811e+00
3.364700000000000024e+00
3.511600000000000055e+00
3.279500000000000082e+00
3.279500000000000082e+00
3.624699999999999811e+00
3.400399999999999867e+00
3.283199999999999896e+00
3.624699999999999811e+00
3.616699999999999804e+00
3.494600000000000151e+00
3.624699999999999811e+00
3.568599999999999994e+00
3.565500000000000114e+00
3.624699999999999811e+00
3.624699999999999811e+00
3.624699999999999811e+00
3.543000000000000149e+00
3.556599999999999984e+00
3.508999999999999897e+00
3.615200000000000191e+00
3.443200000000000038e+00
3.493599999999999817e+00
3.328300000000000036e+00
3.411099999999999799e+00
3.488199999999999967e+00
3.439900000000000180e+00
3.624699999999999811e+00
3.337699999999999889e+00
3.299199999999999910e+00
3.427999999999999936e+00
3.279500000000000082e+00
3.279500000000000082e+00
3.624699999999999811e+00
3.624699999999999811e+00
3.624699999999999811e+00
3.548200000000000021e+00
3.405299999999999994e+00
3.480199999999999960e+00
3.279500000000000082e+00
3.624699999999999811e+00
3.487600000000000033e+00
3.560599999999999987e+00
3.279500000000000082e+00
3.457899999999999974e+00
3.602899999999999991e+00
3.379599999999999937e+00
3.393800000000000150e+00
3.279500000000000082e+00
3.287399999999999878e+00
3.624699999999999811e+00
3.336800000000000210e+00
3.606399999999999828e+00
3.624699999999999811e+00
3.456500000000000128e+00
3.624699999999999811e+00
3.279500000000000082e+00
3.347900000000000098e+00
3.624699999999999811e+00
3.279500000000000082e+00
3.458600000000000119e+00
3.520099999999999785e+00
3.363500000000000156e+00
3.424100000000000144e+00
3.402299999999999880e+00
3.322599999999999998e+00
3.416500000000000092e+00
3.528700000000000170e+00
3.299999999999999822e+00
3.624699999999999811e+00
3.624699999999999811e+00
3.422499999999999876e+00
3.624699999999999811e+00
3.302400000000000002e+00
3.624699999999999811e+00
3.526699999999999946e+00
3.517399999999999860e+00
3.279500000000000082e+00
3.510200000000000209e+00
