7.041299999999999670e+00
6.608699999999999797e+00
5.605199999999999960e+00
5.279099999999999682e+00
4.732999999999999652e+00
3.944799999999999862e+00
3.617799999999999905e+00
3.392700000000000049e+00
3.383599999999999941e+00
3.277000000000000135e+00
3.080799999999999983e+00
3.356199999999999850e+00
3.147400000000000198e+00
3.104900000000000215e+00
3.036500000000000199e+00
3.356199999999999850e+00
3.144000000000000128e+00
3.356199999999999850e+00
3.226700000000000124e+00
3.154900000000000038e+00
3.137500000000000178e+00
3.286200000000000010e+00
3.272699999999999942e+00
3.303799999999999848e+00
3.306500000000000217e+00
3.287100000000000133e+00
3.356199999999999850e+00
3.113300000000000178e+00
3.356199999999999850e+00
3.211599999999999788e+00
3.356199999999999850e+00
3.053999999999999826e+00
3.297099999999999920e+00
3.356199999999999850e+00
3.160299999999999887e+00
3.356199999999999850e+00
3.124600000000000044e+00
3.225900000000000212e+00
3.315300000000000136e+00
3.180699999999999861e+00
3.322299999999999809e+00
3.090800000000000214e+00
3.036500000000000199e+00
3.081900000000000084e+00
3.118599999999999817e+00
3.036500000000000199e+00
3.183100000000000041e+00
3.356199999999999850e+00
3.213400000000000034e+00
3.275799999999999823e+00
3.101599999999999913e+00
3.356199999999999850e+00
3.306700000000000195e+00
3.178500000000000103e+00
3.311799999999999855e+00
3.090800000000000214e+00
3.092499999999999805e+00
3.036500000000000199e+00
3.356199999999999850e+00
3.036500000000000199e+00
3.356199999999999850e+00
3.309600000000000097e+00
3.310200000000000031e+00
3.086199999999999832e+00
3.189599999999999991e+00
3.245000000000000107e+00
3.341800000000000104e+00
3.184099999999999930e+00
3.300100000000000033e+00
3.244400000000000173e+00
3.036500000000000199e+00
3.203300000000000036e+00
3.144600000000000062e+00
3.351100000000000190e+00
3.050399999999999778e+00
3.036500000000000199e+00
3.356199999999999850e+00
3.356199999999999850e+00
3.356199999999999850e+00
3.271500000000000075e+00
3.236899999999999888e+00
3.098599999999999799e+00
3.226999999999999869e+00
3.036500000000000199e+00
3.211899999999999977e+00
3.348800000000000221e+00
3.218900000000000095e+00
3.181299999999999795e+00
3.036500000000000199e+00
3.227100000000000080e+00
3.036500000000000199e+00
3.240200000000000191e+00
3.101100000000000190e+00
3.036500000000000199e+00
3.048799999999999955e+00
3.316699999999999982e+00
3.331100000000000172e+00
3.237899999999999778e+00
3.036500000000000199e+00
3.137900000000000134e+00
