7.176700000000000301e+00
6.503899999999999793e+00
6.116799999999999571e+00
5.835099999999999731e+00
4.890200000000000102e+00
4.600299999999999834e+00
4.519599999999999618e+00
4.254500000000000171e+00
3.999099999999999877e+00
3.788300000000000001e+00
3.603200000000000180e+00
3.203399999999999803e+00
3.110700000000000021e+00
3.311300000000000132e+00
3.356199999999999850e+00
3.109300000000000175e+00
3.169299999999999784e+00
3.139100000000000001e+00
3.036500000000000199e+00
3.036500000000000199e+00
3.154100000000000126e+00
3.296199999999999797e+00
3.134500000000000064e+00
3.356199999999999850e+00
3.124699999999999811e+00
3.356199999999999850e+00
3.170399999999999885e+00
3.286300000000000221e+00
3.055899999999999839e+00
3.036500000000000199e+00
3.356199999999999850e+00
3.143400000000000194e+00
3.356199999999999850e+00
3.356199999999999850e+00
3.036500000000000199e+00
3.356199999999999850e+00
3.036500000000000199e+00
3.356199999999999850e+00
3.299399999999999888e+00
3.201700000000000212e+00
3.313899999999999846e+00
3.071800000000000086e+00
3.282599999999999962e+00
3.036500000000000199e+00
3.350600000000000023e+00
3.241400000000000059e+00
3.301000000000000156e+00
3.036500000000000199e+00
3.036500000000000199e+00
3.127600000000000158e+00
3.094399999999999817e+00
3.036500000000000199e+00
3.195100000000000051e+00
3.036500000000000199e+00
3.253200000000000092e+00
3.201900000000000190e+00
3.356199999999999850e+00
3.230700000000000127e+00
3.036500000000000199e+00
3.356199999999999850e+00
3.354499999999999815e+00
3.036500000000000199e+00
3.356199999999999850e+00
3.258599999999999941e+00
3.109900000000000109e+00
3.309899999999999842e+00
3.191399999999999793e+00
3.167499999999999982e+00
3.356199999999999850e+00
3.355599999999999916e+00
3.036700000000000177e+00
3.318299999999999805e+00
3.259900000000000020e+00
3.356199999999999850e+00
3.036500000000000199e+00
3.234199999999999964e+00
3.148000000000000131e+00
3.208699999999999886e+00
3.307700000000000085e+00
3.147600000000000176e+00
3.275100000000000122e+00
3.054699999999999971e+00
3.049700000000000077e+00
3.356199999999999850e+00
3.117799999999999905e+00
3.247399999999999842e+00
3.356199999999999850e+00
3.336100000000000065e+00
3.192400000000000126e+00
3.355100000000000193e+00
3.356199999999999850e+00
3.036500000000000199e+00
3.113100000000000200e+00
3.214199999999999946e+00
3.036500000000000199e+00
3.192000000000000171e+00
3.217799999999999994e+00
3.356199999999999850e+00
3.095099999999999962e+00
3.226799999999999891e+00
