6.780700000000000394e+00
6.118699999999999584e+00
5.897199999999999775e+00
5.691099999999999604e+00
4.730400000000000382e+00
4.724400000000000155e+00
4.448900000000000077e+00
3.738799999999999901e+00
3.675100000000000033e+00
3.359599999999999920e+00
3.180800000000000072e+00
3.246900000000000119e+00
3.279799999999999827e+00
2.945399999999999796e+00
3.005599999999999827e+00
3.005999999999999783e+00
3.093199999999999950e+00
3.018899999999999917e+00
3.188000000000000167e+00
3.140299999999999869e+00
3.255500000000000060e+00
3.255500000000000060e+00
3.167199999999999793e+00
3.165399999999999991e+00
3.087800000000000100e+00
3.033300000000000107e+00
3.174199999999999910e+00
3.255500000000000060e+00
2.945399999999999796e+00
2.971200000000000063e+00
2.945399999999999796e+00
2.945399999999999796e+00
3.201799999999999979e+00
3.056599999999999984e+00
2.945399999999999796e+00
3.098899999999999988e+00
2.971900000000000208e+00
3.255500000000000060e+00
3.116499999999999826e+00
3.104400000000000048e+00
3.015800000000000036e+00
3.255500000000000060e+00
3.063400000000000123e+00
2.945399999999999796e+00
3.189299999999999802e+00
3.255500000000000060e+00
3.027000000000000135e+00
3.096999999999999975e+00
3.148600000000000065e+00
2.952799999999999869e+00
3.210799999999999876e+00
3.133700000000000152e+00
3.255500000000000060e+00
3.140200000000000102e+00
3.139800000000000146e+00
3.255500000000000060e+00
3.136800000000000033e+00
3.236699999999999910e+00
3.161300000000000221e+00
3.083400000000000141e+00
3.108200000000000074e+00
3.016000000000000014e+00
3.133500000000000174e+00
3.255500000000000060e+00
3.134999999999999787e+00
3.106500000000000039e+00
3.005399999999999849e+00
3.013999999999999790e+00
2.945399999999999796e+00
2.945399999999999796e+00
3.119000000000000217e+00
3.132099999999999884e+00
3.200200000000000156e+00
3.168499999999999872e+00
2.977599999999999802e+00
3.255500000000000060e+00
3.197499999999999787e+00
3.182300000000000129e+00
2.957199999999999829e+00
2.945399999999999796e+00
3.204299999999999926e+00
3.111299999999999955e+00
3.255500000000000060e+00
2.945399999999999796e+00
3.084799999999999986e+00
2.970200000000000173e+00
3.245299999999999851e+00
3.054300000000000015e+00
3.146500000000000075e+00
3.169099999999999806e+00
2.945399999999999796e+00
3.197799999999999976e+00
3.024399999999999977e+00
3.009799999999999809e+00
3.000700000000000145e+00
2.945399999999999796e+00
2.959999999999999964e+00
3.061300000000000132e+00
3.255500000000000060e+00
3.106599999999999806e+00
