6.757200000000000095e+00
6.439899999999999736e+00
5.651500000000000412e+00
4.529600000000000293e+00
4.075700000000000323e+00
3.751399999999999846e+00
3.931299999999999795e+00
3.691899999999999959e+00
3.666199999999999903e+00
3.777899999999999814e+00
3.498699999999999921e+00
3.642700000000000049e+00
3.491999999999999993e+00
3.787100000000000133e+00
3.500900000000000123e+00
3.742100000000000204e+00
3.859599999999999920e+00
3.654300000000000104e+00
3.827599999999999891e+00
3.491999999999999993e+00
3.491999999999999993e+00
3.716200000000000170e+00
3.636699999999999822e+00
3.491999999999999993e+00
3.587000000000000188e+00
3.859599999999999920e+00
3.546100000000000030e+00
3.680400000000000116e+00
3.603899999999999881e+00
3.711300000000000043e+00
3.740000000000000213e+00
3.784499999999999975e+00
3.771500000000000075e+00
3.827500000000000124e+00
3.754100000000000215e+00
3.711800000000000210e+00
3.581300000000000150e+00
3.491999999999999993e+00
3.603200000000000180e+00
3.529599999999999849e+00
3.546600000000000197e+00
3.491999999999999993e+00
3.813800000000000079e+00
3.491999999999999993e+00
3.752699999999999925e+00
3.632600000000000051e+00
3.755199999999999871e+00
3.835799999999999876e+00
3.859599999999999920e+00
3.859599999999999920e+00
3.859599999999999920e+00
3.859599999999999920e+00
3.684800000000000075e+00
3.692400000000000126e+00
3.587499999999999911e+00
3.731100000000000083e+00
3.859599999999999920e+00
3.672299999999999898e+00
3.675699999999999967e+00
3.558499999999999996e+00
3.859599999999999920e+00
3.679199999999999804e+00
3.778999999999999915e+00
3.639299999999999979e+00
3.760899999999999910e+00
3.491999999999999993e+00
3.700200000000000156e+00
3.562399999999999789e+00
3.859599999999999920e+00
3.818400000000000016e+00
3.624299999999999855e+00
3.542800000000000171e+00
3.502400000000000180e+00
3.778999999999999915e+00
3.548500000000000210e+00
3.859599999999999920e+00
3.491999999999999993e+00
3.554300000000000015e+00
3.491999999999999993e+00
3.491999999999999993e+00
3.747599999999999820e+00
3.526899999999999924e+00
3.859599999999999920e+00
3.681700000000000195e+00
3.491999999999999993e+00
3.516799999999999926e+00
3.665299999999999780e+00
3.859599999999999920e+00
3.577799999999999869e+00
3.614100000000000090e+00
3.491999999999999993e+00
3.859599999999999920e+00
3.491999999999999993e+00
3.716400000000000148e+00
3.665700000000000180e+00
3.727500000000000036e+00
3.785800000000000054e+00
3.859599999999999920e+00
3.677099999999999813e+00
3.491999999999999993e+00
