6.696100000000000385e+00
6.219299999999999606e+00
6.000000000000000000e+00
5.989200000000000301e+00
5.602199999999999847e+00
4.805299999999999905e+00
4.635200000000000209e+00
4.662099999999999689e+00
4.207600000000000229e+00
4.219699999999999562e+00
3.789699999999999847e+00
3.865400000000000169e+00
3.710100000000000176e+00
3.417600000000000193e+00
3.400900000000000034e+00
3.400900000000000034e+00
3.527499999999999858e+00
3.453199999999999825e+00
3.620499999999999829e+00
3.400900000000000034e+00
3.400900000000000034e+00
3.612099999999999866e+00
3.415299999999999780e+00
3.705600000000000005e+00
3.727599999999999802e+00
3.758900000000000130e+00
3.630599999999999827e+00
3.700200000000000156e+00
3.400900000000000034e+00
3.400900000000000034e+00
3.410899999999999821e+00
3.736200000000000188e+00
3.604699999999999793e+00
3.695199999999999818e+00
3.758900000000000130e+00
3.685000000000000053e+00
3.563499999999999890e+00
3.400900000000000034e+00
3.400900000000000034e+00
3.514200000000000212e+00
3.400900000000000034e+00
3.400900000000000034e+00
3.463999999999999968e+00
3.400900000000000034e+00
3.754799999999999915e+00
3.566300000000000026e+00
3.598899999999999988e+00
3.758900000000000130e+00
3.573999999999999844e+00
3.400900000000000034e+00
3.400900000000000034e+00
3.758900000000000130e+00
3.400900000000000034e+00
3.419099999999999806e+00
3.631800000000000139e+00
3.549199999999999910e+00
3.475999999999999979e+00
3.400900000000000034e+00
3.642700000000000049e+00
3.400900000000000034e+00
3.623099999999999987e+00
3.535400000000000098e+00
3.619699999999999918e+00
3.400900000000000034e+00
3.582800000000000207e+00
3.400900000000000034e+00
3.415299999999999780e+00
3.674300000000000122e+00
3.530600000000000183e+00
3.400900000000000034e+00
3.400900000000000034e+00
3.747599999999999820e+00
3.709900000000000198e+00
3.758900000000000130e+00
3.468199999999999950e+00
3.646900000000000031e+00
3.400900000000000034e+00
3.724299999999999944e+00
3.758900000000000130e+00
3.536399999999999988e+00
3.671499999999999986e+00
3.544900000000000162e+00
3.472900000000000098e+00
3.400900000000000034e+00
3.404199999999999893e+00
3.557100000000000151e+00
3.494800000000000129e+00
3.545799999999999841e+00
3.400900000000000034e+00
3.527200000000000113e+00
3.724699999999999900e+00
3.420700000000000074e+00
3.400900000000000034e+00
3.758900000000000130e+00
3.618900000000000006e+00
3.463799999999999990e+00
3.529700000000000060e+00
3.400900000000000034e+00
3.625000000000000000e+00
3.514299999999999979e+00
