7.075099999999999945e+00
5.980400000000000382e+00
5.241399999999999615e+00
4.604400000000000048e+00
4.169299999999999784e+00
3.575000000000000178e+00
3.349800000000000111e+00
2.952399999999999913e+00
2.941399999999999793e+00
2.913400000000000212e+00
2.823999999999999844e+00
2.823999999999999844e+00
2.926299999999999901e+00
2.823999999999999844e+00
3.108900000000000219e+00
2.987899999999999778e+00
3.121199999999999974e+00
2.854099999999999859e+00
3.121199999999999974e+00
2.823999999999999844e+00
3.008500000000000174e+00
3.121199999999999974e+00
2.830200000000000049e+00
3.121199999999999974e+00
2.827700000000000102e+00
3.022800000000000153e+00
2.912999999999999812e+00
3.121199999999999974e+00
2.895399999999999974e+00
2.916199999999999903e+00
3.092600000000000016e+00
3.068599999999999994e+00
2.823999999999999844e+00
3.051699999999999857e+00
3.033399999999999874e+00
2.883999999999999897e+00
2.946800000000000086e+00
2.826499999999999790e+00
2.823999999999999844e+00
2.986899999999999888e+00
3.070399999999999796e+00
3.121199999999999974e+00
2.909100000000000019e+00
2.965899999999999981e+00
3.121199999999999974e+00
3.121199999999999974e+00
3.083699999999999886e+00
3.029199999999999893e+00
2.856899999999999995e+00
2.880900000000000016e+00
2.823999999999999844e+00
3.045999999999999819e+00
3.061700000000000088e+00
2.864599999999999813e+00
2.921899999999999942e+00
2.898499999999999854e+00
3.121199999999999974e+00
2.823999999999999844e+00
2.954000000000000181e+00
3.062600000000000211e+00
3.113700000000000134e+00
2.828100000000000058e+00
3.015099999999999891e+00
2.974600000000000133e+00
2.823999999999999844e+00
2.935900000000000176e+00
2.999899999999999789e+00
2.830700000000000216e+00
3.115200000000000191e+00
2.933100000000000041e+00
2.823999999999999844e+00
3.121199999999999974e+00
2.918200000000000127e+00
2.944700000000000095e+00
3.121199999999999974e+00
3.121199999999999974e+00
2.823999999999999844e+00
2.823999999999999844e+00
2.944500000000000117e+00
2.928199999999999914e+00
3.121199999999999974e+00
2.921100000000000030e+00
3.121199999999999974e+00
2.947099999999999831e+00
3.046100000000000030e+00
2.938499999999999890e+00
2.890299999999999869e+00
2.823999999999999844e+00
3.013700000000000045e+00
2.911500000000000199e+00
2.823999999999999844e+00
2.858400000000000052e+00
2.995099999999999874e+00
3.112200000000000077e+00
3.121199999999999974e+00
2.908999999999999808e+00
3.101399999999999935e+00
3.080900000000000194e+00
2.895399999999999974e+00
2.836500000000000021e+00
