7.154899999999999594e+00
6.361900000000000333e+00
5.773299999999999876e+00
5.926099999999999923e+00
5.215499999999999581e+00
4.651200000000000223e+00
4.669200000000000017e+00
4.329299999999999926e+00
4.189099999999999824e+00
3.714100000000000179e+00
3.454000000000000181e+00
3.294900000000000162e+00
3.181900000000000173e+00
3.371799999999999908e+00
3.285400000000000098e+00
3.330000000000000071e+00
3.266399999999999970e+00
3.108600000000000030e+00
3.356199999999999850e+00
3.165200000000000014e+00
3.036500000000000199e+00
3.326900000000000190e+00
3.133199999999999985e+00
3.149000000000000021e+00
3.157399999999999984e+00
3.249200000000000088e+00
3.036500000000000199e+00
3.125700000000000145e+00
3.195899999999999963e+00
3.356199999999999850e+00
3.058300000000000018e+00
3.100099999999999856e+00
3.356199999999999850e+00
3.290999999999999925e+00
3.221999999999999975e+00
3.076900000000000190e+00
3.356199999999999850e+00
3.189400000000000013e+00
3.207800000000000207e+00
3.208699999999999886e+00
3.210799999999999876e+00
3.329299999999999926e+00
3.146999999999999797e+00
3.036500000000000199e+00
3.138500000000000068e+00
3.185900000000000176e+00
3.212800000000000100e+00
3.080999999999999961e+00
3.036500000000000199e+00
3.278399999999999981e+00
3.314499999999999780e+00
3.036500000000000199e+00
3.145900000000000141e+00
3.068799999999999972e+00
3.241499999999999826e+00
3.133999999999999897e+00
3.036500000000000199e+00
3.356199999999999850e+00
3.263300000000000090e+00
3.125199999999999978e+00
3.036500000000000199e+00
3.036500000000000199e+00
3.154199999999999893e+00
3.036500000000000199e+00
3.356199999999999850e+00
3.081999999999999851e+00
3.185200000000000031e+00
3.128299999999999859e+00
3.228699999999999903e+00
3.340800000000000214e+00
3.036500000000000199e+00
3.307399999999999896e+00
3.175600000000000200e+00
3.356199999999999850e+00
3.260299999999999976e+00
3.036500000000000199e+00
3.036500000000000199e+00
3.356199999999999850e+00
3.327100000000000168e+00
3.151699999999999946e+00
3.301499999999999879e+00
3.098100000000000076e+00
3.353800000000000114e+00
3.151299999999999990e+00
3.071000000000000174e+00
3.222799999999999887e+00
3.157000000000000028e+00
3.276199999999999779e+00
3.125999999999999890e+00
3.180299999999999905e+00
3.356199999999999850e+00
3.347100000000000186e+00
3.149199999999999999e+00
3.224200000000000177e+00
3.036500000000000199e+00
3.356199999999999850e+00
3.169599999999999973e+00
3.356199999999999850e+00
3.353400000000000158e+00
3.332500000000000018e+00
