7.096799999999999997e+00
6.777700000000000280e+00
6.221199999999999619e+00
5.732199999999999740e+00
5.215700000000000003e+00
4.757100000000000328e+00
4.089900000000000091e+00
3.940999999999999837e+00
3.573999999999999844e+00
3.736299999999999955e+00
3.375000000000000000e+00
3.122500000000000053e+00
3.241299999999999848e+00
3.206799999999999873e+00
3.306799999999999962e+00
3.273000000000000131e+00
3.297699999999999854e+00
3.193599999999999994e+00
3.253899999999999793e+00
3.036500000000000199e+00
3.036500000000000199e+00
3.157500000000000195e+00
3.152800000000000047e+00
3.036500000000000199e+00
3.356199999999999850e+00
3.215700000000000003e+00
3.132099999999999884e+00
3.250900000000000123e+00
3.326200000000000045e+00
3.036500000000000199e+00
3.327199999999999935e+00
3.235300000000000065e+00
3.308600000000000207e+00
3.310900000000000176e+00
3.036500000000000199e+00
3.356199999999999850e+00
3.352799999999999780e+00
3.356199999999999850e+00
3.045900000000000052e+00
3.291900000000000048e+00
3.073199999999999932e+00
3.036500000000000199e+00
3.356199999999999850e+00
3.094899999999999984e+00
3.277299999999999880e+00
3.176099999999999923e+00
3.353800000000000114e+00
3.131099999999999994e+00
3.268600000000000172e+00
3.333699999999999886e+00
3.036500000000000199e+00
3.172800000000000065e+00
3.036500000000000199e+00
3.356199999999999850e+00
3.326600000000000001e+00
3.214399999999999924e+00
3.339500000000000135e+00
3.259399999999999853e+00
3.097700000000000120e+00
3.356199999999999850e+00
3.356199999999999850e+00
3.356199999999999850e+00
3.356199999999999850e+00
3.205799999999999983e+00
3.132800000000000029e+00
3.344300000000000050e+00
3.096099999999999852e+00
3.192499999999999893e+00
3.149799999999999933e+00
3.043499999999999872e+00
3.291500000000000092e+00
3.187399999999999789e+00
3.178599999999999870e+00
3.356199999999999850e+00
3.108999999999999986e+00
3.036500000000000199e+00
3.081399999999999917e+00
3.263799999999999812e+00
3.356199999999999850e+00
3.220099999999999962e+00
3.036500000000000199e+00
3.036500000000000199e+00
3.134999999999999787e+00
3.356199999999999850e+00
3.254100000000000215e+00
3.055899999999999839e+00
3.240299999999999958e+00
3.087899999999999867e+00
3.157999999999999918e+00
3.326700000000000212e+00
3.342000000000000082e+00
3.262799999999999923e+00
3.074100000000000055e+00
3.289299999999999891e+00
3.185200000000000031e+00
3.081799999999999873e+00
3.037799999999999834e+00
3.146399999999999864e+00
3.215899999999999981e+00
3.185799999999999965e+00
