1.279049999999999976e+01
1.309740000000000038e+01
1.209909999999999997e+01
1.160979999999999990e+01
1.041929999999999978e+01
1.008189999999999920e+01
9.770400000000000418e+00
9.920799999999999841e+00
8.711199999999999832e+00
9.249200000000000088e+00
8.900499999999999190e+00
8.582200000000000273e+00
8.009600000000000719e+00
7.270999999999999908e+00
7.617799999999999905e+00
7.140600000000000058e+00
6.753599999999999604e+00
7.164799999999999613e+00
7.073000000000000398e+00
6.628899999999999793e+00
6.897199999999999775e+00
6.909699999999999953e+00
7.066099999999999604e+00
6.854400000000000048e+00
6.456400000000000361e+00
6.602999999999999758e+00
6.393200000000000216e+00
6.585600000000000342e+00
6.393200000000000216e+00
6.498000000000000220e+00
6.670300000000000118e+00
6.393200000000000216e+00
6.785999999999999588e+00
6.834800000000000431e+00
6.926499999999999879e+00
6.765100000000000335e+00
6.651799999999999713e+00
7.016600000000000392e+00
6.780700000000000394e+00
6.565500000000000114e+00
6.436200000000000365e+00
6.393200000000000216e+00
7.006800000000000139e+00
6.591099999999999959e+00
6.494200000000000195e+00
7.066099999999999604e+00
6.555200000000000138e+00
7.066099999999999604e+00
6.950400000000000134e+00
6.624500000000000277e+00
6.708999999999999631e+00
6.412200000000000344e+00
6.540600000000000414e+00
7.066099999999999604e+00
6.589999999999999858e+00
6.395299999999999763e+00
6.909799999999999720e+00
6.638300000000000090e+00
6.961800000000000210e+00
6.587299999999999933e+00
6.778200000000000003e+00
7.066099999999999604e+00
6.974499999999999922e+00
6.412600000000000300e+00
6.893399999999999750e+00
7.066099999999999604e+00
6.393200000000000216e+00
6.393200000000000216e+00
6.393200000000000216e+00
6.832399999999999807e+00
6.931499999999999773e+00
6.727699999999999569e+00
6.587900000000000311e+00
6.955599999999999561e+00
6.393200000000000216e+00
7.066099999999999604e+00
7.066099999999999604e+00
7.066099999999999604e+00
6.622499999999999609e+00
6.636300000000000310e+00
6.926800000000000068e+00
6.393200000000000216e+00
6.841999999999999638e+00
7.018900000000000361e+00
6.464900000000000091e+00
6.610199999999999854e+00
6.733500000000000263e+00
6.451999999999999957e+00
6.393200000000000216e+00
6.393200000000000216e+00
7.066099999999999604e+00
6.673199999999999577e+00
7.018399999999999750e+00
7.066099999999999604e+00
7.066099999999999604e+00
6.719000000000000306e+00
6.705400000000000027e+00
6.436499999999999666e+00
7.066099999999999604e+00
7.066099999999999604e+00
