1.244209999999999994e+01
1.223210000000000086e+01
1.272489999999999988e+01
1.147180000000000000e+01
1.119619999999999926e+01
1.100929999999999964e+01
1.077439999999999998e+01
1.053200000000000003e+01
9.469099999999999184e+00
9.145699999999999719e+00
9.129899999999999238e+00
8.485799999999999343e+00
8.028800000000000381e+00
8.606500000000000483e+00
8.290800000000000836e+00
7.360999999999999766e+00
7.185599999999999987e+00
7.618500000000000050e+00
7.590300000000000047e+00
6.787099999999999689e+00
7.333599999999999675e+00
6.548000000000000043e+00
6.621599999999999930e+00
6.552699999999999747e+00
6.702099999999999724e+00
7.010200000000000209e+00
7.066099999999999604e+00
7.030400000000000205e+00
6.553799999999999848e+00
7.066099999999999604e+00
6.393200000000000216e+00
6.821100000000000385e+00
6.844800000000000217e+00
6.933699999999999974e+00
6.574399999999999800e+00
6.834699999999999775e+00
6.393200000000000216e+00
6.860100000000000087e+00
6.489200000000000301e+00
7.066099999999999604e+00
6.953999999999999737e+00
6.658999999999999808e+00
6.559099999999999930e+00
6.393200000000000216e+00
6.749100000000000321e+00
6.681000000000000050e+00
6.393200000000000216e+00
6.939499999999999780e+00
6.801999999999999602e+00
6.393200000000000216e+00
6.949699999999999989e+00
6.676999999999999602e+00
6.970100000000000406e+00
6.393200000000000216e+00
7.066099999999999604e+00
7.009000000000000341e+00
6.746199999999999974e+00
6.541599999999999859e+00
7.066099999999999604e+00
6.393200000000000216e+00
6.734399999999999942e+00
6.484300000000000175e+00
6.991299999999999848e+00
6.393200000000000216e+00
6.393200000000000216e+00
7.066099999999999604e+00
7.053600000000000314e+00
6.610500000000000043e+00
6.931700000000000195e+00
6.881800000000000139e+00
6.434099999999999930e+00
6.925099999999999589e+00
6.603200000000000180e+00
6.879199999999999982e+00
7.066099999999999604e+00
7.066099999999999604e+00
6.760799999999999699e+00
6.687800000000000189e+00
6.866100000000000314e+00
6.522400000000000198e+00
6.578000000000000291e+00
6.966499999999999915e+00
6.586299999999999599e+00
7.065800000000000303e+00
6.923499999999999766e+00
6.678499999999999659e+00
6.393200000000000216e+00
6.812299999999999578e+00
6.844100000000000072e+00
6.466400000000000148e+00
6.965300000000000047e+00
6.393200000000000216e+00
6.842900000000000205e+00
6.815100000000000158e+00
7.066099999999999604e+00
7.066099999999999604e+00
7.066099999999999604e+00
6.799900000000000055e+00
6.393200000000000216e+00
6.595600000000000129e+00
