1.341360000000000063e+01
1.216699999999999982e+01
1.172330000000000005e+01
1.137379999999999924e+01
1.084409999999999918e+01
1.057690000000000019e+01
9.357200000000000628e+00
9.605199999999999960e+00
9.114100000000000534e+00
9.011900000000000688e+00
8.737600000000000477e+00
7.618100000000000094e+00
7.984200000000000408e+00
7.134199999999999875e+00
6.937599999999999767e+00
6.892599999999999838e+00
6.699799999999999756e+00
7.216599999999999682e+00
6.453700000000000436e+00
6.796700000000000408e+00
6.864799999999999791e+00
6.832600000000000229e+00
6.393200000000000216e+00
6.861900000000000333e+00
6.650500000000000078e+00
6.701999999999999957e+00
6.592900000000000205e+00
7.066099999999999604e+00
6.393200000000000216e+00
6.494399999999999729e+00
6.393200000000000216e+00
6.393200000000000216e+00
6.860500000000000043e+00
6.679800000000000182e+00
6.840300000000000047e+00
7.066099999999999604e+00
6.684199999999999697e+00
6.762500000000000178e+00
6.856499999999999595e+00
6.651900000000000368e+00
6.570599999999999774e+00
6.556000000000000050e+00
6.571500000000000341e+00
7.066099999999999604e+00
7.009999999999999787e+00
6.576900000000000190e+00
6.927999999999999936e+00
7.066099999999999604e+00
6.903299999999999770e+00
7.066099999999999604e+00
6.393200000000000216e+00
6.653100000000000236e+00
7.066099999999999604e+00
6.553899999999999615e+00
6.942199999999999704e+00
6.629199999999999982e+00
6.483999999999999986e+00
6.393200000000000216e+00
6.665099999999999802e+00
6.930799999999999628e+00
6.701399999999999579e+00
6.393200000000000216e+00
6.393200000000000216e+00
6.429299999999999571e+00
6.393200000000000216e+00
7.057199999999999918e+00
6.393200000000000216e+00
6.413700000000000401e+00
6.735299999999999621e+00
6.393200000000000216e+00
7.046599999999999753e+00
6.965700000000000003e+00
6.920399999999999885e+00
6.478200000000000180e+00
6.977800000000000225e+00
7.066099999999999604e+00
6.674800000000000288e+00
6.393200000000000216e+00
6.473099999999999632e+00
6.493500000000000050e+00
6.527899999999999814e+00
6.715200000000000280e+00
6.393200000000000216e+00
7.004599999999999937e+00
6.911299999999999777e+00
6.671199999999999797e+00
6.875700000000000145e+00
7.066099999999999604e+00
6.650800000000000267e+00
6.673799999999999955e+00
7.066099999999999604e+00
6.759299999999999642e+00
7.066099999999999604e+00
6.405400000000000205e+00
6.393200000000000216e+00
6.393200000000000216e+00
6.829900000000000304e+00
6.393200000000000216e+00
6.692800000000000082e+00
6.852400000000000269e+00
