1.344200000000000017e+01
1.203810000000000002e+01
1.263840000000000074e+01
1.120420000000000016e+01
1.146230000000000082e+01
1.090540000000000020e+01
1.119780000000000086e+01
1.084309999999999974e+01
9.610699999999999577e+00
9.223499999999999588e+00
9.254200000000000870e+00
9.428000000000000824e+00
9.258100000000000662e+00
8.320399999999999352e+00
8.927599999999999980e+00
8.085699999999999221e+00
7.747200000000000308e+00
8.117399999999999949e+00
7.819399999999999906e+00
7.389599999999999724e+00
7.307100000000000151e+00
7.693999999999999950e+00
7.197000000000000064e+00
7.227299999999999613e+00
7.859200000000000408e+00
7.564199999999999591e+00
7.914100000000000357e+00
7.397100000000000009e+00
7.316300000000000026e+00
7.566399999999999793e+00
7.558699999999999974e+00
7.530700000000000394e+00
7.268299999999999983e+00
7.698900000000000077e+00
7.831900000000000084e+00
7.160400000000000098e+00
7.777599999999999625e+00
7.453700000000000436e+00
7.710700000000000109e+00
7.847999999999999865e+00
7.685900000000000176e+00
7.914100000000000357e+00
7.160400000000000098e+00
7.914100000000000357e+00
7.914100000000000357e+00
7.914100000000000357e+00
7.302100000000000257e+00
7.160400000000000098e+00
7.594299999999999606e+00
7.160400000000000098e+00
7.438399999999999679e+00
7.199499999999999567e+00
7.556700000000000195e+00
7.741399999999999615e+00
7.855900000000000105e+00
7.793800000000000061e+00
7.765699999999999825e+00
7.908800000000000274e+00
7.160400000000000098e+00
7.755499999999999616e+00
7.279499999999999638e+00
7.602699999999999569e+00
7.599599999999999689e+00
7.561200000000000365e+00
7.365300000000000402e+00
7.431799999999999962e+00
7.160400000000000098e+00
7.160400000000000098e+00
7.601200000000000401e+00
7.160400000000000098e+00
7.660700000000000287e+00
7.523299999999999876e+00
7.391600000000000392e+00
7.505300000000000082e+00
7.914100000000000357e+00
7.914100000000000357e+00
7.914100000000000357e+00
7.511099999999999888e+00
7.344699999999999562e+00
7.429599999999999760e+00
7.914100000000000357e+00
7.465200000000000280e+00
7.280000000000000249e+00
7.794800000000000395e+00
7.160400000000000098e+00
7.914100000000000357e+00
7.914100000000000357e+00
7.617799999999999905e+00
7.914100000000000357e+00
7.914100000000000357e+00
7.160400000000000098e+00
7.405400000000000205e+00
7.914100000000000357e+00
7.174100000000000144e+00
7.914100000000000357e+00
7.785199999999999676e+00
7.576800000000000423e+00
7.160400000000000098e+00
7.362300000000000288e+00
7.328700000000000436e+00
