1.306799999999999962e+01
1.191200000000000081e+01
1.260490000000000066e+01
1.151750000000000007e+01
1.155780000000000030e+01
1.107169999999999987e+01
9.981600000000000250e+00
9.426500000000000767e+00
9.762800000000000367e+00
8.901699999999999946e+00
9.014799999999999258e+00
8.288000000000000256e+00
8.366600000000000037e+00
7.310399999999999565e+00
7.305399999999999672e+00
7.096400000000000041e+00
6.781900000000000261e+00
6.563600000000000101e+00
7.020299999999999763e+00
6.883200000000000429e+00
6.408800000000000274e+00
6.047200000000000131e+00
6.621400000000000396e+00
5.956900000000000084e+00
6.045899999999999608e+00
6.187999999999999723e+00
6.267999999999999794e+00
6.571500000000000341e+00
5.945700000000000429e+00
6.010399999999999743e+00
5.988100000000000200e+00
5.945700000000000429e+00
6.238100000000000200e+00
5.945700000000000429e+00
5.945700000000000429e+00
6.085799999999999876e+00
6.128499999999999837e+00
6.322499999999999787e+00
6.326699999999999768e+00
6.175200000000000244e+00
6.571500000000000341e+00
6.410300000000000331e+00
6.098200000000000287e+00
6.397199999999999775e+00
6.033400000000000318e+00
6.106300000000000061e+00
6.309899999999999842e+00
6.256099999999999994e+00
6.026500000000000412e+00
6.073800000000000310e+00
6.291299999999999670e+00
6.370899999999999785e+00
6.366600000000000037e+00
6.333599999999999675e+00
5.945700000000000429e+00
6.545600000000000307e+00
6.003999999999999559e+00
6.106900000000000439e+00
6.292500000000000426e+00
6.208400000000000141e+00
6.571500000000000341e+00
5.945700000000000429e+00
6.094500000000000028e+00
6.476200000000000401e+00
5.996199999999999974e+00
6.414100000000000357e+00
6.571500000000000341e+00
5.981700000000000017e+00
6.178799999999999848e+00
5.945700000000000429e+00
6.138300000000000090e+00
6.016499999999999737e+00
6.003899999999999793e+00
5.945700000000000429e+00
5.945700000000000429e+00
6.333400000000000141e+00
5.945700000000000429e+00
6.227699999999999569e+00
6.205599999999999561e+00
6.189199999999999591e+00
6.426300000000000345e+00
6.483699999999999797e+00
5.945700000000000429e+00
6.453000000000000291e+00
6.457799999999999763e+00
6.571500000000000341e+00
6.205899999999999750e+00
6.412499999999999645e+00
6.524200000000000443e+00
6.349300000000000388e+00
6.571500000000000341e+00
6.571500000000000341e+00
6.281900000000000261e+00
6.384599999999999831e+00
6.571500000000000341e+00
6.348399999999999821e+00
6.261499999999999844e+00
5.945700000000000429e+00
5.945700000000000429e+00
6.141700000000000159e+00
