1.326459999999999972e+01
1.180250000000000021e+01
1.212700000000000067e+01
1.062689999999999912e+01
1.115320000000000000e+01
9.965099999999999625e+00
1.000750000000000028e+01
9.122099999999999653e+00
8.354599999999999582e+00
8.653100000000000236e+00
8.388099999999999667e+00
7.459900000000000198e+00
7.223300000000000054e+00
7.363500000000000156e+00
7.160400000000000098e+00
6.915899999999999714e+00
7.015100000000000335e+00
6.270500000000000185e+00
6.384999999999999787e+00
6.852299999999999613e+00
6.201399999999999579e+00
6.201399999999999579e+00
6.323400000000000354e+00
6.559199999999999697e+00
6.841199999999999726e+00
6.854199999999999626e+00
6.326500000000000234e+00
6.381899999999999906e+00
6.320999999999999730e+00
6.839500000000000135e+00
6.417500000000000426e+00
6.458999999999999631e+00
6.416299999999999670e+00
6.573299999999999699e+00
6.854199999999999626e+00
6.772899999999999920e+00
6.539900000000000269e+00
6.325199999999999712e+00
6.253199999999999648e+00
6.201399999999999579e+00
6.404399999999999871e+00
6.609600000000000364e+00
6.612899999999999778e+00
6.506800000000000139e+00
6.854199999999999626e+00
6.676599999999999646e+00
6.350799999999999557e+00
6.391099999999999781e+00
6.854199999999999626e+00
6.389100000000000001e+00
6.386400000000000077e+00
6.835099999999999731e+00
6.693900000000000183e+00
6.201399999999999579e+00
6.849899999999999878e+00
6.280499999999999972e+00
6.679999999999999716e+00
6.567199999999999704e+00
6.854199999999999626e+00
6.854199999999999626e+00
6.443900000000000183e+00
6.854199999999999626e+00
6.497099999999999653e+00
6.201399999999999579e+00
6.706000000000000405e+00
6.662700000000000067e+00
6.558799999999999741e+00
6.854199999999999626e+00
6.498800000000000132e+00
6.615300000000000402e+00
6.854199999999999626e+00
6.502100000000000435e+00
6.854199999999999626e+00
6.201399999999999579e+00
6.605900000000000105e+00
6.201399999999999579e+00
6.588899999999999757e+00
6.306799999999999962e+00
6.631599999999999717e+00
6.854199999999999626e+00
6.400999999999999801e+00
6.311399999999999899e+00
6.782899999999999707e+00
6.854199999999999626e+00
6.854199999999999626e+00
6.209299999999999820e+00
6.201399999999999579e+00
6.620700000000000252e+00
6.392299999999999649e+00
6.650400000000000311e+00
6.728900000000000325e+00
6.210600000000000342e+00
6.854199999999999626e+00
6.354099999999999859e+00
6.854199999999999626e+00
6.201399999999999579e+00
6.423199999999999577e+00
6.538999999999999702e+00
6.854199999999999626e+00
6.559800000000000075e+00
