1.313100000000000023e+01
1.264419999999999966e+01
1.178299999999999947e+01
1.107750000000000057e+01
1.178350000000000009e+01
1.074549999999999983e+01
1.039620000000000033e+01
1.026130000000000031e+01
1.009459999999999980e+01
9.151500000000000412e+00
8.863200000000000855e+00
8.661599999999999966e+00
8.028800000000000381e+00
8.210000000000000853e+00
8.018000000000000682e+00
7.360999999999999766e+00
7.932599999999999874e+00
7.690000000000000391e+00
7.590300000000000047e+00
7.006800000000000139e+00
7.055600000000000094e+00
6.927500000000000213e+00
6.613500000000000156e+00
6.864099999999999646e+00
6.430600000000000094e+00
7.017400000000000304e+00
7.066099999999999604e+00
6.393200000000000216e+00
7.030599999999999739e+00
7.066099999999999604e+00
6.575300000000000367e+00
6.721499999999999808e+00
7.001000000000000334e+00
6.892000000000000348e+00
7.066099999999999604e+00
6.787700000000000067e+00
6.459299999999999820e+00
6.857199999999999740e+00
6.393200000000000216e+00
6.626999999999999780e+00
7.066099999999999604e+00
6.481600000000000250e+00
6.582799999999999763e+00
6.433600000000000207e+00
6.906500000000000306e+00
6.740700000000000358e+00
6.497099999999999653e+00
6.393200000000000216e+00
6.882799999999999585e+00
6.422100000000000364e+00
6.756499999999999950e+00
7.066099999999999604e+00
6.834100000000000286e+00
6.506400000000000183e+00
7.066099999999999604e+00
6.522100000000000009e+00
6.393200000000000216e+00
6.696399999999999686e+00
6.660999999999999588e+00
6.543800000000000061e+00
7.066099999999999604e+00
6.577700000000000102e+00
6.802999999999999936e+00
6.625099999999999767e+00
6.827600000000000335e+00
7.066099999999999604e+00
6.833999999999999631e+00
7.030599999999999739e+00
6.393200000000000216e+00
6.747700000000000031e+00
6.695500000000000007e+00
6.848900000000000432e+00
6.393200000000000216e+00
6.782499999999999751e+00
7.027700000000000280e+00
7.066099999999999604e+00
6.651200000000000223e+00
6.861799999999999677e+00
6.393200000000000216e+00
6.725999999999999979e+00
6.699499999999999567e+00
6.783100000000000129e+00
6.492300000000000182e+00
6.886099999999999888e+00
6.704500000000000348e+00
6.696100000000000385e+00
7.066099999999999604e+00
6.796800000000000175e+00
6.804000000000000270e+00
6.393200000000000216e+00
6.604400000000000048e+00
6.393200000000000216e+00
6.393200000000000216e+00
6.393200000000000216e+00
6.840600000000000236e+00
6.578000000000000291e+00
6.393200000000000216e+00
7.025599999999999845e+00
6.393200000000000216e+00
7.066099999999999604e+00
