1.353139999999999965e+01
1.240310000000000024e+01
1.127989999999999959e+01
1.075009999999999977e+01
1.067290000000000028e+01
9.824600000000000222e+00
1.030560000000000009e+01
9.288800000000000168e+00
8.799200000000000799e+00
8.881999999999999673e+00
8.625600000000000378e+00
7.857499999999999929e+00
8.103300000000000836e+00
7.625700000000000145e+00
7.178099999999999703e+00
7.749600000000000044e+00
7.627200000000000202e+00
7.650299999999999656e+00
7.350299999999999834e+00
7.631400000000000183e+00
6.904600000000000293e+00
7.162300000000000111e+00
7.631400000000000183e+00
7.033299999999999663e+00
7.300200000000000244e+00
7.096700000000000230e+00
7.018500000000000405e+00
7.203899999999999970e+00
7.631400000000000183e+00
6.904600000000000293e+00
7.631400000000000183e+00
7.349400000000000155e+00
7.092500000000000249e+00
6.916400000000000325e+00
7.020999999999999908e+00
6.904600000000000293e+00
7.199799999999999756e+00
7.019000000000000128e+00
7.101499999999999702e+00
6.904600000000000293e+00
7.631400000000000183e+00
7.410199999999999676e+00
7.543300000000000338e+00
7.631400000000000183e+00
7.579200000000000159e+00
7.585200000000000387e+00
7.282799999999999940e+00
7.533900000000000041e+00
6.911800000000000388e+00
7.311300000000000132e+00
6.904600000000000293e+00
7.189600000000000435e+00
6.904600000000000293e+00
7.290499999999999758e+00
7.528900000000000148e+00
7.631400000000000183e+00
7.535400000000000098e+00
7.631400000000000183e+00
7.191699999999999982e+00
7.562999999999999723e+00
7.316499999999999559e+00
7.198299999999999699e+00
7.345299999999999940e+00
7.079900000000000304e+00
6.904600000000000293e+00
7.387400000000000411e+00
7.179199999999999804e+00
6.959900000000000198e+00
7.260600000000000165e+00
7.033900000000000041e+00
6.937599999999999767e+00
6.909900000000000375e+00
7.351600000000000357e+00
7.070999999999999730e+00
7.389499999999999957e+00
6.904600000000000293e+00
7.571500000000000341e+00
7.631400000000000183e+00
7.105299999999999727e+00
7.109200000000000408e+00
7.479300000000000281e+00
7.023600000000000065e+00
7.425300000000000011e+00
7.453299999999999592e+00
7.288499999999999979e+00
7.383399999999999963e+00
7.462399999999999700e+00
6.904600000000000293e+00
7.315100000000000158e+00
7.373199999999999754e+00
7.631400000000000183e+00
7.238199999999999967e+00
7.371699999999999697e+00
7.631400000000000183e+00
7.251199999999999868e+00
7.631400000000000183e+00
7.631400000000000183e+00
6.969000000000000306e+00
7.051099999999999923e+00
6.981200000000000294e+00
