1.375179999999999936e+01
1.306659999999999933e+01
1.143210000000000015e+01
1.135490000000000066e+01
1.034800000000000075e+01
1.069599999999999973e+01
1.019599999999999973e+01
9.444499999999999673e+00
8.961600000000000676e+00
8.312400000000000233e+00
7.750399999999999956e+00
8.251400000000000290e+00
7.788299999999999557e+00
7.249699999999999811e+00
7.529099999999999682e+00
7.061399999999999899e+00
6.894999999999999574e+00
6.639400000000000190e+00
6.666800000000000281e+00
7.066099999999999604e+00
7.066099999999999604e+00
6.853600000000000136e+00
6.446299999999999919e+00
6.393200000000000216e+00
6.640299999999999869e+00
6.836199999999999832e+00
7.066099999999999604e+00
6.931899999999999729e+00
6.756899999999999906e+00
6.474099999999999966e+00
7.051000000000000156e+00
6.393200000000000216e+00
6.773600000000000065e+00
6.594100000000000072e+00
7.066099999999999604e+00
6.393200000000000216e+00
6.737499999999999822e+00
6.755799999999999805e+00
6.594100000000000072e+00
6.752200000000000202e+00
6.393200000000000216e+00
6.393200000000000216e+00
7.066099999999999604e+00
6.690199999999999925e+00
6.614899999999999558e+00
7.004800000000000360e+00
6.627299999999999969e+00
6.393200000000000216e+00
6.782899999999999707e+00
7.027700000000000280e+00
6.544500000000000206e+00
6.597000000000000419e+00
6.742799999999999905e+00
6.650800000000000267e+00
7.066099999999999604e+00
7.066099999999999604e+00
6.411999999999999922e+00
6.800500000000000433e+00
6.974300000000000388e+00
7.011599999999999611e+00
6.676300000000000345e+00
6.393200000000000216e+00
6.635100000000000442e+00
6.439499999999999780e+00
6.747099999999999653e+00
6.680600000000000094e+00
6.790700000000000180e+00
6.852400000000000269e+00
7.066099999999999604e+00
6.393200000000000216e+00
6.393200000000000216e+00
6.773699999999999832e+00
6.393200000000000216e+00
6.645599999999999952e+00
6.838899999999999757e+00
6.964199999999999946e+00
6.757399999999999629e+00
6.998999999999999666e+00
6.393200000000000216e+00
6.465600000000000236e+00
6.679899999999999949e+00
6.913599999999999746e+00
6.991100000000000314e+00
6.511099999999999888e+00
6.393200000000000216e+00
7.019000000000000128e+00
6.815999999999999837e+00
6.469400000000000261e+00
6.856900000000000439e+00
6.884800000000000253e+00
7.058399999999999785e+00
6.724899999999999878e+00
7.066099999999999604e+00
6.713199999999999612e+00
7.003899999999999793e+00
7.066099999999999604e+00
7.066099999999999604e+00
6.467200000000000060e+00
6.393200000000000216e+00
6.393200000000000216e+00
