1.277139999999999986e+01
1.194280000000000008e+01
1.146390000000000065e+01
1.128780000000000072e+01
1.167950000000000088e+01
1.121780000000000044e+01
1.038209999999999944e+01
9.375000000000000000e+00
9.573100000000000165e+00
9.583500000000000796e+00
9.145099999999999341e+00
8.295899999999999608e+00
8.101100000000000634e+00
7.914500000000000313e+00
7.391600000000000392e+00
7.752100000000000435e+00
6.917399999999999771e+00
6.836000000000000298e+00
6.991699999999999804e+00
6.994699999999999918e+00
6.994399999999999729e+00
6.798600000000000421e+00
6.654099999999999682e+00
6.114300000000000068e+00
6.724099999999999966e+00
6.083899999999999864e+00
6.157799999999999940e+00
6.278800000000000381e+00
6.073500000000000121e+00
6.285499999999999865e+00
6.712799999999999656e+00
6.229000000000000092e+00
6.073500000000000121e+00
6.712799999999999656e+00
6.712799999999999656e+00
6.519400000000000084e+00
6.341400000000000148e+00
6.644499999999999851e+00
6.265699999999999825e+00
6.496400000000000396e+00
6.712799999999999656e+00
6.332900000000000418e+00
6.223200000000000287e+00
6.073500000000000121e+00
6.464000000000000412e+00
6.396200000000000330e+00
6.712799999999999656e+00
6.367499999999999716e+00
6.073500000000000121e+00
6.558399999999999785e+00
6.073500000000000121e+00
6.073500000000000121e+00
6.073500000000000121e+00
6.437000000000000277e+00
6.101899999999999658e+00
6.616200000000000081e+00
6.712799999999999656e+00
6.073500000000000121e+00
6.073500000000000121e+00
6.521200000000000330e+00
6.712799999999999656e+00
6.073500000000000121e+00
6.491900000000000226e+00
6.073500000000000121e+00
6.105000000000000426e+00
6.513799999999999812e+00
6.457200000000000273e+00
6.247300000000000075e+00
6.132200000000000095e+00
6.408299999999999663e+00
6.310500000000000220e+00
6.073500000000000121e+00
6.510900000000000354e+00
6.712799999999999656e+00
6.073500000000000121e+00
6.073500000000000121e+00
6.620000000000000107e+00
6.073500000000000121e+00
6.375499999999999723e+00
6.712799999999999656e+00
6.073500000000000121e+00
6.712799999999999656e+00
6.699600000000000222e+00
6.093600000000000350e+00
6.421700000000000408e+00
6.712799999999999656e+00
6.235000000000000320e+00
6.467800000000000438e+00
6.712799999999999656e+00
6.073500000000000121e+00
6.712799999999999656e+00
6.712799999999999656e+00
6.530700000000000394e+00
6.073500000000000121e+00
6.611200000000000188e+00
6.091300000000000381e+00
6.133399999999999963e+00
6.687000000000000277e+00
6.249100000000000321e+00
6.450199999999999712e+00
