1.328529999999999944e+01
1.292399999999999949e+01
1.211439999999999984e+01
1.067769999999999975e+01
1.071499999999999986e+01
9.454499999999999460e+00
9.766700000000000159e+00
9.471299999999999386e+00
8.810900000000000176e+00
8.641999999999999460e+00
8.194399999999999906e+00
7.424800000000000288e+00
7.867600000000000371e+00
7.710200000000000387e+00
6.865300000000000402e+00
6.798899999999999721e+00
7.373400000000000176e+00
7.126199999999999868e+00
7.012999999999999901e+00
7.490099999999999980e+00
7.231499999999999595e+00
7.394700000000000273e+00
7.203500000000000014e+00
7.490099999999999980e+00
7.490099999999999980e+00
7.490099999999999980e+00
6.776799999999999713e+00
7.185800000000000409e+00
7.490099999999999980e+00
7.051000000000000156e+00
7.060100000000000264e+00
6.979599999999999582e+00
7.490099999999999980e+00
7.254900000000000126e+00
7.301700000000000301e+00
7.145999999999999908e+00
7.490099999999999980e+00
6.861699999999999910e+00
7.206599999999999895e+00
7.319300000000000139e+00
7.385500000000000398e+00
7.052900000000000169e+00
7.490099999999999980e+00
6.889800000000000146e+00
6.776799999999999713e+00
7.490099999999999980e+00
7.490099999999999980e+00
7.484300000000000175e+00
7.490099999999999980e+00
6.776799999999999713e+00
7.490099999999999980e+00
7.490099999999999980e+00
7.490099999999999980e+00
6.776799999999999713e+00
6.809099999999999930e+00
7.150500000000000078e+00
7.490099999999999980e+00
7.314499999999999780e+00
6.776799999999999713e+00
7.241999999999999993e+00
7.490099999999999980e+00
7.263700000000000045e+00
7.122200000000000308e+00
7.405100000000000016e+00
7.490099999999999980e+00
7.062800000000000189e+00
6.776799999999999713e+00
7.465099999999999625e+00
7.443900000000000183e+00
7.321500000000000341e+00
6.776799999999999713e+00
7.114099999999999646e+00
6.776799999999999713e+00
7.326600000000000001e+00
7.490099999999999980e+00
7.074200000000000266e+00
6.907199999999999562e+00
7.022300000000000431e+00
6.806300000000000239e+00
6.889899999999999913e+00
7.245199999999999640e+00
7.490099999999999980e+00
7.307699999999999640e+00
7.490099999999999980e+00
7.490099999999999980e+00
7.490099999999999980e+00
7.043899999999999828e+00
7.275000000000000355e+00
7.485000000000000320e+00
7.490099999999999980e+00
6.923899999999999721e+00
6.822499999999999787e+00
7.329200000000000159e+00
7.141600000000000392e+00
6.833999999999999631e+00
7.331599999999999895e+00
6.776799999999999713e+00
6.776799999999999713e+00
7.389400000000000190e+00
7.005399999999999849e+00
