1.270439999999999969e+01
1.242960000000000065e+01
1.189380000000000059e+01
1.067120000000000068e+01
1.025140000000000029e+01
1.011529999999999951e+01
9.181699999999999307e+00
9.060499999999999332e+00
9.201499999999999346e+00
8.333500000000000796e+00
8.223699999999999122e+00
7.853299999999999947e+00
7.545300000000000118e+00
6.952399999999999913e+00
7.194099999999999717e+00
6.531799999999999606e+00
6.602299999999999613e+00
6.097800000000000331e+00
5.903500000000000192e+00
6.155499999999999972e+00
5.782399999999999984e+00
6.010299999999999976e+00
5.767299999999999649e+00
6.179400000000000226e+00
6.365999999999999659e+00
5.767299999999999649e+00
6.246500000000000163e+00
6.188699999999999868e+00
6.023399999999999643e+00
5.767299999999999649e+00
5.767299999999999649e+00
6.020400000000000418e+00
6.374399999999999622e+00
6.087100000000000399e+00
5.860899999999999999e+00
6.019499999999999851e+00
6.270900000000000141e+00
6.128899999999999793e+00
5.767299999999999649e+00
5.767299999999999649e+00
6.374399999999999622e+00
6.238000000000000433e+00
6.374399999999999622e+00
6.374399999999999622e+00
5.906100000000000350e+00
5.910499999999999865e+00
6.155100000000000016e+00
6.315500000000000114e+00
6.374399999999999622e+00
6.182699999999999640e+00
5.767299999999999649e+00
5.794100000000000250e+00
6.314300000000000246e+00
6.041199999999999903e+00
5.767299999999999649e+00
6.374399999999999622e+00
5.885799999999999699e+00
6.266799999999999926e+00
6.374399999999999622e+00
6.374399999999999622e+00
6.104499999999999815e+00
6.139300000000000423e+00
5.787099999999999689e+00
6.374399999999999622e+00
6.066799999999999748e+00
6.374399999999999622e+00
6.374399999999999622e+00
5.767299999999999649e+00
5.958499999999999908e+00
6.374399999999999622e+00
5.767299999999999649e+00
6.366200000000000081e+00
5.767299999999999649e+00
6.148399999999999643e+00
6.374399999999999622e+00
5.790899999999999714e+00
5.767299999999999649e+00
6.137500000000000178e+00
6.044200000000000017e+00
5.834399999999999586e+00
6.256999999999999673e+00
6.158400000000000318e+00
5.797799999999999621e+00
6.052399999999999558e+00
6.374399999999999622e+00
6.374399999999999622e+00
6.374399999999999622e+00
5.767299999999999649e+00
6.006499999999999950e+00
5.945199999999999818e+00
6.286999999999999922e+00
6.230299999999999727e+00
5.950700000000000323e+00
6.374399999999999622e+00
5.976099999999999746e+00
6.374399999999999622e+00
5.965200000000000280e+00
5.978500000000000369e+00
6.071900000000000297e+00
6.374399999999999622e+00
