1.375179999999999936e+01
1.296419999999999995e+01
1.222429999999999950e+01
1.079609999999999914e+01
1.088770000000000060e+01
9.957499999999999574e+00
8.814299999999999358e+00
8.709500000000000242e+00
8.314199999999999591e+00
8.096600000000000463e+00
7.697300000000000253e+00
7.293800000000000061e+00
7.430200000000000138e+00
7.235999999999999766e+00
7.068999999999999950e+00
6.287799999999999834e+00
6.631700000000000372e+00
6.390200000000000102e+00
6.263499999999999623e+00
6.539100000000000357e+00
6.201399999999999579e+00
6.651399999999999757e+00
6.854199999999999626e+00
6.642599999999999838e+00
6.369799999999999685e+00
6.318500000000000227e+00
6.854199999999999626e+00
6.219000000000000306e+00
6.201399999999999579e+00
6.332099999999999618e+00
6.822400000000000020e+00
6.454200000000000159e+00
6.457600000000000229e+00
6.435200000000000031e+00
6.854199999999999626e+00
6.201399999999999579e+00
6.201399999999999579e+00
6.565000000000000391e+00
6.814499999999999780e+00
6.398200000000000109e+00
6.498400000000000176e+00
6.854199999999999626e+00
6.854199999999999626e+00
6.241299999999999848e+00
6.529499999999999638e+00
6.600999999999999979e+00
6.201399999999999579e+00
6.773900000000000254e+00
6.760799999999999699e+00
6.201399999999999579e+00
6.634699999999999598e+00
6.201399999999999579e+00
6.335399999999999920e+00
6.201399999999999579e+00
6.591800000000000104e+00
6.558300000000000018e+00
6.431000000000000050e+00
6.218200000000000394e+00
6.496500000000000163e+00
6.201399999999999579e+00
6.619500000000000384e+00
6.661500000000000199e+00
6.614799999999999791e+00
6.854199999999999626e+00
6.312199999999999811e+00
6.201399999999999579e+00
6.266700000000000159e+00
6.729499999999999815e+00
6.393799999999999706e+00
6.618800000000000239e+00
6.682599999999999874e+00
6.201399999999999579e+00
6.601099999999999746e+00
6.487899999999999778e+00
6.368100000000000094e+00
6.368599999999999817e+00
6.211800000000000210e+00
6.854199999999999626e+00
6.700800000000000090e+00
6.469299999999999606e+00
6.854199999999999626e+00
6.473200000000000287e+00
6.418800000000000061e+00
6.620000000000000107e+00
6.687500000000000000e+00
6.201399999999999579e+00
6.854199999999999626e+00
6.265399999999999636e+00
6.201399999999999579e+00
6.305399999999999672e+00
6.658100000000000129e+00
6.201399999999999579e+00
6.494399999999999729e+00
6.552200000000000024e+00
6.543999999999999595e+00
6.201399999999999579e+00
6.321500000000000341e+00
6.854199999999999626e+00
6.533000000000000362e+00
6.442099999999999937e+00
