1.244209999999999994e+01
1.205599999999999916e+01
1.221990000000000087e+01
1.077880000000000038e+01
1.063940000000000019e+01
1.021909999999999918e+01
9.223599999999999355e+00
9.191900000000000404e+00
8.670199999999999463e+00
8.466100000000000847e+00
7.921700000000000408e+00
7.573299999999999699e+00
7.620599999999999596e+00
7.324499999999999567e+00
6.824399999999999800e+00
6.916900000000000048e+00
6.935200000000000031e+00
6.784600000000000186e+00
6.349700000000000344e+00
6.854199999999999626e+00
6.201399999999999579e+00
6.201399999999999579e+00
6.663499999999999979e+00
6.715200000000000280e+00
6.385399999999999743e+00
6.201399999999999579e+00
6.208000000000000185e+00
6.600699999999999790e+00
6.429299999999999571e+00
6.605900000000000105e+00
6.854199999999999626e+00
6.488299999999999734e+00
6.593600000000000350e+00
6.496100000000000207e+00
6.488299999999999734e+00
6.854199999999999626e+00
6.686099999999999710e+00
6.388700000000000045e+00
6.201399999999999579e+00
6.830799999999999983e+00
6.823999999999999844e+00
6.617499999999999716e+00
6.753099999999999881e+00
6.695899999999999963e+00
6.251999999999999780e+00
6.201399999999999579e+00
6.201399999999999579e+00
6.696299999999999919e+00
6.367799999999999905e+00
6.246800000000000352e+00
6.529600000000000293e+00
6.771099999999999675e+00
6.632399999999999629e+00
6.235699999999999577e+00
6.497399999999999842e+00
6.201399999999999579e+00
6.854199999999999626e+00
6.815299999999999692e+00
6.395599999999999952e+00
6.420200000000000351e+00
6.854199999999999626e+00
6.201399999999999579e+00
6.201399999999999579e+00
6.532700000000000173e+00
6.808399999999999785e+00
6.614200000000000301e+00
6.854199999999999626e+00
6.646899999999999586e+00
6.649899999999999700e+00
6.472599999999999909e+00
6.689700000000000202e+00
6.238800000000000345e+00
6.608500000000000263e+00
6.589400000000000368e+00
6.445100000000000051e+00
6.331299999999999706e+00
6.559199999999999697e+00
6.201399999999999579e+00
6.836899999999999977e+00
6.201399999999999579e+00
6.815000000000000391e+00
6.201399999999999579e+00
6.201399999999999579e+00
6.854199999999999626e+00
6.854199999999999626e+00
6.437000000000000277e+00
6.270199999999999996e+00
6.854199999999999626e+00
6.477999999999999758e+00
6.201399999999999579e+00
6.460399999999999920e+00
6.224099999999999966e+00
6.201399999999999579e+00
6.854199999999999626e+00
6.764800000000000146e+00
6.854199999999999626e+00
6.292300000000000004e+00
6.854199999999999626e+00
6.761899999999999800e+00
6.665000000000000036e+00
