1.308869999999999933e+01
1.280739999999999945e+01
1.226069999999999993e+01
1.191179999999999950e+01
1.093919999999999959e+01
1.008050000000000068e+01
9.513199999999999434e+00
9.108100000000000307e+00
9.443500000000000227e+00
8.178699999999999193e+00
8.018499999999999517e+00
8.080199999999999605e+00
7.922200000000000131e+00
7.649099999999999788e+00
6.857999999999999652e+00
6.554499999999999993e+00
7.049999999999999822e+00
6.806099999999999817e+00
6.466000000000000192e+00
6.370099999999999874e+00
6.266099999999999781e+00
6.526399999999999757e+00
6.511499999999999844e+00
6.194300000000000139e+00
6.296000000000000263e+00
6.405599999999999739e+00
6.045700000000000074e+00
6.511499999999999844e+00
6.214800000000000324e+00
6.466599999999999682e+00
6.228299999999999947e+00
6.395999999999999908e+00
6.511499999999999844e+00
6.511499999999999844e+00
6.427699999999999747e+00
6.098300000000000054e+00
6.001299999999999635e+00
6.241600000000000037e+00
5.891300000000000203e+00
6.511499999999999844e+00
5.891300000000000203e+00
6.259900000000000020e+00
5.965099999999999625e+00
6.511499999999999844e+00
6.083000000000000185e+00
6.250200000000000422e+00
5.978399999999999714e+00
6.511499999999999844e+00
6.339599999999999902e+00
6.214500000000000135e+00
6.511499999999999844e+00
5.905400000000000205e+00
6.038499999999999979e+00
5.914200000000000124e+00
6.511499999999999844e+00
6.224599999999999689e+00
5.891300000000000203e+00
6.033800000000000274e+00
6.479199999999999626e+00
6.511499999999999844e+00
6.213199999999999612e+00
6.449799999999999756e+00
6.295700000000000074e+00
6.053899999999999615e+00
6.511499999999999844e+00
5.891300000000000203e+00
5.891300000000000203e+00
5.963000000000000078e+00
6.360199999999999854e+00
6.442800000000000082e+00
5.971199999999999619e+00
6.434000000000000163e+00
6.001100000000000101e+00
6.511499999999999844e+00
6.507500000000000284e+00
6.239799999999999791e+00
6.231499999999999595e+00
6.051499999999999879e+00
6.100699999999999790e+00
6.373800000000000132e+00
6.511499999999999844e+00
6.030700000000000394e+00
6.440800000000000303e+00
6.105299999999999727e+00
6.363199999999999967e+00
6.286599999999999966e+00
6.088799999999999990e+00
5.891300000000000203e+00
6.384299999999999642e+00
6.197600000000000442e+00
6.419500000000000206e+00
5.891300000000000203e+00
6.043599999999999639e+00
6.255099999999999660e+00
6.511499999999999844e+00
5.905000000000000249e+00
6.078299999999999592e+00
6.319200000000000372e+00
6.511499999999999844e+00
5.899200000000000443e+00
