1.330729999999999968e+01
1.200830000000000020e+01
1.167660000000000053e+01
1.220870000000000033e+01
1.102960000000000029e+01
1.065900000000000070e+01
1.060989999999999966e+01
1.047729999999999961e+01
9.585200000000000387e+00
9.045700000000000074e+00
8.570399999999999352e+00
8.565200000000000813e+00
8.887000000000000455e+00
8.628000000000000114e+00
7.755399999999999849e+00
7.586800000000000210e+00
7.986100000000000421e+00
7.538599999999999746e+00
7.670799999999999841e+00
6.856200000000000294e+00
6.736500000000000377e+00
6.681499999999999773e+00
6.614200000000000301e+00
7.276699999999999946e+00
6.771200000000000330e+00
7.253700000000000259e+00
7.050300000000000011e+00
6.835300000000000153e+00
6.573500000000000121e+00
6.967699999999999783e+00
6.573500000000000121e+00
6.788599999999999746e+00
6.785300000000000331e+00
6.632500000000000284e+00
6.855699999999999683e+00
6.831900000000000084e+00
6.573500000000000121e+00
6.700999999999999623e+00
6.846000000000000085e+00
7.179700000000000415e+00
6.769700000000000273e+00
7.125300000000000189e+00
6.745400000000000063e+00
6.836199999999999832e+00
6.573500000000000121e+00
6.807199999999999918e+00
6.818599999999999994e+00
6.650800000000000267e+00
7.265399999999999636e+00
6.678399999999999892e+00
7.162300000000000111e+00
7.265399999999999636e+00
6.914600000000000080e+00
7.104099999999999859e+00
6.573500000000000121e+00
6.927699999999999747e+00
6.825199999999999712e+00
6.985599999999999810e+00
6.930799999999999628e+00
6.754800000000000360e+00
6.573500000000000121e+00
7.066099999999999604e+00
7.178799999999999848e+00
6.573500000000000121e+00
6.715600000000000236e+00
7.261599999999999611e+00
6.629199999999999982e+00
7.265399999999999636e+00
7.170399999999999885e+00
6.667799999999999727e+00
6.575199999999999712e+00
6.919299999999999784e+00
7.022800000000000153e+00
7.177999999999999936e+00
6.881199999999999761e+00
6.573500000000000121e+00
7.265399999999999636e+00
6.982999999999999652e+00
7.128899999999999793e+00
6.573500000000000121e+00
6.573500000000000121e+00
7.020100000000000229e+00
7.265399999999999636e+00
7.087799999999999656e+00
7.043800000000000061e+00
6.947600000000000442e+00
6.904200000000000337e+00
6.716899999999999871e+00
6.970399999999999707e+00
6.573500000000000121e+00
7.102800000000000225e+00
7.006999999999999673e+00
7.247899999999999565e+00
6.573500000000000121e+00
6.573500000000000121e+00
6.573500000000000121e+00
6.573500000000000121e+00
7.257399999999999629e+00
6.573500000000000121e+00
7.265399999999999636e+00
