1.353889999999999993e+01
1.250280000000000058e+01
1.226529999999999987e+01
1.199130000000000074e+01
1.122509999999999941e+01
1.066830000000000034e+01
1.081049999999999933e+01
1.072480000000000011e+01
9.388500000000000512e+00
9.092599999999999127e+00
8.902300000000000324e+00
9.057499999999999218e+00
9.195399999999999352e+00
8.100199999999999179e+00
7.899799999999999933e+00
7.921100000000000030e+00
8.351699999999999235e+00
8.193500000000000227e+00
7.728299999999999947e+00
7.184099999999999930e+00
7.845399999999999707e+00
7.167300000000000004e+00
7.718799999999999883e+00
7.042799999999999727e+00
7.653999999999999915e+00
7.170600000000000307e+00
6.945500000000000007e+00
7.192099999999999937e+00
7.676700000000000301e+00
6.945500000000000007e+00
7.025900000000000034e+00
7.558600000000000207e+00
7.656799999999999606e+00
7.185500000000000220e+00
7.645999999999999908e+00
7.676700000000000301e+00
7.676700000000000301e+00
7.480800000000000338e+00
6.945500000000000007e+00
7.613000000000000433e+00
7.470900000000000318e+00
7.468499999999999694e+00
7.676700000000000301e+00
7.249299999999999855e+00
7.676700000000000301e+00
7.406399999999999650e+00
7.303499999999999659e+00
6.961500000000000021e+00
6.945500000000000007e+00
7.361399999999999721e+00
7.261899999999999800e+00
7.264800000000000146e+00
7.410899999999999821e+00
7.676700000000000301e+00
7.676700000000000301e+00
7.067000000000000171e+00
7.208099999999999952e+00
7.390600000000000058e+00
7.397199999999999775e+00
7.241500000000000270e+00
7.174100000000000144e+00
7.530400000000000205e+00
7.676700000000000301e+00
7.646300000000000097e+00
7.075700000000000323e+00
7.385399999999999743e+00
7.316099999999999604e+00
7.443900000000000183e+00
6.945500000000000007e+00
7.324799999999999756e+00
7.535300000000000331e+00
7.676700000000000301e+00
7.417500000000000426e+00
7.277700000000000280e+00
7.419999999999999929e+00
6.945500000000000007e+00
7.341400000000000148e+00
7.278500000000000192e+00
7.665399999999999991e+00
7.427699999999999747e+00
6.945500000000000007e+00
7.631300000000000416e+00
6.945500000000000007e+00
7.328700000000000436e+00
7.514000000000000234e+00
7.223799999999999777e+00
7.075300000000000367e+00
7.554199999999999804e+00
7.239799999999999791e+00
6.945500000000000007e+00
7.192899999999999849e+00
7.659299999999999997e+00
7.167099999999999582e+00
7.412499999999999645e+00
7.352500000000000036e+00
7.676700000000000301e+00
7.676700000000000301e+00
6.999600000000000044e+00
7.676700000000000301e+00
7.472999999999999865e+00
