1.375179999999999936e+01
1.186519999999999975e+01
1.131000000000000050e+01
1.127200000000000024e+01
1.131080000000000041e+01
1.048470000000000013e+01
9.948299999999999699e+00
9.629799999999999471e+00
9.456500000000000128e+00
8.239200000000000301e+00
8.230499999999999261e+00
8.052899999999999281e+00
7.593399999999999928e+00
7.107099999999999973e+00
7.211100000000000065e+00
6.793000000000000149e+00
7.033299999999999663e+00
6.812100000000000044e+00
6.878800000000000026e+00
6.461599999999999788e+00
6.495499999999999829e+00
6.854199999999999626e+00
6.854199999999999626e+00
6.503000000000000114e+00
6.854199999999999626e+00
6.854199999999999626e+00
6.751699999999999591e+00
6.597500000000000142e+00
6.841300000000000381e+00
6.599099999999999966e+00
6.201399999999999579e+00
6.443900000000000183e+00
6.201399999999999579e+00
6.854199999999999626e+00
6.201399999999999579e+00
6.847599999999999909e+00
6.580499999999999794e+00
6.633700000000000152e+00
6.391000000000000014e+00
6.580899999999999750e+00
6.854199999999999626e+00
6.201399999999999579e+00
6.717100000000000293e+00
6.807100000000000151e+00
6.567400000000000126e+00
6.201399999999999579e+00
6.693999999999999950e+00
6.635399999999999743e+00
6.813699999999999868e+00
6.273200000000000109e+00
6.675099999999999589e+00
6.201399999999999579e+00
6.771300000000000097e+00
6.847900000000000098e+00
6.854199999999999626e+00
6.568800000000000416e+00
6.614200000000000301e+00
6.854199999999999626e+00
6.384400000000000297e+00
6.643099999999999561e+00
6.343300000000000161e+00
6.562000000000000277e+00
6.854199999999999626e+00
6.201399999999999579e+00
6.854199999999999626e+00
6.331699999999999662e+00
6.201399999999999579e+00
6.506000000000000227e+00
6.201399999999999579e+00
6.507600000000000051e+00
6.776099999999999568e+00
6.457699999999999996e+00
6.738100000000000200e+00
6.201399999999999579e+00
6.247099999999999653e+00
6.747499999999999609e+00
6.201399999999999579e+00
6.560599999999999987e+00
6.572199999999999598e+00
6.854199999999999626e+00
6.394700000000000273e+00
6.583000000000000185e+00
6.693299999999999805e+00
6.592500000000000249e+00
6.854199999999999626e+00
6.423700000000000188e+00
6.854199999999999626e+00
6.854199999999999626e+00
6.201399999999999579e+00
6.201399999999999579e+00
6.453500000000000014e+00
6.854199999999999626e+00
6.201399999999999579e+00
6.392500000000000071e+00
6.768099999999999561e+00
6.534099999999999575e+00
6.323599999999999888e+00
6.426800000000000068e+00
6.333599999999999675e+00
6.452200000000000379e+00
