1.332910000000000039e+01
1.287650000000000006e+01
1.234210000000000029e+01
1.192559999999999931e+01
1.154749999999999943e+01
1.117329999999999934e+01
1.065349999999999930e+01
9.903299999999999770e+00
9.716799999999999216e+00
9.755000000000000782e+00
8.532700000000000173e+00
8.917899999999999494e+00
8.226699999999999235e+00
8.027300000000000324e+00
8.316800000000000637e+00
8.170600000000000307e+00
7.797699999999999854e+00
7.099000000000000199e+00
6.969000000000000306e+00
7.594500000000000028e+00
7.308099999999999596e+00
6.942000000000000171e+00
7.414500000000000313e+00
6.969100000000000072e+00
6.975200000000000067e+00
7.164200000000000124e+00
7.242200000000000415e+00
6.960899999999999643e+00
7.100900000000000212e+00
6.793700000000000294e+00
7.295300000000000118e+00
6.743999999999999773e+00
7.194200000000000372e+00
6.740199999999999747e+00
7.073400000000000354e+00
6.986900000000000333e+00
7.402499999999999858e+00
6.957200000000000273e+00
6.822600000000000442e+00
6.697499999999999787e+00
6.697499999999999787e+00
6.899600000000000399e+00
6.858699999999999797e+00
7.402499999999999858e+00
6.697499999999999787e+00
7.402499999999999858e+00
6.865499999999999936e+00
7.402499999999999858e+00
6.953999999999999737e+00
7.402499999999999858e+00
6.697499999999999787e+00
7.402499999999999858e+00
6.988500000000000156e+00
7.377799999999999692e+00
6.864799999999999791e+00
7.402499999999999858e+00
7.392599999999999838e+00
7.361299999999999955e+00
6.963700000000000223e+00
6.914699999999999847e+00
6.888499999999999623e+00
6.937800000000000189e+00
6.697499999999999787e+00
7.001699999999999591e+00
7.225500000000000256e+00
6.945199999999999818e+00
7.061200000000000365e+00
7.160099999999999909e+00
7.271799999999999820e+00
6.938100000000000378e+00
6.697499999999999787e+00
6.697499999999999787e+00
6.975399999999999601e+00
7.161999999999999922e+00
7.127699999999999925e+00
7.402499999999999858e+00
6.758399999999999963e+00
7.214800000000000324e+00
7.346400000000000041e+00
6.830400000000000027e+00
7.007900000000000240e+00
7.183099999999999596e+00
7.402499999999999858e+00
7.150500000000000078e+00
6.697499999999999787e+00
7.373599999999999710e+00
7.103100000000000414e+00
7.226200000000000401e+00
7.368100000000000094e+00
7.402499999999999858e+00
6.728699999999999903e+00
7.388799999999999812e+00
6.990800000000000125e+00
7.191399999999999793e+00
7.190800000000000303e+00
6.697499999999999787e+00
6.773600000000000065e+00
7.402499999999999858e+00
7.008499999999999730e+00
6.997700000000000031e+00
