1.244209999999999994e+01
1.259270000000000067e+01
1.163090000000000046e+01
1.181540000000000035e+01
1.116520000000000046e+01
1.099019999999999975e+01
1.001769999999999960e+01
9.499900000000000233e+00
9.140900000000000247e+00
9.192000000000000171e+00
8.611000000000000654e+00
8.261200000000000543e+00
8.605900000000000105e+00
7.783400000000000318e+00
8.246499999999999275e+00
7.977899999999999991e+00
7.501000000000000334e+00
7.289100000000000357e+00
7.702600000000000335e+00
7.259199999999999875e+00
7.510500000000000398e+00
7.450499999999999901e+00
7.298600000000000421e+00
7.307100000000000151e+00
7.048399999999999999e+00
6.697499999999999787e+00
6.697499999999999787e+00
7.067499999999999893e+00
6.698599999999999888e+00
7.132399999999999629e+00
7.060500000000000220e+00
7.083000000000000185e+00
7.307900000000000063e+00
7.338099999999999845e+00
7.276099999999999568e+00
7.135900000000000354e+00
7.402499999999999858e+00
7.009900000000000020e+00
7.402499999999999858e+00
7.209600000000000009e+00
7.278900000000000148e+00
6.917300000000000004e+00
7.402499999999999858e+00
6.907300000000000217e+00
7.402499999999999858e+00
6.996599999999999930e+00
7.088300000000000267e+00
6.697499999999999787e+00
6.697499999999999787e+00
7.251100000000000101e+00
7.053499999999999659e+00
7.155199999999999783e+00
7.402499999999999858e+00
7.402499999999999858e+00
6.753599999999999604e+00
6.781600000000000072e+00
7.340200000000000280e+00
6.897000000000000242e+00
6.697499999999999787e+00
6.732099999999999973e+00
7.368000000000000327e+00
7.010500000000000398e+00
7.319399999999999906e+00
7.402499999999999858e+00
6.988599999999999923e+00
7.359200000000000408e+00
6.828899999999999970e+00
7.313100000000000378e+00
6.833499999999999908e+00
6.755600000000000271e+00
6.963700000000000223e+00
7.388799999999999812e+00
6.748499999999999943e+00
7.140399999999999636e+00
6.799900000000000055e+00
6.730100000000000193e+00
7.402499999999999858e+00
6.889599999999999724e+00
7.402499999999999858e+00
6.868500000000000050e+00
7.402499999999999858e+00
7.250300000000000189e+00
6.697499999999999787e+00
7.212399999999999700e+00
7.118000000000000327e+00
6.788899999999999935e+00
7.376199999999999868e+00
7.402499999999999858e+00
7.227500000000000036e+00
7.034900000000000375e+00
7.402499999999999858e+00
7.215900000000000425e+00
7.402499999999999858e+00
7.221899999999999764e+00
7.402499999999999858e+00
7.124900000000000233e+00
7.245099999999999874e+00
7.402499999999999858e+00
7.279499999999999638e+00
7.402499999999999858e+00
