2.628040000000000020e+01
2.682550000000000168e+01
2.410569999999999879e+01
2.428869999999999862e+01
2.256800000000000139e+01
2.216799999999999926e+01
2.154560000000000031e+01
2.107639999999999958e+01
2.232110000000000127e+01
2.172619999999999862e+01
2.000580000000000069e+01
2.060920000000000130e+01
2.007260000000000133e+01
1.958930000000000149e+01
1.843669999999999831e+01
1.763550000000000040e+01
1.679889999999999972e+01
1.781269999999999953e+01
1.681640000000000157e+01
1.589789999999999992e+01
1.558999999999999986e+01
1.521649999999999991e+01
1.613179999999999836e+01
1.464279999999999937e+01
1.421959999999999980e+01
1.435539999999999949e+01
1.386800000000000033e+01
1.449339999999999939e+01
1.360440000000000005e+01
1.413439999999999941e+01
1.412909999999999933e+01
1.361030000000000051e+01
1.406269999999999953e+01
1.398939999999999984e+01
1.379260000000000019e+01
1.375000000000000000e+01
1.467099999999999937e+01
1.450970000000000049e+01
1.390799999999999947e+01
1.332980000000000054e+01
1.457900000000000063e+01
1.473290000000000077e+01
1.447610000000000063e+01
1.419480000000000075e+01
1.409220000000000006e+01
1.413339999999999996e+01
1.473290000000000077e+01
1.388959999999999972e+01
1.473290000000000077e+01
1.386930000000000085e+01
1.473290000000000077e+01
1.473290000000000077e+01
1.360100000000000087e+01
1.370030000000000037e+01
1.451030000000000086e+01
1.332980000000000054e+01
1.388669999999999938e+01
1.473290000000000077e+01
1.473290000000000077e+01
1.381850000000000023e+01
1.374559999999999960e+01
1.473290000000000077e+01
1.347170000000000023e+01
1.332980000000000054e+01
1.395470000000000077e+01
1.473290000000000077e+01
1.392750000000000021e+01
1.417989999999999995e+01
1.375440000000000040e+01
1.454550000000000054e+01
1.473290000000000077e+01
1.357429999999999914e+01
1.473290000000000077e+01
1.400040000000000084e+01
1.332980000000000054e+01
1.473290000000000077e+01
1.395979999999999954e+01
1.473290000000000077e+01
1.462759999999999927e+01
1.398509999999999920e+01
1.473290000000000077e+01
1.379030000000000022e+01
1.332980000000000054e+01
1.430080000000000062e+01
1.473290000000000077e+01
1.411229999999999940e+01
1.332980000000000054e+01
1.332980000000000054e+01
1.431760000000000055e+01
1.422940000000000005e+01
1.473290000000000077e+01
1.340310000000000024e+01
1.451370000000000005e+01
1.332980000000000054e+01
1.473290000000000077e+01
1.420519999999999960e+01
1.473290000000000077e+01
1.473290000000000077e+01
1.390489999999999959e+01
1.455850000000000044e+01
