2.795449999999999946e+01
2.508360000000000056e+01
2.421170000000000044e+01
2.535849999999999937e+01
2.449960000000000093e+01
2.247690000000000055e+01
2.303559999999999874e+01
2.102560000000000073e+01
2.134479999999999933e+01
2.098610000000000042e+01
1.926460000000000150e+01
1.788860000000000028e+01
1.920980000000000132e+01
1.689959999999999951e+01
1.767810000000000059e+01
1.673649999999999949e+01
1.726660000000000039e+01
1.597129999999999939e+01
1.490789999999999971e+01
1.542430000000000057e+01
1.540429999999999922e+01
1.552069999999999972e+01
1.416760000000000019e+01
1.420889999999999986e+01
1.342440000000000033e+01
1.431819999999999915e+01
1.314969999999999928e+01
1.396359999999999957e+01
1.367719999999999914e+01
1.335040000000000049e+01
1.392950000000000088e+01
1.385539999999999949e+01
1.415820000000000078e+01
1.381600000000000072e+01
1.374399999999999977e+01
1.429090000000000060e+01
1.292989999999999995e+01
1.380259999999999998e+01
1.355339999999999989e+01
1.429090000000000060e+01
1.429090000000000060e+01
1.340199999999999925e+01
1.425740000000000052e+01
1.429090000000000060e+01
1.389879999999999960e+01
1.325239999999999974e+01
1.429090000000000060e+01
1.407929999999999993e+01
1.429090000000000060e+01
1.368229999999999968e+01
1.407520000000000060e+01
1.429090000000000060e+01
1.429090000000000060e+01
1.316910000000000025e+01
1.292989999999999995e+01
1.378880000000000017e+01
1.396160000000000068e+01
1.331109999999999971e+01
1.406250000000000000e+01
1.292989999999999995e+01
1.397739999999999938e+01
1.326609999999999978e+01
1.329840000000000089e+01
1.429090000000000060e+01
1.317220000000000013e+01
1.320100000000000051e+01
1.417459999999999987e+01
1.334420000000000073e+01
1.292989999999999995e+01
1.429090000000000060e+01
1.292989999999999995e+01
1.331930000000000014e+01
1.429090000000000060e+01
1.337519999999999953e+01
1.292989999999999995e+01
1.367489999999999917e+01
1.376679999999999993e+01
1.322700000000000031e+01
1.333680000000000021e+01
1.429090000000000060e+01
1.292989999999999995e+01
1.292989999999999995e+01
1.369679999999999964e+01
1.292989999999999995e+01
1.320889999999999986e+01
1.429090000000000060e+01
1.358569999999999922e+01
1.429090000000000060e+01
1.420599999999999952e+01
1.394480000000000075e+01
1.352640000000000065e+01
1.292989999999999995e+01
1.323509999999999920e+01
1.361270000000000024e+01
1.359859999999999935e+01
1.292989999999999995e+01
1.429090000000000060e+01
1.378580000000000005e+01
1.332450000000000045e+01
1.336030000000000051e+01
