2.529220000000000113e+01
2.731629999999999825e+01
2.431129999999999924e+01
2.609700000000000131e+01
2.349869999999999948e+01
2.466880000000000095e+01
2.208609999999999829e+01
2.314160000000000039e+01
2.235689999999999955e+01
2.183650000000000091e+01
2.029350000000000165e+01
2.198189999999999955e+01
2.140030000000000143e+01
1.938319999999999865e+01
2.010510000000000019e+01
1.844050000000000011e+01
2.002919999999999945e+01
1.819729999999999848e+01
1.938139999999999930e+01
1.733320000000000149e+01
1.822360000000000113e+01
1.722939999999999827e+01
1.828130000000000166e+01
1.737650000000000006e+01
1.776300000000000168e+01
1.771440000000000126e+01
1.588080000000000069e+01
1.625240000000000151e+01
1.728579999999999828e+01
1.612809999999999988e+01
1.705270000000000152e+01
1.639110000000000156e+01
1.698100000000000165e+01
1.566520000000000046e+01
1.694290000000000163e+01
1.648140000000000072e+01
1.625130000000000052e+01
1.654469999999999885e+01
1.694099999999999895e+01
1.643750000000000000e+01
1.656709999999999994e+01
1.694290000000000163e+01
1.571749999999999936e+01
1.562010000000000076e+01
1.600730000000000075e+01
1.685160000000000124e+01
1.532929999999999993e+01
1.694290000000000163e+01
1.532929999999999993e+01
1.694290000000000163e+01
1.606210000000000093e+01
1.629200000000000159e+01
1.600179999999999936e+01
1.572830000000000084e+01
1.679720000000000013e+01
1.598900000000000077e+01
1.685879999999999868e+01
1.586979999999999968e+01
1.547700000000000031e+01
1.694290000000000163e+01
1.638550000000000040e+01
1.532929999999999993e+01
1.604690000000000083e+01
1.658709999999999951e+01
1.552890000000000015e+01
1.692470000000000141e+01
1.532929999999999993e+01
1.570180000000000042e+01
1.642449999999999832e+01
1.576510000000000034e+01
1.559590000000000032e+01
1.615630000000000166e+01
1.573520000000000074e+01
1.694290000000000163e+01
1.620299999999999940e+01
1.694290000000000163e+01
1.629240000000000066e+01
1.694290000000000163e+01
1.550530000000000008e+01
1.694290000000000163e+01
1.681060000000000088e+01
1.628849999999999909e+01
1.532929999999999993e+01
1.532929999999999993e+01
1.537110000000000021e+01
1.608269999999999911e+01
1.639910000000000068e+01
1.555509999999999948e+01
1.585849999999999937e+01
1.570770000000000088e+01
1.532929999999999993e+01
1.694290000000000163e+01
1.694290000000000163e+01
1.592859999999999943e+01
1.661730000000000018e+01
1.694290000000000163e+01
1.608119999999999905e+01
1.692429999999999879e+01
1.654960000000000164e+01
1.628529999999999944e+01
