2.795449999999999946e+01
2.443629999999999924e+01
2.361029999999999873e+01
2.521600000000000108e+01
2.204860000000000042e+01
2.243339999999999890e+01
2.078150000000000119e+01
2.102420000000000044e+01
1.928559999999999874e+01
1.866989999999999839e+01
1.808429999999999893e+01
1.799660000000000082e+01
1.700309999999999988e+01
1.677329999999999899e+01
1.714679999999999893e+01
1.724930000000000163e+01
1.617899999999999849e+01
1.617340000000000089e+01
1.448029999999999973e+01
1.473269999999999946e+01
1.434270000000000067e+01
1.362439999999999962e+01
1.399140000000000050e+01
1.320390000000000086e+01
1.441119999999999912e+01
1.302710000000000079e+01
1.334370000000000012e+01
1.393640000000000079e+01
1.364419999999999966e+01
1.324019999999999975e+01
1.266329999999999956e+01
1.266869999999999941e+01
1.399629999999999974e+01
1.306349999999999945e+01
1.310239999999999938e+01
1.298569999999999958e+01
1.303519999999999968e+01
1.341039999999999921e+01
1.350350000000000072e+01
1.350750000000000028e+01
1.295909999999999940e+01
1.323269999999999946e+01
1.368420000000000059e+01
1.399629999999999974e+01
1.386580000000000013e+01
1.353410000000000046e+01
1.372300000000000075e+01
1.399629999999999974e+01
1.334340000000000082e+01
1.282130000000000081e+01
1.266329999999999956e+01
1.362449999999999939e+01
1.299399999999999977e+01
1.336110000000000042e+01
1.399629999999999974e+01
1.332150000000000034e+01
1.322209999999999930e+01
1.276699999999999946e+01
1.266329999999999956e+01
1.399629999999999974e+01
1.266329999999999956e+01
1.293219999999999992e+01
1.266329999999999956e+01
1.357639999999999958e+01
1.356070000000000064e+01
1.392609999999999992e+01
1.399629999999999974e+01
1.266329999999999956e+01
1.266329999999999956e+01
1.324980000000000047e+01
1.394919999999999938e+01
1.324419999999999931e+01
1.266329999999999956e+01
1.292290000000000028e+01
1.309110000000000085e+01
1.266329999999999956e+01
1.266329999999999956e+01
1.399629999999999974e+01
1.359350000000000058e+01
1.325130000000000052e+01
1.266329999999999956e+01
1.266329999999999956e+01
1.373339999999999961e+01
1.399629999999999974e+01
1.310229999999999961e+01
1.332360000000000078e+01
1.356620000000000026e+01
1.358999999999999986e+01
1.266329999999999956e+01
1.353630000000000067e+01
1.266329999999999956e+01
1.399629999999999974e+01
1.323170000000000002e+01
1.266329999999999956e+01
1.399629999999999974e+01
1.316419999999999924e+01
1.266329999999999956e+01
1.352650000000000041e+01
1.266329999999999956e+01
1.276689999999999969e+01
