2.588599999999999923e+01
2.599380000000000024e+01
2.603879999999999839e+01
2.561959999999999837e+01
2.421569999999999823e+01
2.479339999999999833e+01
2.382420000000000115e+01
2.271020000000000039e+01
2.153590000000000160e+01
2.055310000000000059e+01
2.213400000000000034e+01
2.166229999999999833e+01
1.919059999999999988e+01
1.955249999999999844e+01
1.996679999999999922e+01
1.997629999999999839e+01
1.847759999999999891e+01
1.847609999999999886e+01
1.864519999999999911e+01
1.790589999999999904e+01
1.802890000000000015e+01
1.639560000000000173e+01
1.610350000000000037e+01
1.756009999999999849e+01
1.644089999999999918e+01
1.557269999999999932e+01
1.699579999999999913e+01
1.535009999999999941e+01
1.626879999999999882e+01
1.660439999999999827e+01
1.651409999999999911e+01
1.487780000000000058e+01
1.507850000000000001e+01
1.510539999999999949e+01
1.629319999999999879e+01
1.608879999999999910e+01
1.635360000000000014e+01
1.597509999999999941e+01
1.501290000000000013e+01
1.479609999999999914e+01
1.479609999999999914e+01
1.526629999999999932e+01
1.519899999999999984e+01
1.620759999999999934e+01
1.493099999999999916e+01
1.576699999999999946e+01
1.584670000000000023e+01
1.624709999999999965e+01
1.479609999999999914e+01
1.571700000000000053e+01
1.635360000000000014e+01
1.493870000000000076e+01
1.479609999999999914e+01
1.536459999999999937e+01
1.479609999999999914e+01
1.479609999999999914e+01
1.597719999999999985e+01
1.576529999999999987e+01
1.605499999999999972e+01
1.513289999999999935e+01
1.635360000000000014e+01
1.547550000000000026e+01
1.541580000000000084e+01
1.479609999999999914e+01
1.563579999999999970e+01
1.557080000000000020e+01
1.618349999999999866e+01
1.635360000000000014e+01
1.635360000000000014e+01
1.479609999999999914e+01
1.601640000000000086e+01
1.635360000000000014e+01
1.635360000000000014e+01
1.571400000000000041e+01
1.479609999999999914e+01
1.479609999999999914e+01
1.479609999999999914e+01
1.520110000000000028e+01
1.569130000000000003e+01
1.479609999999999914e+01
1.628579999999999828e+01
1.529609999999999914e+01
1.517319999999999958e+01
1.479609999999999914e+01
1.634880000000000067e+01
1.576040000000000063e+01
1.479609999999999914e+01
1.609349999999999881e+01
1.519159999999999933e+01
1.546219999999999928e+01
1.635360000000000014e+01
1.479609999999999914e+01
1.539939999999999998e+01
1.483709999999999951e+01
1.514400000000000013e+01
1.635360000000000014e+01
1.479609999999999914e+01
1.615309999999999846e+01
1.527130000000000010e+01
1.497569999999999979e+01
