2.582359999999999900e+01
2.494239999999999924e+01
2.540279999999999916e+01
2.358170000000000144e+01
2.303030000000000044e+01
2.284939999999999927e+01
2.357179999999999964e+01
2.294359999999999999e+01
2.101699999999999946e+01
2.042360000000000042e+01
1.921199999999999974e+01
2.016039999999999921e+01
1.873549999999999827e+01
1.973659999999999926e+01
1.752009999999999934e+01
1.716319999999999979e+01
1.795100000000000051e+01
1.653059999999999974e+01
1.712930000000000064e+01
1.756009999999999849e+01
1.621859999999999857e+01
1.710190000000000055e+01
1.582620000000000005e+01
1.651559999999999917e+01
1.540049999999999919e+01
1.659979999999999833e+01
1.562250000000000050e+01
1.565329999999999977e+01
1.529229999999999912e+01
1.623570000000000135e+01
1.552239999999999931e+01
1.513840000000000074e+01
1.515140000000000065e+01
1.602390000000000114e+01
1.650090000000000146e+01
1.575680000000000014e+01
1.541859999999999964e+01
1.499489999999999945e+01
1.619419999999999860e+01
1.492939999999999934e+01
1.650090000000000146e+01
1.569500000000000028e+01
1.524660000000000082e+01
1.589179999999999993e+01
1.613710000000000022e+01
1.592249999999999943e+01
1.492939999999999934e+01
1.510929999999999929e+01
1.554729999999999990e+01
1.582160000000000011e+01
1.643969999999999843e+01
1.565080000000000027e+01
1.553470000000000084e+01
1.522840000000000060e+01
1.623629999999999995e+01
1.607890000000000086e+01
1.512250000000000050e+01
1.492939999999999934e+01
1.650090000000000146e+01
1.650090000000000146e+01
1.537369999999999948e+01
1.555930000000000035e+01
1.628249999999999886e+01
1.609400000000000119e+01
1.629879999999999995e+01
1.492939999999999934e+01
1.533360000000000056e+01
1.538199999999999967e+01
1.591119999999999912e+01
1.492939999999999934e+01
1.501600000000000001e+01
1.530320000000000036e+01
1.492939999999999934e+01
1.650090000000000146e+01
1.524530000000000030e+01
1.501829999999999998e+01
1.623639999999999972e+01
1.568270000000000053e+01
1.650090000000000146e+01
1.587270000000000003e+01
1.622690000000000055e+01
1.556939999999999991e+01
1.533239999999999981e+01
1.570030000000000037e+01
1.650090000000000146e+01
1.622950000000000159e+01
1.509200000000000053e+01
1.620660000000000167e+01
1.517789999999999928e+01
1.650090000000000146e+01
1.592210000000000036e+01
1.492939999999999934e+01
1.525270000000000081e+01
1.492939999999999934e+01
1.604350000000000165e+01
1.550699999999999967e+01
1.647319999999999851e+01
1.605320000000000036e+01
1.650090000000000146e+01
1.588649999999999984e+01
