2.529220000000000113e+01
2.636250000000000071e+01
2.370009999999999906e+01
2.294379999999999953e+01
2.444460000000000122e+01
2.342470000000000141e+01
2.083429999999999893e+01
2.174759999999999849e+01
2.142660000000000053e+01
1.896349999999999980e+01
1.839300000000000068e+01
1.855209999999999937e+01
1.733160000000000167e+01
1.684069999999999823e+01
1.709329999999999927e+01
1.593849999999999945e+01
1.710650000000000048e+01
1.570780000000000065e+01
1.478420000000000023e+01
1.470240000000000080e+01
1.414739999999999931e+01
1.432799999999999940e+01
1.375849999999999973e+01
1.480070000000000086e+01
1.370509999999999984e+01
1.439010000000000034e+01
1.287369999999999948e+01
1.324230000000000018e+01
1.329920000000000080e+01
1.392089999999999961e+01
1.255530000000000079e+01
1.291549999999999976e+01
1.351069999999999993e+01
1.254199999999999982e+01
1.319979999999999976e+01
1.283559999999999945e+01
1.346299999999999919e+01
1.374820000000000064e+01
1.386219999999999963e+01
1.330109999999999992e+01
1.254199999999999982e+01
1.254199999999999982e+01
1.361599999999999966e+01
1.386219999999999963e+01
1.386219999999999963e+01
1.272339999999999982e+01
1.266580000000000084e+01
1.287320000000000064e+01
1.357310000000000016e+01
1.302130000000000010e+01
1.328930000000000078e+01
1.277890000000000015e+01
1.269229999999999947e+01
1.254199999999999982e+01
1.285650000000000048e+01
1.254199999999999982e+01
1.348039999999999949e+01
1.360640000000000072e+01
1.386219999999999963e+01
1.361940000000000062e+01
1.296069999999999922e+01
1.259159999999999968e+01
1.304870000000000019e+01
1.343130000000000024e+01
1.350079999999999991e+01
1.254199999999999982e+01
1.386219999999999963e+01
1.377539999999999942e+01
1.320739999999999981e+01
1.319139999999999979e+01
1.254199999999999982e+01
1.270930000000000071e+01
1.333140000000000036e+01
1.386219999999999963e+01
1.280969999999999942e+01
1.254199999999999982e+01
1.340789999999999971e+01
1.386219999999999963e+01
1.291409999999999947e+01
1.254199999999999982e+01
1.264509999999999934e+01
1.334440000000000026e+01
1.265349999999999930e+01
1.308910000000000018e+01
1.273370000000000068e+01
1.383360000000000056e+01
1.258239999999999981e+01
1.254199999999999982e+01
1.254199999999999982e+01
1.254199999999999982e+01
1.268960000000000043e+01
1.254199999999999982e+01
1.386219999999999963e+01
1.282240000000000002e+01
1.359890000000000043e+01
1.254199999999999982e+01
1.347059999999999924e+01
1.328260000000000041e+01
1.355630000000000024e+01
1.386219999999999963e+01
