2.795449999999999946e+01
2.711390000000000100e+01
2.434309999999999974e+01
2.308289999999999864e+01
2.280389999999999873e+01
2.337379999999999924e+01
2.190099999999999980e+01
2.147429999999999950e+01
2.183429999999999893e+01
2.039020000000000010e+01
1.955549999999999855e+01
2.017539999999999978e+01
1.876549999999999940e+01
1.813319999999999865e+01
1.851239999999999952e+01
1.644490000000000052e+01
1.668850000000000122e+01
1.652400000000000091e+01
1.690619999999999834e+01
1.576050000000000040e+01
1.466830000000000034e+01
1.439070000000000071e+01
1.562529999999999930e+01
1.505729999999999968e+01
1.386149999999999949e+01
1.352149999999999963e+01
1.454349999999999987e+01
1.462449999999999939e+01
1.363519999999999932e+01
1.303860000000000063e+01
1.299339999999999939e+01
1.430429999999999957e+01
1.356830000000000069e+01
1.345759999999999934e+01
1.337079999999999913e+01
1.348969999999999914e+01
1.359089999999999954e+01
1.384379999999999988e+01
1.292989999999999995e+01
1.301909999999999989e+01
1.429090000000000060e+01
1.292989999999999995e+01
1.292989999999999995e+01
1.323290000000000077e+01
1.292989999999999995e+01
1.429090000000000060e+01
1.352079999999999949e+01
1.292989999999999995e+01
1.367479999999999940e+01
1.423530000000000051e+01
1.418399999999999928e+01
1.292989999999999995e+01
1.292989999999999995e+01
1.394570000000000043e+01
1.302120000000000033e+01
1.292989999999999995e+01
1.377449999999999974e+01
1.429090000000000060e+01
1.309050000000000047e+01
1.415460000000000029e+01
1.359660000000000046e+01
1.406439999999999912e+01
1.403960000000000008e+01
1.429090000000000060e+01
1.311759999999999948e+01
1.388119999999999976e+01
1.385580000000000034e+01
1.406639999999999979e+01
1.292989999999999995e+01
1.346369999999999933e+01
1.377159999999999940e+01
1.341600000000000037e+01
1.408900000000000041e+01
1.378889999999999993e+01
1.386759999999999948e+01
1.416779999999999973e+01
1.429090000000000060e+01
1.429090000000000060e+01
1.426960000000000051e+01
1.381739999999999924e+01
1.292989999999999995e+01
1.393280000000000030e+01
1.429090000000000060e+01
1.371490000000000009e+01
1.340830000000000055e+01
1.406259999999999977e+01
1.383150000000000013e+01
1.310319999999999929e+01
1.312860000000000049e+01
1.420960000000000001e+01
1.388840000000000074e+01
1.364499999999999957e+01
1.422369999999999912e+01
1.429090000000000060e+01
1.429090000000000060e+01
1.404850000000000065e+01
1.384469999999999956e+01
1.328270000000000017e+01
1.389199999999999946e+01
1.429090000000000060e+01
