2.647459999999999880e+01
2.562069999999999936e+01
2.660050000000000026e+01
2.457280000000000086e+01
2.325240000000000151e+01
2.326500000000000057e+01
2.357229999999999848e+01
2.266150000000000020e+01
2.085129999999999839e+01
2.038230000000000075e+01
2.060810000000000031e+01
2.155460000000000065e+01
2.035450000000000159e+01
2.030689999999999884e+01
1.957689999999999841e+01
1.933589999999999876e+01
1.863050000000000139e+01
1.731960000000000122e+01
1.703920000000000101e+01
1.763810000000000144e+01
1.648689999999999856e+01
1.624759999999999849e+01
1.771460000000000079e+01
1.582649999999999935e+01
1.617650000000000077e+01
1.548189999999999955e+01
1.645649999999999835e+01
1.521390000000000065e+01
1.659299999999999997e+01
1.502250000000000085e+01
1.559989999999999988e+01
1.578800000000000026e+01
1.644519999999999982e+01
1.488269999999999982e+01
1.632900000000000063e+01
1.548569999999999958e+01
1.608350000000000080e+01
1.625459999999999994e+01
1.563940000000000019e+01
1.526789999999999914e+01
1.584570000000000078e+01
1.526140000000000008e+01
1.536400000000000077e+01
1.606360000000000099e+01
1.486940000000000062e+01
1.528480000000000061e+01
1.486940000000000062e+01
1.583660000000000068e+01
1.643459999999999965e+01
1.486940000000000062e+01
1.494810000000000016e+01
1.642320000000000135e+01
1.500639999999999930e+01
1.486940000000000062e+01
1.565659999999999918e+01
1.575300000000000011e+01
1.486940000000000062e+01
1.593030000000000079e+01
1.486940000000000062e+01
1.542709999999999937e+01
1.486940000000000062e+01
1.494710000000000072e+01
1.576720000000000077e+01
1.603450000000000131e+01
1.643459999999999965e+01
1.606180000000000163e+01
1.636899999999999977e+01
1.635350000000000037e+01
1.541539999999999999e+01
1.601790000000000092e+01
1.486940000000000062e+01
1.486940000000000062e+01
1.559580000000000055e+01
1.518989999999999974e+01
1.486940000000000062e+01
1.486940000000000062e+01
1.611380000000000123e+01
1.497409999999999997e+01
1.496320000000000050e+01
1.600840000000000174e+01
1.587579999999999991e+01
1.496819999999999951e+01
1.643459999999999965e+01
1.535249999999999915e+01
1.486940000000000062e+01
1.639939999999999998e+01
1.643459999999999965e+01
1.643459999999999965e+01
1.490090000000000003e+01
1.578819999999999979e+01
1.643459999999999965e+01
1.486940000000000062e+01
1.521560000000000024e+01
1.486940000000000062e+01
1.486940000000000062e+01
1.604019999999999868e+01
1.643459999999999965e+01
1.608210000000000051e+01
1.539789999999999992e+01
1.643459999999999965e+01
