2.795449999999999946e+01
2.683859999999999957e+01
2.490909999999999869e+01
2.314669999999999916e+01
2.352840000000000131e+01
2.336720000000000041e+01
2.343759999999999977e+01
2.065419999999999945e+01
2.175529999999999831e+01
2.086270000000000024e+01
2.040050000000000097e+01
2.036360000000000170e+01
1.866669999999999874e+01
1.930969999999999942e+01
1.855509999999999948e+01
1.689699999999999847e+01
1.700540000000000163e+01
1.644099999999999895e+01
1.672710000000000008e+01
1.522269999999999968e+01
1.600619999999999976e+01
1.545880000000000010e+01
1.430349999999999966e+01
1.554560000000000031e+01
1.517859999999999943e+01
1.365639999999999965e+01
1.449779999999999980e+01
1.393730000000000047e+01
1.361050000000000004e+01
1.391849999999999987e+01
1.440390000000000015e+01
1.352740000000000009e+01
1.350309999999999988e+01
1.410689999999999955e+01
1.348509999999999920e+01
1.321189999999999998e+01
1.369030000000000058e+01
1.429090000000000060e+01
1.428919999999999924e+01
1.380059999999999931e+01
1.367270000000000074e+01
1.403110000000000035e+01
1.304809999999999981e+01
1.368849999999999945e+01
1.400220000000000020e+01
1.292989999999999995e+01
1.372180000000000000e+01
1.429090000000000060e+01
1.394560000000000066e+01
1.429090000000000060e+01
1.364380000000000059e+01
1.322659999999999947e+01
1.315390000000000015e+01
1.292989999999999995e+01
1.360510000000000019e+01
1.292989999999999995e+01
1.412119999999999997e+01
1.321000000000000085e+01
1.292989999999999995e+01
1.429090000000000060e+01
1.406589999999999918e+01
1.368979999999999997e+01
1.334089999999999954e+01
1.359950000000000081e+01
1.429090000000000060e+01
1.292989999999999995e+01
1.328180000000000049e+01
1.292989999999999995e+01
1.292989999999999995e+01
1.292989999999999995e+01
1.292989999999999995e+01
1.322209999999999930e+01
1.382220000000000049e+01
1.315830000000000055e+01
1.341060000000000052e+01
1.424050000000000082e+01
1.323329999999999984e+01
1.360699999999999932e+01
1.376859999999999928e+01
1.429090000000000060e+01
1.382300000000000040e+01
1.313760000000000083e+01
1.317570000000000086e+01
1.429090000000000060e+01
1.429090000000000060e+01
1.311020000000000074e+01
1.429090000000000060e+01
1.301559999999999917e+01
1.403889999999999993e+01
1.414920000000000044e+01
1.361050000000000004e+01
1.292989999999999995e+01
1.292989999999999995e+01
1.299719999999999942e+01
1.401030000000000086e+01
1.429090000000000060e+01
1.331419999999999959e+01
1.372369999999999912e+01
1.357840000000000025e+01
1.378270000000000017e+01
