2.732389999999999830e+01
2.553330000000000055e+01
2.513899999999999935e+01
2.400430000000000064e+01
2.406929999999999836e+01
2.220919999999999916e+01
2.081700000000000017e+01
2.230409999999999826e+01
2.163429999999999964e+01
1.940279999999999916e+01
1.860800000000000054e+01
1.800979999999999848e+01
1.903940000000000055e+01
1.880039999999999978e+01
1.768870000000000076e+01
1.741059999999999874e+01
1.584450000000000003e+01
1.553960000000000008e+01
1.630509999999999948e+01
1.583869999999999933e+01
1.600120000000000076e+01
1.547320000000000029e+01
1.449119999999999919e+01
1.570899999999999963e+01
1.535369999999999990e+01
1.475290000000000035e+01
1.490900000000000070e+01
1.396429999999999971e+01
1.396429999999999971e+01
1.396429999999999971e+01
1.543420000000000059e+01
1.471930000000000049e+01
1.515470000000000006e+01
1.396429999999999971e+01
1.415320000000000000e+01
1.543420000000000059e+01
1.433610000000000007e+01
1.475109999999999921e+01
1.396429999999999971e+01
1.446490000000000009e+01
1.543420000000000059e+01
1.424280000000000079e+01
1.396429999999999971e+01
1.487519999999999953e+01
1.511219999999999963e+01
1.515760000000000041e+01
1.447049999999999947e+01
1.396429999999999971e+01
1.510759999999999970e+01
1.475939999999999941e+01
1.543420000000000059e+01
1.427459999999999951e+01
1.416200000000000081e+01
1.420120000000000005e+01
1.543420000000000059e+01
1.530199999999999960e+01
1.543420000000000059e+01
1.448349999999999937e+01
1.483039999999999914e+01
1.439039999999999964e+01
1.543420000000000059e+01
1.489269999999999960e+01
1.396429999999999971e+01
1.479870000000000019e+01
1.529729999999999990e+01
1.521850000000000058e+01
1.474540000000000006e+01
1.396429999999999971e+01
1.420780000000000065e+01
1.516179999999999950e+01
1.396429999999999971e+01
1.396429999999999971e+01
1.396429999999999971e+01
1.396429999999999971e+01
1.524329999999999963e+01
1.437119999999999997e+01
1.396429999999999971e+01
1.396429999999999971e+01
1.502549999999999919e+01
1.396429999999999971e+01
1.396429999999999971e+01
1.396429999999999971e+01
1.396429999999999971e+01
1.396429999999999971e+01
1.396429999999999971e+01
1.420919999999999916e+01
1.479889999999999972e+01
1.409299999999999997e+01
1.483910000000000018e+01
1.415659999999999918e+01
1.472300000000000075e+01
1.426340000000000074e+01
1.396429999999999971e+01
1.449200000000000088e+01
1.508339999999999925e+01
1.488620000000000054e+01
1.425880000000000081e+01
1.477800000000000047e+01
1.448070000000000057e+01
1.510500000000000043e+01
